1	0.3739
10	2.4617
100	0.0013
1000	0.0255
1001	0.0255
1002	0.021
1003	0.0142
1004	0.0172
1005	0.0142
1006	0.0205
1007	0.0203
1008	0.021
1009	0.0197
101	0.0013
1010	0.0176
1011	0.0176
1012	0.0229
1013	0.0227
1014	0.0227
1015	0.0236
1016	0.0234
1017	0.0234
1018	0.0197
1019	0.02
102	0.1234
1020	1.0342
1021	7.0774
1022	0.0153
1023	0.001
1024	0.0085
1025	0.0916
1026	0.0916
1027	0.0555
1028	0.0052
1029	0.0131
103	0.0013
1030	0.0168
1031	0.019
1032	0.0127
1033	0.0168
1034	1.2789
1035	0.0318
1036	0.0319
1037	0.0318
1038	0.0402
1039	1.0419
104	0.0013
1040	1.0419
1041	1.0419
1042	1.0419
1043	1.0419
1044	1.0419
1045	1.0419
1046	1.0419
1047	1.0419
1048	1.0419
1049	1.0419
105	0.0013
1050	1.0419
1051	1.0419
1052	1.0419
1053	1.0419
1054	1.0419
1055	1.0419
1056	1.0419
1057	1.0419
1058	1.0419
1059	1.0419
106	4.3585
1060	1.0419
1061	1.0419
1062	1.0419
1063	1.0419
1064	1.0419
1065	1.0419
1066	0.0127
1067	0.0127
1068	0.0127
1069	0.0127
107	1.7311
1070	0.0127
1071	0.0127
1072	0.0127
1073	0.0127
1074	0.0127
1075	0.0127
1076	0.0127
1077	0.0127
1078	0.0127
1079	0.0127
108	1.0054
1080	0.0127
1081	0.0127
1082	0.0127
1083	0.0127
1084	0.0127
1085	0.0127
1086	0.0127
1087	0.0127
1088	0.0127
1089	0.0127
109	0.8374
1090	0.0127
1091	0.0127
1092	0.0127
1093	0.0127
1094	0.0127
1095	0.0127
1096	0.0127
1097	0.0051
1098	0.0058
1099	0.0058
11	0.0189
110	0.8374
1100	0.256
1101	0.3164
1102	0.0291
1103	0.0291
1104	0.0291
1105	0.0291
1106	0.0291
1107	0.0291
1108	0.0291
1109	0.0291
111	2.7028
1110	0.0291
1111	0.0291
1112	0.0291
1113	0.0291
1114	0.0291
1115	0.0291
1116	0.0291
1117	0.0291
1118	0.0291
1119	0.0291
112	2.8878
1120	0.0291
1121	0.0291
1122	0.0291
1123	0.0291
1124	0.0291
1125	0.0291
1126	0.0291
1127	0.0291
1128	0.0291
1129	0.0291
113	1.3589
1130	0.0291
1131	0.0291
1132	0.0291
1133	0.0291
1134	0.0291
1135	0.0291
1136	0.0291
1137	0.0291
1138	0.0291
1139	0.0291
114	0.8495
1140	0.0291
1141	0.0291
1142	0.0291
1143	0.0291
1144	0.0291
1145	0.0291
1146	0.0291
1147	0.0291
1148	0.0291
1149	0.0291
115	1.4904
1150	0.0291
1151	0.0291
1152	0.0291
1153	0.0291
1154	0.0291
1155	0.0291
1156	0.0291
1157	0.0291
1158	0.0291
1159	1.0E-4
116	2.2258
1160	3.0E-4
1161	0.0031
1162	3.0E-4
1163	2.0E-4
1164	3.0E-4
1165	3.0E-4
1166	3.0E-4
1167	3.0E-4
1168	1.0E-4
1169	1.0E-4
117	1.0436
1170	1.0E-4
1171	1.0E-4
1172	1.0E-4
1173	1.0E-4
1174	1.0E-4
1175	1.0E-4
1176	1.0E-4
1177	0.008
1178	0.0415
1179	9.0E-4
118	2.0517
1180	9.0E-4
1181	4.0E-4
1182	4.0E-4
1183	4.0E-4
1184	4.0E-4
1185	4.0E-4
1186	4.0E-4
1187	0.0063
1188	0.0064
1189	0.0064
119	5.4648
1190	0.0063
1191	0.0662
1192	0.0662
1193	0.0155
1194	0.0263
1195	0.0163
1196	0.008
1197	0.008
1198	0.0054
1199	0.3706
12	0.6104
120	2.169
1200	0.0054
1201	0.0054
1202	0.0075
1203	0.0054
1204	0.0054
1205	0.0054
1206	0.0054
1207	0.0035
1208	0.0042
1209	0.004
121	2.0022
1210	0.0034
1211	0.0033
1212	0.0033
1213	0.0658
1214	0.0046
1215	0.3617
1216	0.7024
1217	0.3617
1218	0.3617
1219	0.0056
122	2.169
1220	0.0056
1221	3.0E-4
1222	3.0E-4
1223	3.0E-4
1224	3.0E-4
1225	0.0047
1226	0.0047
1227	0.0098
1228	0.0098
1229	0.0098
123	3.3546
1230	0.0098
1231	0.0098
1232	0.0098
1233	0.0098
1234	0.0
1235	0.0
1236	0.0
1237	0.0
1238	0.0
1239	0.0
124	3.0139
1240	0.0
1241	0.0
1242	0.0
1243	0.0
1244	0.0
1245	0.0
1246	0.0
1247	0.0
1248	0.0
1249	0.0
125	3.0291
1250	0.0
1251	0.0
1252	1.0E-4
1253	0.0
1254	1.0E-4
1255	0.0
1256	0.0
1257	0.0
1258	0.0
1259	0.0
126	3.0491
1260	0.0
1261	0.0
1262	0.0
1263	0.0
1264	0.0
1265	2.0E-4
1266	0.0
1267	0.0
1268	0.0
1269	0.013
127	0.9203
1270	0.013
1271	0.013
1272	0.013
1273	0.013
1274	0.013
1275	0.013
1276	0.013
1277	0.013
1278	0.013
1279	0.0108
128	0.9203
1280	0.0108
1281	0.0108
1282	0.0108
1283	0.0108
1284	1.0E-4
1285	1.0E-4
1286	1.0E-4
1287	2.0E-4
1288	0.0228
1289	0.0228
129	0.8683
1290	0.0228
1291	0.0292
1292	0.012
1293	0.0776
1294	0.0776
1295	0.008
1296	0.008
1297	1.0E-4
1298	1.0E-4
1299	1.0E-4
13	0.0192
130	0.8262
1300	0.0032
1301	1.0E-4
1302	1.0E-4
1303	1.0E-4
1304	1.0E-4
1305	0.0029
1306	0.0029
1307	0.0029
1308	1.0E-4
1309	0.0093
131	0.709
1310	3.0E-4
1311	0.0023
1312	0.0023
1313	0.0022
1314	0.0022
1315	0.0022
1316	0.0022
1317	0.0022
1318	0.0022
1319	0.0022
132	10.3948
1320	0.0022
1321	0.0022
1322	0.0022
1323	0.0022
1324	0.0017
1325	0.0017
1326	0.0017
1327	0.0017
1328	0.0017
1329	0.0017
133	0.3616
1330	0.0017
1331	0.0017
1332	0.0017
1333	0.0017
1334	0.0017
1335	0.0017
1336	0.0017
1337	0.0017
1338	0.0017
1339	0.0017
134	0.3298
1340	0.0026
1341	0.0021
1342	0.5889
1343	0.5889
1344	0.0024
1345	0.0331
1346	0.003
1347	0.003
1348	0.003
1349	0.003
135	0.3948
1350	0.003
1351	0.003
1352	0.003
1353	0.003
1354	0.003
1355	0.003
1356	0.003
1357	0.003
1358	0.003
1359	0.003
136	0.4206
1360	0.003
1361	0.003
1362	0.014
1363	0.033
1364	0.033
1365	0.0023
1366	0.0022
1367	0.0023
1368	0.0023
1369	0.0023
137	0.4504
1370	7.4355
1371	0.4694
1372	0.1381
1373	0.1959
1374	0.2669
1375	0.1637
1376	0.09
1377	0.09
1378	0.0214
1379	3.4356
138	0.6735
1380	0.0168
1381	0.0314
1382	0.0104
1383	0.0104
1384	0.0104
1385	0.0104
1386	0.0104
1387	0.0104
1388	0.0104
1389	0.0104
139	0.1281
1390	0.0014
1391	0.0015
1392	2.0E-4
1393	2.0E-4
1394	2.0E-4
1395	2.0E-4
1396	0.0021
1397	0.0021
1398	0.0397
1399	0.0021
14	1.1321
140	0.1302
1400	0.0021
1401	0.0021
1402	2.0E-4
1403	0.0012
1404	0.0011
1405	0.0011
1406	2.0E-4
1407	2.0E-4
1408	0.1101
1409	0.1754
141	0.1089
1410	0.1754
1411	0.1754
1412	0.1754
1413	0.1754
1414	0.1754
1415	0.1754
1416	0.2136
1417	0.2801
1418	0.1754
1419	0.2765
142	0.5368
1420	0.2765
1421	0.1754
1422	0.033
1423	0.033
1424	0.0398
1425	0.0516
1426	0.0368
1427	0.0576
1428	0.0398
1429	0.0398
143	0.6581
1430	0.0344
1431	0.033
1432	0.033
1433	0.0825
1434	0.0825
1435	0.0825
1436	0.0825
1437	0.0825
1438	0.0027
1439	0.0027
144	0.1638
1440	0.0063
1441	0.0219
1442	0.0131
1443	1.3933
1444	0.0059
1445	0.0015
1446	0.0025
1447	0.0025
1448	0.0025
1449	0.0025
145	1.2
1450	0.0025
1451	0.0025
1452	0.0025
1453	0.0025
1454	0.0025
1455	0.0025
1456	0.0025
1457	0.0063
1458	0.0027
1459	0.0046
146	0.1089
1460	0.0057
1461	0.0642
1462	0.0639
1463	0.0642
1464	0.0639
1465	0.0639
1466	0.0642
1467	4.0698
1468	0.003
1469	0.0455
147	0.1089
1470	0.0455
1471	0.0455
1472	0.0487
1473	0.0234
1474	0.0234
1475	0.0234
1476	0.0234
1477	0.0234
1478	0.0234
1479	0.0234
148	0.6856
1480	0.0234
1481	0.0234
1482	0.0234
1483	0.0111
1484	0.0111
1485	0.0111
1486	0.0111
1487	0.2109
1488	0.1474
1489	0.2109
149	0.143
1490	0.1474
1491	0.1023
1492	0.1023
1493	0.1045
1494	0.1205
1495	0.0256
1496	0.0256
1497	0.0256
1498	0.0256
1499	0.1045
15	0.0258
150	0.1718
1500	0.0256
1501	0.0256
1502	0.0865
1503	0.0865
1504	0.0256
1505	0.1045
1506	0.0891
1507	0.9051
1508	0.079
1509	0.0251
151	0.302
1510	0.0251
1511	0.0251
1512	0.0251
1513	0.0251
1514	0.0251
1515	0.0251
1516	0.0251
1517	0.0039
1518	0.0295
1519	0.0422
152	0.0989
1520	0.0124
1521	0.0124
1522	0.0124
1523	0.0124
1524	0.0124
1525	0.0124
1526	0.0124
1527	0.0238
1528	0.0238
1529	0.0199
153	0.3003
1530	0.0165
1531	0.0144
1532	0.0124
1533	0.2864
1534	5.0E-4
1535	0.0012
1536	0.0012
1537	0.0052
1538	0.8237
1539	1.5215
154	0.0047
1540	1.7256
1541	1.8571
1542	0.8237
1543	0.0088
1544	3.0E-4
1545	3.0E-4
1546	3.0E-4
1547	3.0E-4
1548	3.0E-4
1549	3.0E-4
155	0.7855
1550	3.0E-4
1551	0.0044
1552	0.0021
1553	0.0127
1554	0.0127
1555	0.0127
1556	0.0127
1557	0.0127
1558	0.0127
1559	0.0127
156	0.2751
1560	0.0127
1561	0.0012
1562	0.0012
1563	0.0012
1564	0.0134
1565	5.0E-4
1566	2.0E-4
1567	2.0E-4
1568	2.0E-4
1569	2.0E-4
157	0.8058
1570	2.0E-4
1571	2.0E-4
1572	2.0E-4
1573	2.0E-4
1574	2.0E-4
1575	2.0E-4
1576	2.0E-4
1577	2.0E-4
1578	2.0E-4
1579	2.0E-4
158	0.9641
1580	2.0E-4
1581	2.0E-4
1582	2.0E-4
1583	2.0E-4
1584	2.0E-4
1585	2.0E-4
1586	2.0E-4
1587	2.0E-4
1588	2.0E-4
1589	0.001
159	0.8058
1590	8.0E-4
1591	8.0E-4
1592	3.0E-4
1593	3.0E-4
1594	3.0E-4
1595	3.0E-4
1596	3.0E-4
1597	3.0E-4
1598	3.0E-4
1599	3.0E-4
16	5.1456
160	0.8702
1600	3.0E-4
1601	3.0E-4
1602	0.0129
1603	0.0129
1604	0.0129
1605	0.0129
1606	0.0129
1607	0.0031
1608	0.1375
1609	0.1375
161	0.8316
1610	0.1375
1611	0.1375
1612	0.1375
1613	0.1375
1614	0.0075
1615	0.0075
1616	0.0075
1617	0.0075
1618	0.0075
1619	1.0E-4
162	0.8058
1620	0.159
1621	0.1204
1622	0.1204
1623	0.1204
1624	0.1204
1625	0.1204
1626	0.0072
1627	0.0072
1628	0.0072
1629	0.0072
163	0.7855
1630	0.0072
1631	0.0072
1632	0.0072
1633	0.0072
1634	0.0133
1635	0.0072
1636	0.0072
1637	0.0072
1638	0.0072
1639	0.005
164	0.4501
1640	0.0065
1641	0.0065
1642	0.0061
1643	0.0061
1644	0.0065
1645	0.008
1646	0.0065
1647	0.0065
1648	0.005
1649	0.005
165	0.7855
1650	0.0068
1651	0.0068
1652	0.0068
1653	0.0068
1654	0.0068
1655	0.0068
1656	0.0068
1657	0.0071
1658	0.0071
1659	0.0071
166	0.829
1660	0.0071
1661	0.0071
1662	0.0071
1663	0.0071
1664	0.0071
1665	0.4663
1666	0.8398
1667	0.4663
1668	0.4663
1669	0.0233
167	0.7855
1670	0.0233
1671	0.0577
1672	0.0233
1673	0.0233
1674	0.0233
1675	0.0233
1676	0.0233
1677	0.0233
1678	8.5377
1679	0.0624
168	0.6173
1680	0.0185
1681	0.0047
1682	0.0047
1683	0.0273
1684	0.0047
1685	0.0047
1686	0.0047
1687	0.0021
1688	0.021
1689	0.0021
169	0.6173
1690	0.0021
1691	0.0021
1692	0.0021
1693	0.0021
1694	0.0021
1695	0.0021
1696	0.0027
1697	0.0027
1698	0.0027
1699	0.0027
17	0.0215
170	0.6173
1700	0.0024
1701	0.0024
1702	0.0024
1703	0.0024
1704	0.0024
1705	0.0024
1706	0.0128
1707	0.0027
1708	0.0027
1709	0.0027
171	0.6194
1710	0.0027
1711	0.0027
1712	0.0027
1713	0.0027
1714	0.0027
1715	0.0027
1716	0.0027
1717	0.0027
1718	0.0027
1719	0.0027
172	0.6173
1720	0.0027
1721	0.0027
1722	0.0027
1723	0.0051
1724	0.0051
1725	0.0051
1726	0.0051
1727	0.0051
1728	0.0051
1729	0.0051
173	0.6058
1730	0.0051
1731	0.0051
1732	0.0051
1733	0.0051
1734	0.0051
1735	0.0051
1736	0.0051
1737	0.0027
1738	0.0027
1739	0.0027
174	0.6285
1740	0.0027
1741	0.0051
1742	0.0051
1743	0.0051
1744	0.0051
1745	0.0051
1746	0.0051
1747	0.0051
1748	0.0051
1749	0.0051
175	0.8515
1750	0.0082
1751	0.0082
1752	0.0082
1753	0.0082
1754	0.0082
1755	0.0082
1756	0.0082
1757	0.0082
1758	0.0082
1759	0.0082
176	0.9254
1760	0.0449
1761	0.0596
1762	0.0596
1763	0.0596
1764	0.1638
1765	0.1638
1766	0.0067
1767	0.0067
1768	0.0067
1769	0.0067
177	0.6589
1770	0.0067
1771	0.0067
1772	0.0055
1773	0.0055
1774	0.0055
1775	0.0055
1776	0.0055
1777	0.0055
1778	0.0055
1779	0.0055
178	0.1473
1780	0.0055
1781	0.0055
1782	0.0053
1783	0.0053
1784	0.0053
1785	0.0053
1786	0.0053
1787	0.0053
1788	0.0053
1789	0.0139
179	0.3205
1790	0.0139
1791	0.0064
1792	0.0064
1793	0.0064
1794	0.0064
1795	0.0064
1796	0.0064
1797	0.0064
1798	0.0071
1799	0.0071
18	0.8058
180	0.2911
1800	0.0071
1801	0.0071
1802	0.0071
1803	0.0071
1804	0.0071
1805	0.0071
1806	0.0071
1807	0.0071
1808	0.0071
1809	0.0071
181	0.2935
1810	0.0071
1811	0.0071
1812	0.0071
1813	0.0071
1814	0.0071
1815	0.0093
1816	0.0093
1817	0.0086
1818	0.1209
1819	0.5778
182	0.1738
1820	0.0319
1821	0.0371
1822	0.0319
1823	0.2516
1824	0.2516
1825	0.2516
1826	0.2516
1827	0.2516
1828	0.2516
1829	0.2516
183	0.2911
1830	0.3087
1831	0.408
1832	0.2516
1833	0.4025
1834	0.4025
1835	0.2516
1836	0.1423
1837	0.0716
1838	0.2369
1839	0.2825
184	0.2974
1840	0.2825
1841	0.2284
1842	0.2024
1843	0.2024
1844	0.2024
1845	0.2024
1846	0.2024
1847	0.2024
1848	0.2024
1849	0.1062
185	0.2908
1850	0.1062
1851	0.1227
1852	0.1062
1853	0.0802
1854	1.0E-4
1855	0.0
1856	0.0
1857	0.0
1858	0.0
1859	0.0
186	0.294
1860	0.0077
1861	0.0162
1862	0.0162
1863	0.0168
1864	0.0
1865	0.0
1866	0.0
1867	9.0E-4
1868	9.0E-4
1869	0.0
187	0.2932
1870	2.0E-4
1871	1.2021
1872	4.3221
1873	4.7032
1874	1.0988
1875	5.6652
1876	3.8162
1877	5.6652
1878	5.7159
1879	0.2219
188	0.2908
1880	0.2219
1881	0.2219
1882	0.2219
1883	5.0712
1884	0.1148
1885	0.1148
1886	0.1148
1887	0.1148
1888	0.1148
1889	0.1148
189	0.3524
1890	0.1148
1891	0.1148
1892	0.1148
1893	0.1148
1894	0.1148
1895	0.1148
1896	0.0
1897	0.0
1898	0.0
1899	0.0
19	1.3988
190	0.016
1900	0.0
1901	0.0
1902	0.0
1903	0.0
1904	0.0
1905	0.0
1906	0.0
1907	0.0
1908	0.0
1909	0.0
191	0.0207
1910	0.0
1911	0.0
1912	0.0
1913	0.0
1914	0.0
1915	0.0
1916	0.0
1917	0.0
1918	0.0
1919	0.0
192	0.5413
1920	0.0
1921	0.0
1922	0.0
1923	0.0
1924	0.0
1925	0.0
1926	0.0
1927	0.0
1928	0.0
1929	0.0
193	4.3781
1930	0.0
1931	0.0
1932	0.0
1933	0.0
1934	0.0
1935	0.0
1936	0.0
1937	0.0
1938	0.0
1939	0.0
194	1.2727
1940	0.0
1941	0.0
1942	0.0
1943	0.0
1944	0.0
1945	0.0
1946	0.0
1947	0.0
1948	0.0
1949	0.0
195	1.8211
1950	0.0
1951	0.0
1952	0.0
1953	0.0
1954	0.0
1955	0.0
1956	0.0
1957	0.0
1958	0.0
1959	0.0
196	1.6993
1960	0.0
1961	0.0
1962	0.0
1963	0.0
1964	0.0
1965	0.0
1966	0.0
1967	0.0
1968	0.0
1969	0.0
197	1.1884
1970	0.0
1971	0.0
1972	0.0
1973	0.0
1974	0.0
1975	0.0
1976	0.0
1977	0.0
1978	0.0
1979	0.0
198	1.4732
1980	0.0
1981	0.0
1982	0.0
1983	0.0
1984	0.0
1985	0.0
1986	0.0
1987	0.0
1988	0.0
1989	0.0
199	1.6933
1990	0.0
1991	0.0
1992	0.0
1993	0.0
1994	0.0
1995	1.0063
1996	0.0
1997	0.0
1998	0.0
1999	0.0
2	49.7358
20	2.9372
200	2.7364
2000	0.0
2001	0.0
2002	0.0
2003	0.0
2004	0.0
2005	0.0
2006	0.0
2007	0.0
2008	0.0
2009	0.0
201	3.0852
2010	0.0
2011	0.0
2012	0.0
2013	0.0
2014	0.0
2015	0.0
2016	0.0
2017	0.0
2018	0.0
2019	0.0
202	3.1647
2020	0.0
2021	0.0
2022	0.0
2023	0.0
2024	0.0
2025	0.0
2026	0.0
2027	0.0
2028	0.0
2029	0.0
203	1.0265
2030	0.0
2031	0.0
2032	0.0
2033	0.0
2034	0.0
2035	0.0
2036	0.0
2037	0.0
2038	0.0
2039	0.0
204	1.3427
2040	0.0
2041	0.0
2042	0.0
2043	0.0
2044	0.0
2045	0.0
2046	0.0
2047	0.0
2048	0.0
2049	0.0
205	1.2238
2050	0.0
2051	0.0
2052	0.0
2053	0.0
2054	0.0
2055	0.0
2056	0.0
2057	0.0
2058	0.0
2059	0.0
206	0.9925
2060	0.0
2061	0.0
2062	0.0
2063	0.0
2064	0.0
2065	0.0
2066	0.0
2067	0.0
2068	0.0
2069	0.0
207	0.204
2070	0.0
2071	0.0
2072	0.0
2073	0.0
2074	0.0
2075	0.0
2076	0.0
2077	0.0
2078	0.0
2079	0.0
208	0.2127
2080	0.2677
2081	0.1976
2082	0.2677
2083	0.1976
2084	0.1468
2085	0.17
2086	0.0349
2087	0.0349
2088	0.0349
2089	0.0349
209	0.544
2090	0.1468
2091	0.0349
2092	0.0349
2093	0.106
2094	0.106
2095	0.0349
2096	0.1468
2097	0.105
2098	0.6076
2099	0.1119
21	1.3349
210	0.4556
2100	8.5375
2101	0.0548
2102	0.0072
2103	0.414
2104	0.0011
2105	0.0087
2106	0.0087
2107	0.0027
2108	0.0027
2109	0.0027
211	0.3417
2110	0.0027
2111	0.0027
2112	0.0027
2113	0.0027
2114	0.0027
2115	0.0035
2116	0.0027
2117	0.0027
2118	0.0027
2119	0.0027
212	4.0492
2120	0.0027
2121	0.0027
2122	0.0027
2123	0.0027
2124	0.0027
2125	0.057
2126	0.057
2127	0.1766
2128	0.4487
2129	0.1766
213	3.1171
2130	0.1766
2131	0.1766
2132	0.0379
2133	0.0379
2134	0.0379
2135	0.0379
2136	0.0379
2137	0.0743
2138	0.0743
2139	0.0838
214	3.3176
2140	0.0743
2141	0.0743
2142	0.0743
2143	0.0743
2144	0.9689
2145	1.1634
2146	0.9401
2147	0.9401
2148	0.9689
2149	0.002
215	3.2724
2150	0.002
2151	0.002
2152	0.002
2153	0.002
2154	0.002
2155	0.002
2156	0.002
2157	0.002
2158	0.002
2159	0.0031
216	3.1054
2160	0.0031
2161	0.0031
2162	0.0031
2163	0.0031
2164	0.0031
2165	0.0031
2166	0.0031
2167	0.0022
2168	0.0022
2169	0.0022
217	3.6665
2170	0.0022
2171	0.1659
2172	2.6015
2173	0.0022
2174	0.0022
2175	0.0022
2176	0.0022
2177	0.0022
2178	0.0022
2179	0.0022
218	1.984
2180	0.0021
2181	0.0021
2182	0.0021
2183	0.0021
2184	0.0021
2185	0.0021
2186	0.0021
2187	0.0021
2188	0.0021
2189	0.0021
219	0.4416
2190	0.0021
2191	0.0021
2192	0.0021
2193	1.0332
2194	1.0119
2195	1.0119
2196	1.0332
2197	1.0332
2198	0.9682
2199	0.0631
22	0.0189
220	0.469
2200	0.0631
2201	0.0631
2202	0.0631
2203	0.0631
2204	0.0631
2205	0.0631
2206	0.0631
2207	0.0631
2208	0.0631
2209	0.0292
221	0.1725
2210	0.0021
2211	0.0077
2212	0.0188
2213	0.0063
2214	0.0038
2215	0.0054
2216	0.0021
2217	0.0021
2218	0.0024
2219	0.0066
222	0.1725
2220	0.0024
2221	0.0052
2222	0.0107
2223	0.0024
2224	0.0024
2225	0.0042
2226	0.0042
2227	0.0042
2228	0.0042
2229	0.0083
223	0.0082
2230	0.0056
2231	0.0028
2232	0.0028
2233	0.0028
2234	0.0028
2235	0.0056
2236	0.0139
2237	0.0056
2238	0.0083
2239	0.0083
224	2.8685
2240	0.0083
2241	0.0056
2242	0.0056
2243	0.0056
2244	0.0083
2245	0.0083
2246	0.0042
2247	0.0042
2248	0.0042
2249	0.0058
225	0.1179
2250	0.0017
2251	0.0017
2252	0.0017
2253	0.0017
2254	0.0017
2255	0.0017
2256	0.0017
2257	0.0017
2258	0.0125
2259	0.0042
226	0.1192
2260	0.0056
2261	0.0083
2262	0.0056
2263	0.0083
2264	0.0033
2265	0.0033
2266	0.0033
2267	0.0061
2268	0.0125
2269	0.0028
227	0.1114
2270	0.0033
2271	0.0033
2272	0.0033
2273	0.0033
2274	0.0033
2275	0.0083
2276	0.0083
2277	0.0083
2278	0.0083
2279	0.0056
228	0.1179
2280	0.0056
2281	0.0083
2282	0.0139
2283	0.0195
2284	0.0056
2285	0.0033
2286	0.0033
2287	0.0033
2288	0.0033
2289	0.0033
229	0.1447
2290	0.0167
2291	0.0042
2292	0.0042
2293	0.0042
2294	0.0083
2295	0.0083
2296	0.0083
2297	0.0083
2298	0.0021
2299	0.0021
23	0.1279
230	0.1179
2300	0.0021
2301	0.0021
2302	0.0021
2303	0.0021
2304	0.0021
2305	0.0021
2306	3.0E-4
2307	3.0E-4
2308	3.0E-4
2309	3.0E-4
231	0.4446
2310	1.0E-4
2311	1.0E-4
2312	1.0E-4
2313	1.0E-4
2314	1.0E-4
2315	1.0E-4
2316	1.0E-4
2317	1.0E-4
2318	1.0E-4
2319	1.0E-4
232	0.317
2320	1.0E-4
2321	1.0E-4
2322	1.0E-4
2323	1.0E-4
2324	1.0E-4
2325	1.0E-4
2326	1.0E-4
2327	1.0E-4
2328	2.0E-4
2329	1.0E-4
233	0.317
2330	2.0E-4
2331	1.0E-4
2332	1.0E-4
2333	1.0E-4
2334	1.0E-4
2335	1.0E-4
2336	1.0E-4
2337	2.0E-4
2338	1.0E-4
2339	1.0E-4
234	0.317
2340	1.0E-4
2341	1.0E-4
2342	1.0E-4
2343	1.0E-4
2344	2.0E-4
2345	1.0E-4
2346	1.0E-4
2347	1.0E-4
2348	1.0E-4
2349	1.0E-4
235	0.5714
2350	1.0E-4
2351	1.0E-4
2352	1.0E-4
2353	1.0E-4
2354	0.0021
2355	4.0E-4
2356	4.0E-4
2357	4.0E-4
2358	4.0E-4
2359	2.0E-4
236	0.6161
2360	2.0E-4
2361	2.0E-4
2362	0.1145
2363	0.3407
2364	0.0
2365	2.0E-4
2366	2.0E-4
2367	0.0
2368	0.0
2369	0.0
237	0.317
2370	0.0015
2371	0.0015
2372	1.0E-4
2373	1.0E-4
2374	1.0E-4
2375	1.0E-4
2376	1.0E-4
2377	5.0E-4
2378	6.0E-4
2379	6.0E-4
238	0.317
2380	6.0E-4
2381	6.0E-4
2382	6.0E-4
2383	6.0E-4
2384	6.0E-4
2385	0.001
2386	3.0E-4
2387	3.0E-4
2388	3.0E-4
2389	3.0E-4
239	0.317
2390	3.0E-4
2391	3.0E-4
2392	3.0E-4
2393	3.0E-4
2394	3.0E-4
2395	3.0E-4
2396	3.0E-4
2397	3.0E-4
2398	3.0E-4
2399	3.0E-4
24	0.0249
240	1.035
2400	3.0E-4
2401	3.0E-4
2402	0.0738
2403	3.0E-4
2404	3.0E-4
2405	3.0E-4
2406	3.0E-4
2407	3.0E-4
2408	3.0E-4
2409	3.0E-4
241	0.3297
2410	3.0E-4
2411	3.0E-4
2412	3.0E-4
2413	3.0E-4
2414	3.0E-4
2415	3.0E-4
2416	3.0E-4
2417	0.0015
2418	0.0015
2419	0.0015
242	0.7415
2420	6.0E-4
2421	6.0E-4
2422	6.0E-4
2423	6.0E-4
2424	6.0E-4
2425	6.0E-4
2426	6.0E-4
2427	1.0E-4
2428	1.0E-4
2429	1.0E-4
243	0.317
2430	1.0E-4
2431	1.0E-4
2432	1.0E-4
2433	1.0E-4
2434	1.0E-4
2435	1.0E-4
2436	1.0E-4
2437	1.0E-4
2438	1.0E-4
2439	1.0E-4
244	0.5254
2440	1.0E-4
2441	0.0
2442	0.0
2443	0.0
2444	0.0
2445	0.0
2446	0.0
2447	0.0
2448	0.0
2449	0.0
245	0.5254
2450	1.0E-4
2451	0.0
2452	0.0592
2453	0.0359
2454	0.0359
2455	0.015
2456	0.0359
2457	0.0382
2458	0.0359
2459	0.015
246	0.4394
2460	0.0075
2461	0.0075
2462	0.0075
2463	0.0075
2464	0.0075
2465	0.0075
2466	0.0075
2467	0.0075
2468	0.0075
2469	0.0075
247	0.317
2470	0.0075
2471	0.0075
2472	0.0075
2473	0.0075
2474	0.0075
2475	0.0075
2476	0.0075
2477	0.0075
2478	0.0075
2479	0.0075
248	2.4625
2480	0.0075
2481	0.0075
2482	0.0419
2483	0.0233
2484	0.0233
2485	0.0848
2486	0.0848
2487	0.0087
2488	0.0087
2489	0.0087
249	1.4899
2490	0.0087
2491	0.0087
2492	0.0087
2493	0.0087
2494	0.0087
2495	0.0087
2496	0.0087
2497	0.0087
2498	0.0087
2499	0.0087
25	0.0189
250	0.4279
2500	0.0087
2501	0.0087
2502	0.0087
2503	0.0087
2504	0.0087
2505	0.0087
2506	0.0087
2507	0.0087
2508	0.0087
2509	0.0087
251	0.449
2510	0.0229
2511	0.0178
2512	0.0178
2513	0.0178
2514	0.0178
2515	0.0051
2516	0.0051
2517	0.0051
2518	0.0055
2519	0.0055
252	0.9296
2520	0.0055
2521	0.0055
2522	0.0055
2523	0.0055
2524	0.0169
2525	0.0055
2526	0.0055
2527	0.0055
2528	0.0055
2529	0.0055
253	0.3382
2530	0.0055
2531	0.0055
2532	0.0075
2533	0.0075
2534	0.0075
2535	0.0087
2536	0.2842
2537	0.7154
2538	0.7154
2539	0.2842
254	0.5157
2540	0.002
2541	0.002
2542	0.002
2543	0.002
2544	8.0E-4
2545	8.0E-4
2546	0.0012
2547	0.0019
2548	0.0019
2549	0.0019
255	0.6568
2550	0.0019
2551	0.2561
2552	0.2561
2553	0.2561
2554	0.2561
2555	5.0E-4
2556	5.0E-4
2557	5.0E-4
2558	5.0E-4
2559	5.0E-4
256	0.6074
2560	5.0E-4
2561	5.0E-4
2562	5.0E-4
2563	0.1474
2564	0.0037
2565	0.0037
2566	0.0037
2567	0.0037
2568	0.0037
2569	0.0011
257	0.7574
2570	0.0011
2571	0.0011
2572	0.0011
2573	0.0011
2574	0.0011
2575	0.0011
2576	0.0011
2577	0.0011
2578	0.0011
2579	0.0011
258	1.6484
2580	0.0011
2581	0.0011
2582	0.0011
2583	0.0011
2584	0.0011
2585	0.0011
2586	0.0092
2587	0.0092
2588	0.0707
2589	0.0159
259	1.6484
2590	0.0159
2591	0.0159
2592	0.0178
2593	0.0178
2594	0.0178
2595	0.0178
2596	0.0178
2597	0.0178
2598	0.132
2599	0.0073
26	2.2049
260	1.6484
2600	0.0073
2601	0.0073
2602	0.0073
2603	0.0073
2604	0.004
2605	0.004
2606	0.004
2607	0.004
2608	0.004
2609	0.004
261	0.1821
2610	0.0034
2611	0.0034
2612	0.0034
2613	0.0034
2614	0.0034
2615	0.0019
2616	0.0019
2617	0.0021
2618	0.0019
2619	0.0021
262	0.2215
2620	0.0019
2621	0.0019
2622	0.0019
2623	0.0019
2624	0.002
2625	0.002
2626	0.002
2627	0.002
2628	0.002
2629	0.002
263	0.186
2630	1.0E-4
2631	1.0E-4
2632	1.0E-4
2633	1.0E-4
2634	1.0E-4
2635	1.0E-4
2636	1.0E-4
2637	1.0E-4
2638	3.0E-4
2639	1.0E-4
264	0.2179
2640	1.0E-4
2641	1.0E-4
2642	1.0E-4
2643	1.0E-4
2644	1.0E-4
2645	1.0E-4
2646	1.0E-4
2647	1.0E-4
2648	1.0E-4
2649	1.0E-4
265	0.1912
2650	0.0017
2651	0.0017
2652	0.0017
2653	0.0017
2654	0.0017
2655	0.0017
2656	0.0017
2657	0.0017
2658	0.0017
2659	0.0017
266	0.1889
2660	0.0017
2661	0.0017
2662	0.0017
2663	0.0143
2664	0.008
2665	0.008
2666	0.008
2667	0.0048
2668	0.0048
2669	0.0048
267	0.2129
2670	0.0048
2671	1.0703
2672	1.0703
2673	1.0703
2674	1.0703
2675	1.0703
2676	0.0228
2677	2.0E-4
2678	0.0024
2679	0.0024
268	0.2046
2680	0.004
2681	0.0019
2682	0.0019
2683	0.0019
2684	0.0019
2685	2.0E-4
2686	2.0E-4
2687	2.0E-4
2688	2.0E-4
2689	2.0E-4
269	0.186
2690	2.0E-4
2691	2.0E-4
2692	2.0E-4
2693	2.0E-4
2694	2.0E-4
2695	2.0E-4
2696	2.0E-4
2697	2.0E-4
2698	2.0E-4
2699	2.0E-4
27	22.9956
270	0.2075
2700	2.0E-4
2701	2.0E-4
2702	2.0E-4
2703	3.0E-4
2704	2.0E-4
2705	3.0E-4
2706	2.0E-4
2707	2.0E-4
2708	2.0E-4
2709	2.0E-4
271	0.1745
2710	9.0E-4
2711	2.0E-4
2712	2.0E-4
2713	2.0E-4
2714	4.0E-4
2715	5.0E-4
2716	5.0E-4
2717	0.0011
2718	4.0E-4
2719	4.0E-4
272	0.2214
2720	4.0E-4
2721	7.0E-4
2722	7.0E-4
2723	7.0E-4
2724	7.0E-4
2725	8.0E-4
2726	0.0021
2727	0.0064
2728	7.0E-4
2729	7.0E-4
273	0.1884
2730	7.0E-4
2731	7.0E-4
2732	8.0E-4
2733	8.0E-4
2734	8.0E-4
2735	0.3735
2736	0.0013
2737	0.0013
2738	0.0013
2739	0.0013
274	0.18
2740	0.0013
2741	0.0013
2742	0.0013
2743	0.0013
2744	0.0013
2745	0.0013
2746	0.0013
2747	0.0013
2748	0.0013
2749	0.0014
275	0.2094
2750	0.0037
2751	0.0037
2752	0.0042
2753	0.0454
2754	0.0294
2755	0.0294
2756	0.0333
2757	0.5
2758	0.5
2759	0.5
276	0.2231
2760	1.0
2761	1.0
2762	1.0
2763	0.0018
2764	0.0018
2765	0.0018
2766	0.0018
2767	0.0018
2768	0.0018
2769	0.0018
277	0.1929
2770	0.0018
2771	0.1156
2772	0.1156
2773	0.1156
2774	0.1156
2775	0.1156
2776	0.1156
2777	0.1156
2778	0.1156
2779	0.1156
278	0.2167
2780	0.1156
2781	0.1156
2782	0.1156
2783	0.0021
2784	0.0147
2785	0.0147
2786	0.0893
2787	0.142
2788	0.142
2789	0.0094
279	0.1879
2790	0.0094
2791	0.0094
2792	0.0094
2793	0.0094
2794	0.0109
2795	0.0109
2796	0.0122
2797	0.0159
2798	0.2071
2799	0.0053
28	19.07
280	1.1934
2800	0.0053
2801	0.0053
2802	0.0053
2803	0.0053
2804	0.0053
2805	0.0053
2806	0.0053
2807	0.0053
2808	0.0053
2809	0.0053
281	0.1884
2810	0.0053
2811	0.0053
2812	0.0053
2813	0.0053
2814	0.0053
2815	0.0053
2816	0.0053
2817	0.0053
2818	0.0053
2819	0.0053
282	0.1972
2820	0.0053
2821	0.0053
2822	0.0053
2823	0.0053
2824	0.0053
2825	0.0053
2826	0.0053
2827	0.0053
2828	0.0053
2829	0.0053
283	0.1889
2830	0.0053
2831	0.0053
2832	0.0053
2833	0.0053
2834	0.0053
2835	0.0053
2836	0.0053
2837	0.0053
2838	0.0053
2839	0.0053
284	0.1924
2840	0.0053
2841	0.0053
2842	0.0053
2843	0.0053
2844	0.0053
2845	0.0053
2846	0.0053
2847	0.0053
2848	0.0053
2849	0.0053
285	0.1914
2850	0.0053
2851	0.0053
2852	0.0053
2853	0.0053
2854	0.0053
2855	0.0053
2856	0.0053
2857	0.0053
2858	0.0053
2859	0.0053
286	0.186
2860	0.0053
2861	0.0053
2862	0.0053
2863	0.0053
2864	0.0053
2865	0.0053
2866	0.0053
2867	0.0053
2868	0.0053
2869	0.0053
287	0.186
2870	0.0053
2871	0.0053
2872	0.0053
2873	0.0053
2874	0.0053
2875	0.0053
2876	0.0053
2877	0.0053
2878	0.0053
2879	0.0053
288	0.1936
2880	0.0053
2881	0.0053
2882	0.0053
2883	0.0053
2884	0.0053
2885	0.0053
2886	0.0053
2887	0.0053
2888	0.0053
2889	0.0053
289	0.1889
2890	0.0053
2891	0.0053
2892	0.0053
2893	0.0053
2894	0.0053
2895	0.0053
2896	0.0053
2897	0.0053
2898	0.0053
2899	0.0053
29	16.739
290	0.1909
2900	0.0053
2901	0.0053
2902	0.0053
2903	0.0053
2904	0.0053
2905	0.0053
2906	0.0053
2907	0.0053
2908	0.0053
2909	0.0053
291	0.2083
2910	0.0053
2911	0.0053
2912	0.0053
2913	0.0053
2914	0.0053
2915	0.0053
2916	0.0053
2917	0.0053
2918	0.0053
2919	0.0053
292	0.1941
2920	0.0053
2921	0.0053
2922	0.0053
2923	0.0053
2924	0.0053
2925	0.0053
2926	0.0053
2927	0.0053
2928	0.0053
2929	0.0053
293	0.1904
2930	0.0053
2931	0.0053
2932	0.0053
2933	0.0053
2934	0.0053
2935	0.0053
2936	0.0053
2937	0.0053
2938	0.0053
2939	0.0053
294	0.2899
2940	0.0053
2941	0.0053
2942	0.0053
2943	0.0053
2944	0.0053
2945	0.0053
2946	0.0053
2947	0.0053
2948	0.0053
2949	0.0053
295	0.2905
2950	0.0053
2951	0.0053
2952	0.0053
2953	0.0053
2954	0.0053
2955	0.0053
2956	0.0053
2957	0.0053
2958	0.0053
2959	0.0053
296	0.2892
2960	0.0053
2961	0.0053
2962	0.0053
2963	0.0053
2964	0.0053
2965	0.0053
2966	0.0053
2967	0.0053
2968	0.0053
2969	0.0053
297	0.3001
2970	0.0053
2971	0.0053
2972	0.0053
2973	0.0053
2974	0.0053
2975	0.0053
2976	0.0053
2977	0.0053
2978	0.0053
2979	0.0053
298	0.3008
2980	0.0053
2981	0.0053
2982	0.0053
2983	0.0468
2984	0.0052
2985	0.0052
2986	0.0052
2987	0.0052
2988	0.0052
2989	0.0052
299	0.2892
2990	0.0884
2991	0.0536
2992	0.0536
2993	0.0536
2994	0.0223
2995	0.0536
2996	0.0571
2997	0.0536
2998	0.0223
2999	0.0108
3	0.0284
30	5.2281
300	0.7695
3000	0.0108
3001	0.0108
3002	0.0108
3003	0.0108
3004	0.0108
3005	0.0108
3006	0.0108
3007	0.0108
3008	0.0108
3009	0.0108
301	0.2892
3010	0.0108
3011	0.0108
3012	0.0108
3013	0.0108
3014	0.0108
3015	0.0108
3016	0.0108
3017	0.0108
3018	0.0108
3019	0.0108
302	0.6265
3020	0.0108
3021	0.0113
3022	0.0108
3023	0.0108
3024	0.0108
3025	0.0108
3026	0.0626
3027	0.0626
3028	0.0348
3029	0.0348
303	1.3298
3030	0.1325
3031	0.1325
3032	0.013
3033	0.013
3034	0.013
3035	0.013
3036	0.013
3037	0.013
3038	0.013
3039	0.013
304	0.0127
3040	0.013
3041	0.013
3042	0.013
3043	0.013
3044	0.013
3045	0.013
3046	0.013
3047	0.013
3048	0.013
3049	0.013
305	0.0517
3050	0.013
3051	0.013
3052	0.013
3053	0.013
3054	0.013
3055	0.2137
3056	0.1496
3057	0.2137
3058	0.1496
3059	0.026
306	0.0785
3060	0.026
3061	0.026
3062	0.026
3063	0.026
3064	0.026
3065	0.0872
3066	0.0872
3067	0.026
3068	0.0901
3069	0.0165
307	0.0618
3070	0.0165
3071	0.0165
3072	0.0183
3073	0.0183
3074	0.0183
3075	0.0183
3076	0.0183
3077	0.0183
3078	6.0E-4
3079	6.0E-4
308	0.0138
3080	6.0E-4
3081	6.0E-4
3082	6.0E-4
3083	6.0E-4
3084	6.0E-4
3085	6.0E-4
3086	6.0E-4
3087	6.0E-4
3088	1.0328
3089	4.365
309	1.196
3090	0.3574
3091	0.3574
3092	0.3574
3093	0.3574
3094	0.3893
3095	0.7335
3096	0.3574
3097	0.4158
3098	0.645
3099	0.6082
31	3.2197
310	0.8753
3100	0.6082
3101	0.6082
3102	0.425
3103	0.425
3104	0.4618
3105	0.6082
3106	0.6082
3107	0.6223
3108	0.6082
3109	0.7721
311	0.8782
3110	0.6082
3111	2.1405
3112	0.6584
3113	0.5674
3114	0.0848
3115	0.097
3116	0.0848
3117	1.0848
3118	0.0848
3119	0.5192
312	0.91
3120	0.495
3121	0.0124
3122	0.0028
3123	0.0042
3124	0.0028
3125	0.0106
3126	0.0069
3127	0.0069
3128	0.0083
3129	1.0018
313	0.8753
3130	0.0232
3131	0.0232
3132	0.0232
3133	0.0249
3134	0.0249
3135	0.0249
3136	0.0249
3137	0.0249
3138	0.0249
3139	0.1405
314	0.8753
3140	0.1145
3141	0.1145
3142	0.1145
3143	0.1145
3144	0.1145
3145	0.1145
3146	0.1145
3147	0.1145
3148	0.1145
3149	0.1145
315	0.8753
3150	0.1145
3151	0.1145
3152	0.0043
3153	0.0014
3154	0.0014
3155	0.0014
3156	0.5575
3157	0.094
3158	0.0201
3159	0.1162
316	0.8753
3160	0.0201
3161	0.0787
3162	0.0201
3163	5.6206
3164	1.2349
3165	0.0201
3166	0.0201
3167	0.0869
3168	0.0869
3169	0.1656
317	0.8753
3170	0.1717
3171	0.1688
3172	0.1688
3173	0.1717
3174	0.001
3175	0.001
3176	0.001
3177	0.1637
3178	0.1637
3179	0.1637
318	0.8753
3180	0.2308
3181	2.286
3182	2.3841
3183	0.3349
3184	1.3623
3185	0.1637
3186	5.9611
3187	0.2854
3188	3.3842
3189	2.8925
319	0.8753
3190	2.8925
3191	0.241
3192	0.1637
3193	0.1637
3194	0.1637
3195	0.1637
3196	0.2998
3197	0.0
3198	3.0E-4
3199	3.0E-4
32	5.1033
320	1.0617
3200	0.0
3201	0.0
3202	0.0
3203	2.0E-4
3204	2.0E-4
3205	2.0E-4
3206	2.0E-4
3207	2.0E-4
3208	1.0E-4
3209	1.0E-4
321	0.0822
3210	1.0E-4
3211	1.0E-4
3212	1.0E-4
3213	1.0E-4
3214	1.0E-4
3215	1.0E-4
3216	1.0E-4
3217	1.0E-4
3218	1.0E-4
3219	1.0E-4
322	0.0825
3220	9.0403
3221	7.0346
3222	2.3474
3223	5.0278
3224	7.7033
3225	3.9123
3226	6.3658
3227	11.9379
3228	5.6969
3229	3.4657
323	0.0825
3230	0.001
3231	5.0E-4
3232	5.0E-4
3233	0.0376
3234	0.0376
3235	0.0376
3236	0.0108
3237	0.0108
3238	0.1944
3239	0.1382
324	0.1821
3240	0.1382
3241	0.0114
3242	0.0114
3243	0.0114
3244	0.0114
3245	0.0114
3246	0.0114
3247	0.0114
3248	0.0114
3249	0.0114
325	0.0419
3250	0.0114
3251	0.0114
3252	0.0114
3253	0.0114
3254	0.0114
3255	0.0114
3256	0.0114
3257	0.0114
3258	0.0114
3259	0.0114
326	0.0419
3260	0.0114
3261	0.0114
3262	0.0114
3263	0.0114
3264	0.0114
3265	0.0114
3266	0.0114
3267	9.0E-4
3268	1.0E-4
3269	1.0E-4
327	0.0419
3270	1.0E-4
3271	0.0
3272	0.0
3273	0.0
3274	3.5558
3275	0.0
3276	0.0226
3277	0.0226
3278	0.0226
3279	0.0
328	0.0419
3280	0.0
3281	0.0
3282	0.0
3283	0.0
3284	0.0
3285	0.0
3286	0.0
3287	0.0
3288	0.0
3289	0.0
329	0.0419
3290	0.0
3291	0.0
3292	0.0
3293	0.0
3294	0.0
3295	0.0
3296	0.0
3297	0.0
3298	0.0
3299	4.0E-4
33	6.8661
330	0.0419
3300	0.0106
3301	0.0106
3302	0.0106
3303	0.0035
3304	0.0035
3305	0.0035
3306	0.0035
3307	0.0035
3308	0.0035
3309	0.0035
331	0.1241
3310	0.0035
3311	0.0035
3312	0.0035
3313	0.0025
3314	0.0025
3315	0.0025
3316	0.0025
3317	0.0025
3318	0.0025
3319	0.0029
332	0.155
3320	0.0029
3321	0.0037
3322	0.0575
3323	0.0575
3324	0.0575
3325	0.0575
3326	0.0575
3327	0.0575
3328	0.0575
3329	4.0E-4
333	0.0115
3330	4.0E-4
3331	4.0E-4
3332	4.0E-4
3333	4.0E-4
3334	4.0E-4
3335	4.0E-4
3336	4.0E-4
3337	4.0E-4
3338	6.0E-4
3339	9.0E-4
334	0.2309
3340	8.0E-4
3341	3.0E-4
3342	3.0E-4
3343	3.0E-4
3344	3.0E-4
3345	3.0E-4
3346	3.0E-4
3347	3.0E-4
3348	3.0E-4
3349	3.0E-4
335	0.2309
3350	3.0E-4
3351	7.0E-4
3352	7.0E-4
3353	7.0E-4
3354	7.0E-4
3355	7.0E-4
3356	0.0019
3357	2.0E-4
3358	2.0E-4
3359	2.0E-4
336	0.2309
3360	2.0E-4
3361	2.0E-4
3362	1.0E-4
3363	1.0E-4
3364	1.0E-4
3365	3.0E-4
3366	3.0E-4
3367	3.0E-4
3368	3.0E-4
3369	3.0E-4
337	1.0185
3370	3.0E-4
3371	3.0E-4
3372	3.0E-4
3373	3.0E-4
3374	3.0E-4
3375	3.0E-4
3376	3.0E-4
3377	3.0E-4
3378	3.0E-4
3379	3.0E-4
338	1.0185
3380	3.0E-4
3381	3.0E-4
3382	3.0E-4
3383	3.0E-4
3384	3.0E-4
3385	3.0E-4
3386	3.0E-4
3387	3.0E-4
3388	3.0E-4
3389	3.0E-4
339	1.0185
3390	3.0E-4
3391	3.0E-4
3392	7.0E-4
3393	3.0E-4
3394	3.0E-4
3395	3.0E-4
3396	3.0E-4
3397	3.0E-4
3398	3.0E-4
3399	3.0E-4
34	3.3595
340	0.1179
3400	7.0E-4
3401	3.0E-4
3402	3.0E-4
3403	3.0E-4
3404	3.0E-4
3405	3.0E-4
3406	3.0E-4
3407	3.0E-4
3408	3.0E-4
3409	3.0E-4
341	0.1477
3410	3.0E-4
3411	3.0E-4
3412	3.0E-4
3413	3.0E-4
3414	3.0E-4
3415	3.0E-4
3416	3.0E-4
3417	3.0E-4
3418	3.0E-4
3419	3.0E-4
342	0.0082
3420	3.0E-4
3421	3.0E-4
3422	3.0E-4
3423	3.0E-4
3424	3.0E-4
3425	3.0E-4
3426	3.0E-4
3427	3.0E-4
3428	3.0E-4
3429	3.0E-4
343	0.0082
3430	3.0E-4
3431	3.0E-4
3432	3.0E-4
3433	3.0E-4
3434	3.0E-4
3435	3.0E-4
3436	3.0E-4
3437	3.0E-4
3438	3.0E-4
3439	3.0E-4
344	0.269
3440	3.0E-4
3441	3.0E-4
3442	3.0E-4
3443	3.0E-4
3444	3.0E-4
3445	3.0E-4
3446	3.0E-4
3447	3.0E-4
3448	3.0E-4
3449	3.0E-4
345	0.0013
3450	3.0E-4
3451	3.0E-4
3452	3.0E-4
3453	3.0E-4
3454	3.0E-4
3455	3.0E-4
3456	3.0E-4
3457	3.0E-4
3458	3.0E-4
3459	3.0E-4
346	0.0017
3460	3.0E-4
3461	3.0E-4
3462	3.0E-4
3463	3.0E-4
3464	3.0E-4
3465	3.0E-4
3466	3.0E-4
3467	3.0E-4
3468	3.0E-4
3469	3.0E-4
347	0.0017
3470	3.0E-4
3471	0.0044
3472	0.0044
3473	0.0044
3474	0.0044
3475	0.0044
3476	0.0044
3477	0.0044
3478	0.0044
3479	1.0669
348	0.0033
3480	1.0669
3481	1.0669
3482	1.0669
3483	1.0669
3484	1.0669
3485	1.0669
3486	1.0669
3487	1.0669
3488	1.0669
3489	1.0E-4
349	0.0017
3490	6.0E-4
3491	6.0E-4
3492	0.0012
3493	0.0012
3494	0.0012
3495	2.0E-4
3496	2.0E-4
3497	2.0E-4
3498	2.0E-4
3499	2.0E-4
35	3.6441
350	0.0055
3500	3.0E-4
3501	3.0E-4
3502	3.0E-4
3503	3.0E-4
3504	3.0E-4
3505	2.0E-4
3506	2.0E-4
3507	2.0E-4
3508	2.0E-4
3509	2.0E-4
351	0.0016
3510	2.0E-4
3511	0.0348
3512	0.4954
3513	0.0158
3514	2.0101
3515	0.0054
3516	0.0054
3517	0.0199
3518	0.0199
3519	0.0199
352	0.0013
3520	0.002
3521	0.0017
3522	0.002
3523	0.0017
3524	0.0017
3525	0.0017
3526	0.0017
3527	0.0017
3528	0.0017
3529	0.0017
353	0.0013
3530	0.0017
3531	0.0017
3532	0.0084
3533	0.0017
3534	0.0084
3535	0.0017
3536	0.0017
3537	0.0017
3538	0.0017
3539	0.0017
354	0.0013
3540	0.0017
3541	0.0017
3542	0.0017
3543	0.0017
3544	0.0017
3545	0.0017
3546	0.0017
3547	0.0017
3548	0.0017
3549	0.0017
355	0.0013
3550	0.0017
3551	0.0017
3552	0.0017
3553	0.0017
3554	0.0017
3555	0.002
3556	0.0017
3557	0.0017
3558	0.0017
3559	0.0017
356	2.9314
3560	0.0017
3561	0.0017
3562	0.0017
3563	0.0017
3564	0.0066
3565	0.0066
3566	0.0066
3567	0.0066
3568	0.0066
3569	0.0066
357	2.684
3570	0.0066
3571	0.0066
3572	0.0066
3573	0.0066
3574	0.0047
3575	0.0047
3576	0.0047
3577	0.0047
3578	0.0047
3579	0.0047
358	0.3981
3580	0.0053
3581	0.0053
3582	0.0059
3583	0.1322
3584	1.7683
3585	2.0491
3586	2.6905
3587	2.0491
3588	0.0437
3589	0.0437
359	0.7687
3590	0.16
3591	0.0767
3592	0.0767
3593	0.0767
3594	0.0941
3595	0.0941
3596	0.0941
3597	0.0589
3598	0.0941
3599	0.0941
36	7.4744
360	0.3981
3600	0.4835
3601	0.0628
3602	0.4287
3603	0.0873
3604	0.0962
3605	0.3057
3606	0.3057
3607	0.0191
3608	0.0461
3609	0.0191
361	0.3981
3610	0.0461
3611	0.0284
3612	0.0284
3613	1.2257
3614	0.0461
3615	0.1553
3616	0.2046
3617	0.0382
3618	0.0382
3619	0.0382
362	1.1923
3620	0.0382
3621	0.0382
3622	0.0382
3623	0.0382
3624	0.0875
3625	0.0382
3626	0.0818
3627	0.0493
3628	0.0493
3629	0.0493
363	0.0833
3630	0.0493
3631	0.0493
3632	0.0493
3633	0.0493
3634	0.0611
3635	0.0611
3636	0.0611
3637	0.1098
3638	0.0246
3639	0.0246
364	0.0833
3640	0.0246
3641	0.0246
3642	0.0246
3643	2.0283
3644	2.0283
3645	1.9026
3646	1.9026
3647	1.9026
3648	1.9026
3649	0.1009
365	0.1426
3650	0.1009
3651	0.1009
3652	0.1009
3653	0.1009
3654	0.1009
3655	0.1009
3656	0.1009
3657	0.1009
3658	0.1009
3659	0.0316
366	0.0833
3660	0.022
3661	0.022
3662	0.022
3663	0.022
3664	0.864
3665	0.0
3666	0.0
3667	0.0
3668	0.0
3669	0.0
367	0.0833
3670	0.0
3671	0.0
3672	0.0
3673	0.0
3674	0.0
3675	0.0
3676	0.0
3677	0.0
3678	0.0
3679	0.0
368	0.0833
3680	0.0
3681	0.0
3682	0.0
3683	0.0
3684	0.0
3685	0.0
3686	0.0
3687	0.0
3688	0.0
3689	0.0
369	2.2149
3690	0.0
3691	0.0
3692	0.0
3693	0.0
3694	0.0
3695	0.0
3696	0.0
3697	0.0
3698	0.0
3699	0.0
37	32.9118
370	0.0015
3700	6.0E-4
3701	0.0018
3702	0.4957
3703	0.0031
3704	0.098
3705	0.4779
3706	0.269
3707	0.0888
3708	0.0888
3709	0.0555
371	0.0362
3710	0.0448
3711	0.0888
3712	0.045
3713	0.0793
3714	0.0793
3715	0.0793
3716	0.0218
3717	0.0218
3718	0.0868
3719	0.0809
372	0.0015
3720	0.0702
3721	0.0285
3722	0.0285
3723	0.0044
3724	0.0044
3725	0.0044
3726	0.0501
3727	0.0501
3728	0.0501
3729	7.2448
373	0.0015
3730	0.0044
3731	0.0044
3732	0.0044
3733	0.3356
3734	4.0289
3735	0.4094
3736	0.3356
3737	0.1622
3738	0.5008
3739	0.554
374	0.0014
3740	1.0384
3741	0.3024
3742	5.5707
3743	0.1622
3744	0.1622
3745	0.1622
3746	0.1622
3747	0.1622
3748	0.0321
3749	0.0448
375	0.0014
3750	0.0321
3751	0.0311
3752	0.0311
3753	0.0311
3754	0.0311
3755	0.0311
3756	0.0311
3757	0.0311
3758	0.0311
3759	0.1219
376	0.0015
3760	0.1219
3761	0.1219
3762	0.2498
3763	0.2498
3764	0.2498
3765	0.2498
3766	1.0287
3767	1.0287
3768	0.0671
3769	0.0671
377	0.0017
3770	0.0671
3771	0.0671
3772	0.0671
3773	1.2697
3774	1.2698
3775	1.2698
3776	1.2697
3777	0.07
3778	0.07
3779	0.07
378	0.0015
3780	0.07
3781	0.4482
3782	0.5812
3783	0.4482
3784	0.4482
3785	0.4482
3786	0.4482
3787	0.0774
3788	0.0931
3789	0.6857
379	0.0015
3790	0.6857
3791	0.6857
3792	0.3084
3793	0.3084
3794	0.3084
3795	0.3084
3796	0.3084
3797	0.3084
3798	0.3084
3799	0.3084
38	30.2173
380	0.0012
3800	3.0E-4
3801	0.003
3802	2.0E-4
3803	2.0E-4
3804	2.0E-4
3805	1.0E-4
3806	1.0E-4
3807	1.0E-4
3808	3.5558
3809	1.0E-4
381	0.0012
3810	0.0226
3811	0.0226
3812	0.0226
3813	0.0
3814	0.0
3815	0.0
3816	0.0
3817	0.0
3818	0.0
3819	0.0
382	0.1019
3820	0.0
3821	0.0
3822	0.0
3823	0.0
3824	0.0
3825	0.0
3826	0.0
3827	0.0
3828	0.0
3829	0.0
383	0.1019
3830	0.0
3831	0.0
3832	0.0
3833	4.0E-4
3834	10.5869
3835	5.3224
3836	1.6695
3837	0.7487
3838	0.4356
3839	0.4206
384	0.1946
3840	0.4195
3841	0.4195
3842	0.4195
3843	0.4195
3844	0.4195
3845	0.4195
3846	0.4195
3847	0.4195
3848	0.4195
3849	0.4195
385	0.1946
3850	0.4195
3851	0.4195
3852	0.4195
3853	0.4195
3854	0.4195
3855	0.4195
3856	0.4195
3857	0.4195
3858	0.4195
3859	0.4195
386	0.1946
3860	0.4195
3861	0.4195
3862	0.4195
3863	0.4195
3864	0.4195
3865	0.4195
3866	0.4195
3867	0.4195
3868	0.4197
3869	0.4307
387	0.4318
3870	0.4725
3871	0.9465
3872	2.4944
3873	8.0992
3874	0.2146
3875	8.2792
3876	4.2291
3877	1.4009
3878	0.6777
3879	0.4339
388	0.1148
3880	0.4209
3881	0.4199
3882	0.4199
3883	0.4199
3884	0.4199
3885	0.4199
3886	0.4199
3887	0.4199
3888	0.4199
3889	0.4199
389	0.2478
3890	0.4199
3891	0.4199
3892	0.4199
3893	0.4199
3894	0.4199
3895	0.4199
3896	0.4199
3897	0.4199
3898	0.4199
3899	0.4199
39	8.1579
390	0.024
3900	0.4201
3901	0.429
3902	0.4625
3903	0.8337
3904	2.0349
3905	6.3458
3906	0.2142
3907	2.8862
3908	1.6763
3909	0.7768
391	0.7186
3910	0.5139
3911	0.4317
3912	0.4277
3913	0.4407
3914	0.5724
3915	0.9616
3916	2.2472
3917	0.211
3918	5.9703
3919	3.1354
392	0.0168
3920	1.1326
3921	0.607
3922	0.4325
3923	0.4215
3924	0.4205
3925	0.4205
3926	0.4205
3927	0.4205
3928	0.4205
3929	0.4205
393	0.0168
3930	0.4205
3931	0.4205
3932	0.4205
3933	0.4205
3934	0.4207
3935	0.4276
3936	0.4527
3937	0.7211
3938	1.5753
3939	4.5914
394	0.0168
3940	0.2137
3941	9.0485
3942	4.5935
3943	1.4904
3944	0.7014
3945	0.4345
3946	0.4208
3947	0.4198
3948	0.4198
3949	0.4198
395	0.0168
3950	0.4198
3951	0.4198
3952	0.4198
3953	0.4198
3954	0.4198
3955	0.4198
3956	0.4198
3957	0.4198
3958	0.4198
3959	0.4198
396	0.024
3960	0.4198
3961	0.4198
3962	0.4198
3963	0.4198
3964	0.4198
3965	0.4198
3966	0.4198
3967	0.4198
3968	0.4198
3969	0.4199
397	0.0168
3970	0.4296
3971	0.4658
3972	0.8712
3973	2.1881
3974	6.9304
3975	0.2144
3976	4.6867
3977	2.5277
3978	0.9839
3979	0.568
398	0.0168
3980	0.4318
3981	0.4221
3982	0.4211
3983	0.421
3984	0.421
3985	0.421
3986	0.4211
3987	0.4212
3988	0.4269
3989	0.4475
399	0.0377
3990	0.6589
3991	1.3199
3992	3.616
3993	0.213
3994	7.5097
3995	3.8645
3996	1.3114
3997	0.6541
3998	0.4334
3999	0.4211
4	0.0189
40	13.1324
400	0.0168
4000	0.4201
4001	0.4201
4002	0.4201
4003	0.4201
4004	0.4201
4005	0.4201
4006	0.4201
4007	0.4201
4008	0.4201
4009	0.4201
401	0.0166
4010	0.4201
4011	0.4201
4012	0.4201
4013	0.4201
4014	0.4201
4015	0.4201
4016	0.4202
4017	0.4285
4018	0.4592
4019	0.7961
402	0.0168
4020	1.8818
4021	5.7611
4022	0.2141
4023	13.9208
4024	6.9024
4025	2.0579
4026	0.8515
4027	0.4384
4028	0.4203
4029	0.4193
403	0.0168
4030	0.4192
4031	0.4192
4032	0.4192
4033	0.4192
4034	0.4192
4035	0.4192
4036	0.4192
4037	0.4192
4038	0.4192
4039	0.4192
404	0.024
4040	0.4192
4041	0.4192
4042	0.4192
4043	0.4192
4044	0.4192
4045	0.4192
4046	0.4192
4047	0.4192
4048	0.4192
4049	0.4192
405	0.0168
4050	0.4192
4051	0.4192
4052	0.4192
4053	0.4192
4054	0.4192
4055	0.4192
4056	0.4192
4057	0.4192
4058	0.4192
4059	0.4192
406	0.024
4060	0.4192
4061	0.4192
4062	0.4192
4063	0.4192
4064	0.4192
4065	0.4192
4066	0.4192
4067	0.4192
4068	0.4192
4069	0.4193
407	0.0166
4070	0.4194
4071	0.4335
4072	0.4873
4073	1.1097
4074	3.1584
4075	10.6321
4076	0.2148
4077	6.7402
4078	3.5
4079	1.222
408	0.0166
4080	0.6305
4081	0.4329
4082	0.4213
4083	0.4203
4084	0.4203
4085	0.4203
4086	0.4203
4087	0.4203
4088	0.4203
4089	0.4203
409	0.1257
4090	0.4203
4091	0.4203
4092	0.4203
4093	0.4203
4094	0.4203
4095	0.4203
4096	0.4204
4097	0.428
4098	0.4559
4099	0.7586
41	7.9851
410	0.1257
4100	1.7286
4101	5.1764
4102	0.2139
4103	4.173
4104	2.2846
4105	0.9246
4106	0.5524
4107	0.4317
4108	0.4224
4109	0.4213
411	0.1257
4110	0.4213
4111	0.4213
4112	0.4215
4113	0.4268
4114	0.4454
4115	0.6341
4116	1.2177
4117	3.2255
4118	0.2127
4119	1.0E-4
412	0.1257
4120	1.0E-4
4121	0.0694
4122	0.0758
4123	0.0758
4124	0.0
4125	0.0
4126	0.0
4127	0.0
4128	0.0
4129	0.0
413	0.1257
4130	0.0
4131	0.0
4132	0.0
4133	0.0
4134	0.0
4135	0.0
4136	0.0
4137	0.0
4138	0.0
4139	4.2764
414	0.1257
4140	2.3282
4141	0.9546
4142	0.5796
4143	0.4587
4144	0.4493
4145	0.4483
4146	0.4483
4147	0.4483
4148	0.4485
4149	0.4538
415	0.0908
4150	0.4727
4151	0.664
4152	1.2593
4153	3.3216
4154	0.0563
4155	0.0563
4156	0.0563
4157	0.0563
4158	0.0563
4159	0.0563
416	0.7311
4160	2.0E-4
4161	2.0E-4
4162	2.0E-4
4163	2.0E-4
4164	2.0E-4
4165	2.0E-4
4166	2.0E-4
4167	2.0E-4
4168	2.0E-4
4169	2.0E-4
417	0.0018
4170	2.0E-4
4171	2.0E-4
4172	2.0E-4
4173	2.0E-4
4174	2.0E-4
4175	2.0E-4
4176	2.0E-4
4177	2.0E-4
4178	2.0E-4
4179	2.0E-4
418	0.0018
4180	2.0E-4
4181	2.0E-4
4182	2.0E-4
4183	2.0E-4
4184	2.0E-4
4185	2.0E-4
4186	2.0E-4
4187	2.0E-4
4188	2.0E-4
4189	2.0E-4
419	0.0018
4190	2.0E-4
4191	2.0E-4
4192	2.0E-4
4193	2.0E-4
4194	2.0E-4
4195	2.0E-4
4196	2.0E-4
4197	2.0E-4
4198	2.0E-4
4199	2.0E-4
42	10.1791
420	0.0018
4200	2.0E-4
4201	2.0E-4
4202	2.0E-4
4203	2.0E-4
4204	2.0E-4
4205	2.0E-4
4206	2.0E-4
4207	2.0E-4
4208	1.0E-4
4209	1.0E-4
421	0.0018
4210	1.0E-4
4211	1.0E-4
4212	1.0E-4
4213	1.0E-4
4214	1.0E-4
4215	1.0E-4
4216	1.0E-4
4217	1.0E-4
4218	1.0E-4
4219	1.0E-4
422	0.0018
4220	1.0E-4
4221	1.0E-4
4222	1.0E-4
4223	1.0E-4
4224	1.0E-4
4225	1.0E-4
4226	1.0E-4
4227	1.0E-4
4228	1.0E-4
4229	1.0E-4
423	0.0018
4230	1.0E-4
4231	1.0E-4
4232	1.0E-4
4233	1.0E-4
4234	1.0E-4
4235	1.0E-4
4236	1.0E-4
4237	1.0E-4
4238	1.0E-4
4239	1.0E-4
424	0.0018
4240	1.0E-4
4241	1.0E-4
4242	1.0E-4
4243	1.0E-4
4244	1.0E-4
4245	1.0E-4
4246	1.0E-4
4247	1.0E-4
4248	1.0E-4
4249	1.0E-4
425	32.7168
4250	1.0E-4
4251	1.0E-4
4252	1.0E-4
4253	1.0E-4
4254	1.0E-4
4255	1.0E-4
4256	1.0E-4
4257	1.0E-4
4258	1.0E-4
4259	1.0E-4
426	0.8886
4260	1.0E-4
4261	1.0E-4
4262	1.0E-4
4263	1.0E-4
4264	1.0E-4
4265	1.0E-4
4266	1.0E-4
4267	1.0E-4
4268	1.0E-4
4269	1.0E-4
427	0.6701
4270	1.0E-4
4271	1.0E-4
4272	1.0E-4
4273	1.0E-4
4274	1.0E-4
4275	1.0E-4
4276	1.0E-4
4277	1.0E-4
4278	1.0E-4
4279	1.0E-4
428	0.2141
4280	1.0E-4
4281	1.0E-4
4282	1.0E-4
4283	1.0E-4
4284	1.0E-4
4285	1.0E-4
4286	1.0E-4
4287	1.0E-4
4288	1.0E-4
4289	1.0E-4
429	0.5905
4290	1.0E-4
4291	1.0E-4
4292	1.0E-4
4293	1.0E-4
4294	1.0E-4
4295	1.0E-4
4296	1.0E-4
4297	1.0E-4
4298	1.0E-4
4299	1.0E-4
43	24.4861
430	1.9507
4300	1.0E-4
4301	1.0E-4
4302	1.0E-4
4303	1.0E-4
4304	1.0E-4
4305	1.0E-4
4306	1.0E-4
4307	1.0E-4
4308	1.0E-4
4309	1.0E-4
431	0.0823
4310	1.0E-4
4311	1.0E-4
4312	1.0E-4
4313	1.0E-4
4314	1.0E-4
4315	1.0E-4
4316	1.0E-4
4317	1.0E-4
4318	1.0E-4
4319	1.0E-4
432	0.0136
4320	1.0E-4
4321	1.0E-4
4322	1.0E-4
4323	1.0E-4
4324	1.0E-4
4325	1.0E-4
4326	1.0E-4
4327	1.0E-4
4328	1.0E-4
4329	1.0E-4
433	0.0815
4330	1.0E-4
4331	1.0E-4
4332	1.0E-4
4333	1.0E-4
4334	1.0E-4
4335	1.0E-4
4336	1.0E-4
4337	1.0E-4
4338	1.0E-4
4339	1.0E-4
434	0.0815
4340	1.0E-4
4341	1.0E-4
4342	1.0E-4
4343	1.0E-4
4344	1.0E-4
4345	1.0E-4
4346	1.0E-4
4347	1.0E-4
4348	1.0E-4
4349	1.0E-4
435	0.0773
4350	1.0E-4
4351	1.0E-4
4352	1.0E-4
4353	1.0E-4
4354	1.0E-4
4355	1.0E-4
4356	1.0E-4
4357	1.0E-4
4358	1.0E-4
4359	1.0E-4
436	0.0773
4360	1.0E-4
4361	1.0E-4
4362	1.0E-4
4363	1.0E-4
4364	1.0E-4
4365	1.0E-4
4366	1.0E-4
4367	1.0E-4
4368	1.0E-4
4369	1.0E-4
437	0.0773
4370	1.0E-4
4371	1.0E-4
4372	1.0E-4
4373	1.0E-4
4374	1.0E-4
4375	1.0E-4
4376	1.0E-4
4377	1.0E-4
4378	1.0E-4
4379	1.0E-4
438	0.0773
4380	1.0E-4
4381	1.0E-4
4382	1.0E-4
4383	1.0E-4
4384	1.0E-4
4385	1.0E-4
4386	1.0E-4
4387	1.0E-4
4388	1.0E-4
4389	1.0E-4
439	0.0773
4390	1.0E-4
4391	1.0E-4
4392	1.0E-4
4393	1.0E-4
4394	1.0E-4
4395	1.0E-4
4396	1.0E-4
4397	1.0E-4
4398	1.0E-4
4399	1.0E-4
44	7.1807
440	0.0801
4400	1.0E-4
4401	1.0E-4
4402	1.0E-4
4403	1.0E-4
4404	1.0E-4
4405	1.0E-4
4406	1.0E-4
4407	1.0E-4
4408	1.0E-4
4409	1.0E-4
441	0.0099
4410	1.0E-4
4411	1.0E-4
4412	1.0E-4
4413	1.0E-4
4414	1.0E-4
4415	1.0E-4
4416	1.0E-4
4417	1.0E-4
4418	1.0E-4
4419	1.0E-4
442	0.0126
4420	1.0E-4
4421	1.0E-4
4422	1.0E-4
4423	1.0E-4
4424	1.0E-4
4425	1.0E-4
4426	1.0E-4
4427	1.0E-4
4428	1.0E-4
4429	1.0E-4
443	0.0126
4430	1.0E-4
4431	1.0E-4
4432	1.0E-4
4433	1.0E-4
4434	1.0E-4
4435	1.0E-4
4436	0.0018
4437	0.0018
4438	7.0E-4
4439	0.0018
444	0.0126
4440	0.0018
4441	0.0018
4442	0.0018
4443	7.0E-4
4444	7.0E-4
4445	7.0E-4
4446	0.0011
4447	0.0013
4448	0.0035
4449	0.0031
445	0.1125
4450	1.0E-4
4451	0.001
4452	1.0E-4
4453	1.0E-4
4454	1.0E-4
4455	0.0
4456	0.0
4457	0.0
4458	3.5558
4459	0.0
446	0.1138
4460	0.0226
4461	0.0226
4462	0.0226
4463	0.0
4464	0.0
4465	0.0
4466	0.0
4467	0.0
4468	0.0
4469	0.0
447	0.1125
4470	0.0
4471	0.0
4472	0.0
4473	0.0
4474	0.0
4475	0.0
4476	0.0
4477	0.0
4478	0.0
4479	0.0
448	0.2021
4480	0.0
4481	0.0
4482	0.0
4483	3.0E-4
4484	0.8638
4485	1.0063
4486	1.0E-4
4487	1.0E-4
4488	1.0E-4
4489	1.0E-4
449	0.1214
4490	1.0E-4
4491	1.0E-4
4492	1.0E-4
4493	1.0E-4
4494	1.0E-4
4495	1.0E-4
4496	1.0E-4
4497	1.0E-4
4498	1.0E-4
4499	1.0E-4
45	3.6303
450	0.1007
4500	1.0E-4
4501	1.0E-4
4502	1.0E-4
4503	1.0E-4
4504	1.0E-4
4505	1.0E-4
4506	1.0E-4
4507	1.0E-4
4508	1.0E-4
4509	1.0E-4
451	0.0828
4510	1.0E-4
4511	1.0E-4
4512	1.0E-4
4513	1.0E-4
4514	1.0E-4
4515	1.0E-4
4516	1.0E-4
4517	1.0E-4
4518	1.0E-4
4519	1.0E-4
452	0.0623
4520	1.0E-4
4521	1.0E-4
4522	1.0E-4
4523	1.0E-4
4524	1.0E-4
4525	1.0E-4
4526	1.0E-4
4527	1.0E-4
4528	1.0E-4
4529	1.0E-4
453	0.0569
4530	1.0E-4
4531	1.0E-4
4532	1.0E-4
4533	1.0E-4
4534	1.0E-4
4535	1.0E-4
4536	1.0E-4
4537	1.0E-4
4538	1.0E-4
4539	1.0E-4
454	0.0569
4540	1.0E-4
4541	1.0E-4
4542	1.0E-4
4543	1.0E-4
4544	1.0E-4
4545	1.0E-4
4546	1.0E-4
4547	1.0E-4
4548	1.0E-4
4549	1.0E-4
455	0.0569
4550	1.0E-4
4551	1.0E-4
4552	1.0E-4
4553	1.0E-4
4554	1.0E-4
4555	1.0E-4
4556	1.0E-4
4557	1.0E-4
4558	1.0E-4
4559	1.0E-4
456	0.0569
4560	1.0E-4
4561	1.0E-4
4562	1.0E-4
4563	1.0E-4
4564	1.0E-4
4565	1.0E-4
4566	1.0E-4
4567	1.0E-4
4568	1.0E-4
4569	1.0E-4
457	0.5387
4570	1.0E-4
4571	1.0E-4
4572	1.0E-4
4573	1.0E-4
4574	1.0E-4
4575	1.0E-4
4576	1.0E-4
4577	1.0E-4
4578	1.0E-4
4579	1.0E-4
458	0.5387
4580	1.0E-4
4581	1.0E-4
4582	1.0E-4
4583	1.0E-4
4584	1.0E-4
4585	1.0E-4
4586	1.0E-4
4587	1.0E-4
4588	1.0E-4
4589	1.0E-4
459	0.5387
4590	1.0E-4
4591	1.0E-4
4592	1.0E-4
4593	1.0E-4
4594	1.0E-4
4595	1.0E-4
4596	1.0E-4
4597	1.0E-4
4598	1.0E-4
4599	1.0E-4
46	7.9742
460	0.4943
4600	1.0E-4
4601	1.0E-4
4602	1.0E-4
4603	1.0E-4
4604	1.0E-4
4605	1.0E-4
4606	1.0E-4
4607	1.0E-4
4608	1.0E-4
4609	1.0E-4
461	0.5387
4610	1.0E-4
4611	1.0E-4
4612	1.0E-4
4613	1.0E-4
4614	1.0E-4
4615	1.0E-4
4616	1.0E-4
4617	1.0E-4
4618	1.0E-4
4619	1.0E-4
462	0.5419
4620	1.0E-4
4621	1.0E-4
4622	1.0E-4
4623	1.0E-4
4624	1.0E-4
4625	1.0E-4
4626	1.0E-4
4627	1.0E-4
4628	1.0E-4
4629	1.0E-4
463	0.5419
4630	1.0E-4
4631	1.0E-4
4632	1.0E-4
4633	1.0E-4
4634	1.0E-4
4635	1.0E-4
4636	1.0E-4
4637	1.0E-4
4638	1.0E-4
4639	1.0E-4
464	0.5419
4640	1.0E-4
4641	1.0E-4
4642	1.0E-4
4643	1.0E-4
4644	1.0E-4
4645	1.0E-4
4646	1.0E-4
4647	1.0E-4
4648	1.0E-4
4649	1.0E-4
465	0.5387
4650	1.0E-4
4651	1.0E-4
4652	1.0E-4
4653	1.0E-4
4654	1.0E-4
4655	1.0E-4
4656	1.0E-4
4657	1.0E-4
4658	1.0E-4
4659	1.0E-4
466	0.5387
4660	1.0E-4
4661	1.0E-4
4662	1.0E-4
4663	1.0E-4
4664	1.0E-4
4665	1.0E-4
4666	1.0E-4
4667	1.0E-4
4668	1.0E-4
4669	1.0E-4
467	0.5874
4670	1.0E-4
4671	1.0E-4
4672	1.0E-4
4673	1.0E-4
4674	1.0E-4
4675	1.0E-4
4676	1.0E-4
4677	1.0E-4
4678	1.0E-4
4679	1.0E-4
468	0.5874
4680	1.0E-4
4681	1.0E-4
4682	1.0E-4
4683	1.0E-4
4684	1.0E-4
4685	1.0E-4
4686	1.0E-4
4687	1.0E-4
4688	1.0E-4
4689	1.0E-4
469	0.1645
4690	1.0E-4
4691	1.0E-4
4692	1.0E-4
4693	1.0E-4
4694	1.0E-4
4695	1.0E-4
4696	1.0E-4
4697	1.0E-4
4698	1.0E-4
4699	1.0E-4
47	2.2072
470	0.1256
4700	1.0E-4
4701	1.0E-4
4702	1.0E-4
4703	1.0E-4
4704	1.0E-4
4705	1.0E-4
4706	1.0E-4
4707	1.0E-4
4708	1.0E-4
4709	1.0E-4
471	0.1256
4710	1.0E-4
4711	1.0E-4
4712	1.0E-4
4713	1.0E-4
4714	1.0E-4
4715	1.0E-4
4716	1.0E-4
4717	1.0E-4
4718	1.0E-4
4719	1.0E-4
472	0.1256
4720	1.0E-4
4721	1.0E-4
4722	1.0E-4
4723	1.0E-4
4724	1.0E-4
4725	1.0E-4
4726	1.0E-4
4727	1.0E-4
4728	1.0E-4
4729	1.0E-4
473	0.1159
4730	1.0E-4
4731	1.0E-4
4732	1.0E-4
4733	1.0E-4
4734	1.0E-4
4735	1.0E-4
4736	1.0E-4
4737	1.0E-4
4738	1.0E-4
4739	1.0E-4
474	1.3112
4740	1.0E-4
4741	1.0E-4
4742	1.0E-4
4743	1.0E-4
4744	1.0E-4
4745	1.0E-4
4746	1.0E-4
4747	1.0E-4
4748	1.0E-4
4749	1.0E-4
475	0.1382
4750	1.0E-4
4751	1.0E-4
4752	1.0E-4
4753	1.0E-4
4754	1.0E-4
4755	1.0E-4
4756	1.0E-4
4757	1.0E-4
4758	1.0E-4
4759	1.0E-4
476	0.132
4760	1.0E-4
4761	1.0E-4
4762	0.0014
4763	0.0014
4764	5.0E-4
4765	0.0014
4766	0.0014
4767	0.0014
4768	0.0014
4769	5.0E-4
477	0.1323
4770	5.0E-4
4771	5.0E-4
4772	8.0E-4
4773	0.001
4774	0.3133
4775	0.2807
4776	1.1235
4777	1.1235
4778	0.1964
4779	0.1964
478	0.1323
4780	0.1964
4781	0.1639
4782	0.1639
4783	0.1639
4784	0.178
4785	0.2094
4786	0.2094
4787	0.216
4788	0.216
4789	0.1639
479	0.2192
4790	0.1812
4791	0.1639
4792	0.1812
4793	0.0061
4794	0.0039
4795	0.0039
4796	0.0039
4797	0.0039
4798	0.0039
4799	0.4381
48	4.3346
480	0.3405
4800	0.0039
4801	0.0319
4802	0.0141
4803	0.0141
4804	0.0141
4805	0.1073
4806	1.7126
4807	0.0537
4808	0.0537
4809	0.1073
481	0.2182
4810	3.1254
4811	0.0704
4812	0.3681
4813	0.0092
4814	0.0172
4815	0.6656
4816	0.027
4817	0.027
4818	0.027
4819	1.1145
482	0.235
4820	0.027
4821	0.0059
4822	0.0059
4823	0.0059
4824	0.0059
4825	0.0059
4826	0.0059
4827	0.0059
4828	0.0326
4829	0.0326
483	0.2797
4830	0.0149
4831	0.01
4832	0.01
4833	0.0892
4834	0.0892
4835	0.0892
4836	0.0892
4837	0.0892
4838	0.0411
4839	0.0085
484	0.2797
4840	0.016
4841	0.016
4842	0.016
4843	0.0122
4844	0.0305
4845	0.0061
4846	0.0061
4847	0.0061
4848	0.3348
4849	0.3348
485	0.2263
4850	0.3348
4851	0.2514
4852	0.2514
4853	0.2514
4854	0.0953
4855	0.0953
4856	0.0953
4857	0.0964
4858	0.0964
4859	0.0964
486	0.2007
4860	0.2891
4861	0.2891
4862	0.8637
4863	0.044
4864	0.044
4865	0.1189
4866	0.044
4867	0.1291
4868	0.0986
4869	0.1189
487	0.2007
4870	0.1189
4871	0.0023
4872	0.0023
4873	0.0023
4874	0.0023
4875	0.0023
4876	0.0023
4877	0.0023
4878	0.0023
4879	0.0023
488	0.2007
4880	0.0023
4881	0.0023
4882	0.0023
4883	0.0023
4884	0.0023
4885	0.0023
4886	0.0023
4887	0.0023
4888	0.0023
4889	0.0023
489	0.2007
4890	0.0023
4891	0.0023
4892	0.0023
4893	0.0023
4894	0.0023
4895	0.0023
4896	0.0023
4897	0.0023
4898	0.0023
4899	0.0023
49	2.2049
490	0.2007
4900	0.0023
4901	0.0023
4902	0.0023
4903	0.0023
4904	0.0023
4905	0.0023
4906	0.0023
4907	0.0023
4908	0.0023
4909	0.0023
491	0.2007
4910	0.0023
4911	0.0023
4912	0.0023
4913	0.0023
4914	0.0023
4915	0.0023
4916	0.0023
4917	0.0023
4918	0.0023
4919	0.0023
492	0.3428
4920	0.0023
4921	0.0023
4922	0.0023
4923	0.0023
4924	0.0101
4925	0.0101
4926	0.0101
4927	0.0101
4928	0.0101
4929	0.0053
493	0.2007
4930	0.1658
4931	0.1658
4932	0.1658
4933	0.1658
4934	0.1658
4935	0.1658
4936	0.1658
4937	0.0944
4938	0.0944
4939	0.0944
494	0.0015
4940	0.0944
4941	0.0944
4942	0.0944
4943	0.0944
4944	0.0944
4945	0.0944
4946	0.0944
4947	0.0944
4948	0.0944
4949	0.0944
495	0.0015
4950	0.0944
4951	0.0944
4952	0.0944
4953	0.0944
4954	0.0944
4955	0.0944
4956	0.0944
4957	0.0944
4958	0.0944
4959	0.0944
496	0.0311
4960	0.0944
4961	0.0944
4962	0.0944
4963	0.1683
4964	0.0944
4965	0.0944
4966	0.0944
4967	0.0944
4968	0.0944
4969	0.0944
497	0.0015
4970	0.0944
4971	0.0944
4972	0.0205
4973	0.0205
4974	0.0205
4975	0.0205
4976	0.0205
4977	0.0205
4978	0.0205
4979	0.0205
498	0.0234
4980	0.0205
4981	0.0205
4982	0.0205
4983	0.0205
4984	0.0205
4985	0.0205
4986	0.0205
4987	0.0205
4988	0.0205
4989	0.0205
499	0.1136
4990	0.0205
4991	0.0205
4992	0.0205
4993	0.0205
4994	0.0205
4995	0.0205
4996	0.0205
4997	0.0205
4998	0.0205
4999	0.0205
5	0.0189
50	2.2049
500	0.4093
5000	0.0205
5001	0.2167
5002	0.2167
5003	0.2167
5004	0.2167
5005	0.2167
5006	0.2167
5007	0.2167
5008	0.2965
5009	0.2965
501	0.3919
5010	0.2965
5011	0.2965
5012	0.2965
5013	0.0331
5014	0.0331
5015	0.0331
5016	0.0331
5017	0.0331
5018	0.0331
5019	0.0331
502	0.3854
5020	0.0331
5021	0.0331
5022	0.0331
5023	0.0331
5024	0.0331
5025	0.0331
5026	0.0331
5027	0.0331
5028	0.0331
5029	0.0331
503	0.1448
5030	0.0331
5031	0.0331
5032	0.0331
5033	0.0127
5034	0.0127
5035	0.6579
5036	0.0
5037	0.0
5038	0.0
5039	0.0
504	0.1448
5040	0.0
5041	0.0
5042	0.0
5043	0.0
5044	0.0
5045	0.0
5046	0.0
5047	0.0
5048	0.0
5049	0.0
505	0.4166
5050	0.0
5051	4.2764
5052	2.3282
5053	0.9546
5054	0.5796
5055	0.4587
5056	0.4493
5057	0.4483
5058	0.4483
5059	0.4483
506	0.0727
5060	0.4485
5061	0.4538
5062	0.4727
5063	0.664
5064	1.2593
5065	3.3216
5066	0.0563
5067	0.0563
5068	0.0563
5069	0.0563
507	0.0727
5070	0.0563
5071	0.0563
5072	8.4984
5073	5.4776
5074	2.4975
5075	0.6128
5076	0.2991
5077	0.1922
5078	0.19
5079	0.1896
508	0.0727
5080	0.1896
5081	0.1896
5082	0.1896
5083	0.1896
5084	0.1896
5085	0.1896
5086	0.1896
5087	0.1896
5088	0.1896
5089	0.1896
509	0.0727
5090	0.1896
5091	0.1896
5092	0.1896
5093	0.1896
5094	0.1896
5095	0.1896
5096	0.1896
5097	0.1896
5098	0.1896
5099	0.1896
510	0.0727
5100	0.1896
5101	0.1896
5102	0.1896
5103	0.1896
5104	0.1896
5105	0.1896
5106	0.1903
5107	0.191
5108	0.2732
5109	0.437
511	0.0727
5110	1.3952
5111	2.1548
5112	6.6142
5113	4.3034
5114	1.9874
5115	0.5241
5116	0.2764
5117	0.1929
5118	0.1907
5119	0.1903
512	0.0727
5120	0.1904
5121	0.1904
5122	0.1904
5123	0.1904
5124	0.1903
5125	0.1904
5126	0.1903
5127	0.1904
5128	0.1904
5129	0.1903
513	0.0727
5130	0.1903
5131	0.1904
5132	0.1904
5133	0.1903
5134	0.1904
5135	0.1904
5136	0.1903
5137	0.191
5138	0.1917
5139	0.2562
514	0.0727
5140	0.3856
5141	1.1297
5142	1.7058
5143	2.2124
5144	1.5671
5145	0.8013
5146	0.322
5147	0.2285
5148	0.2004
5149	0.2217
515	0.0727
5150	0.2698
5151	0.5145
5152	0.6583
5153	4.7291
5154	3.1295
5155	1.4777
5156	0.4359
5157	0.2542
5158	0.1942
5159	0.1919
516	0.0727
5160	0.1916
5161	0.1916
5162	0.1916
5163	0.1916
5164	0.1916
5165	0.1916
5166	0.1916
5167	0.1916
5168	0.1916
5169	0.1923
517	0.0729
5170	0.193
5171	0.2398
5172	0.3347
5173	0.8647
5174	1.2569
5175	7.2422
5176	4.6947
5177	2.1574
5178	0.5536
5179	0.2839
518	0.0727
5180	0.1926
5181	0.1904
5182	0.1901
5183	0.1901
5184	0.1901
5185	0.1901
5186	0.1901
5187	0.1901
5188	0.1901
5189	0.1901
519	0.1627
5190	0.1901
5191	0.1901
5192	0.1901
5193	0.1901
5194	0.1901
5195	0.1901
5196	0.1901
5197	0.1901
5198	0.1901
5199	0.1901
52	28.6616
520	0.1627
5200	0.1901
5201	0.1901
5202	0.1901
5203	0.1907
5204	0.1915
5205	0.2618
5206	0.4027
5207	1.2181
5208	1.8555
5209	3.6813
521	0.1297
5210	2.4779
5211	1.1951
5212	0.3876
5213	0.2424
5214	0.1954
5215	0.1932
5216	0.1928
5217	0.1928
5218	0.1928
5219	0.1928
522	0.1353
5220	0.1935
5221	0.1943
5222	0.2313
5223	0.3069
5224	0.7181
5225	1.0075
5226	5.9859
5227	3.912
5228	1.8173
5229	0.4946
523	0.3989
5230	0.2689
5231	0.1932
5232	0.191
5233	0.1907
5234	0.1907
5235	0.1907
5236	0.1907
5237	0.1907
5238	0.1907
5239	0.1907
524	0.1353
5240	0.1907
5241	0.1907
5242	0.1907
5243	0.1907
5244	0.1907
5245	0.1907
5246	0.1907
5247	0.1907
5248	0.1913
5249	0.1921
525	0.1353
5250	0.2506
5251	0.3685
5252	1.0412
5253	1.5562
5254	11.2212
5255	7.1747
5256	3.2351
5257	0.7416
5258	0.3323
5259	0.1916
526	4.3689
5260	0.1894
5261	0.189
5262	0.189
5263	0.189
5264	0.189
5265	0.189
5266	0.189
5267	0.189
5268	0.189
5269	0.189
527	0.1454
5270	0.189
5271	0.189
5272	0.189
5273	0.189
5274	0.189
5275	0.189
5276	0.189
5277	0.189
5278	0.189
5279	0.189
528	0.1389
5280	0.189
5281	0.189
5282	0.189
5283	0.189
5284	0.189
5285	0.189
5286	0.189
5287	0.189
5288	0.189
5289	0.189
529	0.1133
5290	0.189
5291	0.189
5292	0.189
5293	0.189
5294	0.189
5295	0.189
5296	0.189
5297	0.189
5298	0.189
5299	0.189
53	1.9484
530	0.1133
5300	0.189
5301	0.1897
5302	0.1904
5303	0.2981
5304	0.5117
5305	1.7792
5306	2.8036
5307	5.3578
5308	3.5208
5309	1.6475
531	0.0025
5310	0.4652
5311	0.2615
5312	0.1937
5313	0.1914
5314	0.1911
5315	0.1911
5316	0.1911
5317	0.1911
5318	0.1911
5319	0.1911
532	0.1617
5320	0.1911
5321	0.1911
5322	0.1911
5323	0.1911
5324	0.1911
5325	0.1911
5326	0.1918
5327	0.1925
5328	0.2452
5329	0.3516
533	0.0025
5330	0.9529
5331	1.4065
5332	3.2619
5333	2.2174
5334	1.0823
5335	0.3684
5336	0.238
5337	0.1961
5338	0.1939
5339	0.1935
534	0.0025
5340	0.1935
5341	0.1942
5342	0.195
5343	0.2281
5344	0.296
5345	0.6596
5346	0.9077
5347	3.3013
5348	2.2377
5349	1.0904
535	0.0025
5350	0.3745
5351	0.2438
5352	0.202
5353	0.1997
5354	0.1994
5355	0.1994
5356	0.2001
5357	0.2009
5358	0.2341
5359	0.3028
536	1.7172
5360	0.6719
5361	0.927
5362	0.0102
5363	0.0102
5364	0.0102
5365	0.0102
5366	0.0102
5367	0.0102
5368	0.0102
5369	0.0102
537	1.7172
5370	0.0102
5371	0.0102
5372	0.0102
5373	0.0102
5374	0.0102
5375	0.0102
5376	0.0102
5377	1.0E-4
5378	0.0052
5379	0.0056
538	1.7213
5380	0.0045
5381	0.0048
5382	0.0
5383	0.0
5384	0.0
5385	0.0
5386	0.0
5387	0.0
5388	0.0
5389	0.0
539	1.7546
5390	0.0
5391	0.0
5392	0.0
5393	0.0
5394	0.0
5395	0.0
5396	0.0
5397	4.2764
5398	2.3282
5399	0.9546
54	1.8519
540	1.7172
5400	0.5796
5401	0.4587
5402	0.4493
5403	0.4483
5404	0.4483
5405	0.4483
5406	0.4485
5407	0.4538
5408	0.4727
5409	0.664
541	1.7546
5410	1.2593
5411	3.3216
5412	0.0563
5413	0.0563
5414	0.0563
5415	0.0563
5416	0.0563
5417	0.0563
5418	0.0964
5419	0.0964
542	1.7172
5420	0.0964
5421	1.0E-4
5422	0.1444
5423	0.1444
5424	0.0765
5425	0.0765
5426	0.0196
5427	0.0196
5428	0.0196
5429	0.0024
543	1.717
5430	0.0024
5431	0.0024
5432	0.0035
5433	0.0035
5434	0.0035
5435	0.4484
5436	0.001
5437	0.001
5438	0.002
5439	5.0E-4
544	1.7172
5440	5.0E-4
5441	5.0E-4
5442	0.1519
5443	0.1519
5444	7.0E-4
5445	7.0E-4
5446	7.0E-4
5447	0.0282
5448	0.0282
5449	1.6572
545	1.7718
5450	1.6572
5451	1.6572
5452	1.6572
5453	1.9422
5454	1.7425
5455	1.2638
5456	5.3637
5457	0.8772
5458	0.8772
5459	0.0388
546	1.7172
5460	0.0325
5461	0.0325
5462	0.0325
5463	0.0325
5464	0.0029
5465	0.0029
5466	0.0068
5467	0.0068
5468	3.4668
5469	0.017
547	0.2086
5470	1.0587
5471	0.017
5472	3.0E-4
5473	3.0E-4
5474	3.0E-4
5475	3.0E-4
5476	3.0E-4
5477	3.0E-4
5478	3.0E-4
5479	3.0E-4
548	0.1042
5480	7.0E-4
5481	7.0E-4
5482	7.0E-4
5483	0.5535
5484	0.0118
5485	0.0028
5486	9.0E-4
5487	9.0E-4
5488	9.0E-4
5489	9.0E-4
549	0.0899
5490	0.005
5491	0.0017
5492	0.0058
5493	0.0058
5494	0.0052
5495	0.005
5496	0.005
5497	0.0904
5498	0.0025
5499	0.0025
55	1.8367
550	0.2636
5500	0.0025
5501	0.0025
5502	0.0936
5503	0.2021
5504	0.2021
5505	0.2021
5506	0.0964
5507	0.0964
5508	0.0964
5509	0.0851
551	0.2756
5510	0.0484
5511	0.0436
5512	0.0546
5513	0.0059
5514	0.002
5515	0.002
5516	0.0029
5517	0.0029
5518	0.002
5519	0.002
552	0.2636
5520	0.002
5521	0.0059
5522	0.0059
5523	3.3013
5524	2.2377
5525	1.0904
5526	0.3745
5527	0.2438
5528	0.202
5529	0.1997
553	0.2765
5530	0.1994
5531	0.1994
5532	0.2001
5533	0.2009
5534	0.2341
5535	0.3028
5536	0.6719
5537	0.927
5538	0.0102
5539	0.0102
554	0.3264
5540	0.0102
5541	0.0102
5542	0.0102
5543	0.0102
5544	0.0102
5545	0.0102
5546	0.0102
5547	0.0102
5548	0.0102
5549	0.0102
555	0.3276
5550	0.0102
5551	0.0102
5552	0.0102
5553	4.0E-4
5554	4.0E-4
5555	4.0E-4
5556	4.0E-4
5557	4.0E-4
5558	4.0E-4
5559	4.0E-4
556	0.3276
5560	4.0E-4
5561	4.0E-4
5562	4.0E-4
5563	4.0E-4
5564	4.0E-4
5565	4.0E-4
5566	4.0E-4
5567	4.0E-4
5568	4.0E-4
5569	4.0E-4
557	0.8186
5570	4.0E-4
5571	4.0E-4
5572	4.0E-4
5573	4.0E-4
5574	4.0E-4
5575	4.0E-4
5576	4.0E-4
5577	4.0E-4
5578	4.0E-4
5579	4.0E-4
558	0.1767
5580	4.0E-4
5581	4.0E-4
5582	4.0E-4
5583	4.0E-4
5584	4.0E-4
5585	4.0E-4
5586	4.0E-4
5587	4.0E-4
5588	4.0E-4
5589	4.0E-4
559	0.1767
5590	4.0E-4
5591	4.0E-4
5592	4.0E-4
5593	4.0E-4
5594	4.0E-4
5595	4.0E-4
5596	4.0E-4
5597	4.0E-4
5598	4.0E-4
5599	4.0E-4
56	1.6861
560	0.1767
5600	4.0E-4
5601	4.0E-4
5602	4.0E-4
5603	4.0E-4
5604	4.0E-4
5605	4.0E-4
5606	4.0E-4
5607	4.0E-4
5608	4.0E-4
5609	4.0E-4
561	0.1662
5610	4.0E-4
5611	4.0E-4
5612	4.0E-4
5613	4.0E-4
5614	4.0E-4
5615	4.0E-4
5616	4.0E-4
5617	4.0E-4
5618	4.0E-4
5619	4.0E-4
562	0.1662
5620	4.0E-4
5621	4.0E-4
5622	4.0E-4
5623	4.0E-4
5624	4.0E-4
5625	4.0E-4
5626	4.0E-4
5627	4.0E-4
5628	4.0E-4
5629	4.0E-4
563	0.1662
5630	4.0E-4
5631	4.0E-4
5632	4.0E-4
5633	4.0E-4
5634	4.0E-4
5635	4.0E-4
5636	4.0E-4
5637	4.0E-4
5638	4.0E-4
5639	4.0E-4
564	0.1662
5640	4.0E-4
5641	4.0E-4
5642	4.0E-4
5643	4.0E-4
5644	4.0E-4
5645	4.0E-4
5646	4.0E-4
5647	4.0E-4
5648	4.0E-4
5649	4.0E-4
565	0.1736
5650	4.0E-4
5651	4.0E-4
5652	4.0E-4
5653	4.0E-4
5654	4.0E-4
5655	3.0E-4
5656	3.0E-4
5657	3.0E-4
5658	3.0E-4
5659	3.0E-4
566	0.0908
5660	3.0E-4
5661	3.0E-4
5662	3.0E-4
5663	3.0E-4
5664	3.0E-4
5665	3.0E-4
5666	3.0E-4
5667	3.0E-4
5668	3.0E-4
5669	3.0E-4
567	0.091
5670	3.0E-4
5671	3.0E-4
5672	3.0E-4
5673	3.0E-4
5674	3.0E-4
5675	3.0E-4
5676	3.0E-4
5677	3.0E-4
5678	3.0E-4
5679	3.0E-4
568	0.091
5680	3.0E-4
5681	3.0E-4
5682	3.0E-4
5683	3.0E-4
5684	3.0E-4
5685	3.0E-4
5686	3.0E-4
5687	3.0E-4
5688	3.0E-4
5689	3.0E-4
569	0.2031
5690	3.0E-4
5691	3.0E-4
5692	3.0E-4
5693	3.0E-4
5694	3.0E-4
5695	3.0E-4
5696	3.0E-4
5697	3.0E-4
5698	3.0E-4
5699	3.0E-4
57	1.6322
570	0.091
5700	3.0E-4
5701	3.0E-4
5702	3.0E-4
5703	3.0E-4
5704	3.0E-4
5705	3.0E-4
5706	3.0E-4
5707	3.0E-4
5708	3.0E-4
5709	3.0E-4
571	0.0908
5710	3.0E-4
5711	3.0E-4
5712	3.0E-4
5713	3.0E-4
5714	3.0E-4
5715	3.0E-4
5716	3.0E-4
5717	3.0E-4
5718	3.0E-4
5719	3.0E-4
572	0.0908
5720	3.0E-4
5721	3.0E-4
5722	3.0E-4
5723	3.0E-4
5724	3.0E-4
5725	3.0E-4
5726	3.0E-4
5727	3.0E-4
5728	3.0E-4
5729	3.0E-4
573	0.0908
5730	3.0E-4
5731	3.0E-4
5732	3.0E-4
5733	3.0E-4
5734	3.0E-4
5735	3.0E-4
5736	3.0E-4
5737	3.0E-4
5738	3.0E-4
5739	3.0E-4
574	0.0908
5740	3.0E-4
5741	3.0E-4
5742	3.0E-4
5743	3.0E-4
5744	3.0E-4
5745	3.0E-4
5746	3.0E-4
5747	3.0E-4
5748	3.0E-4
5749	3.0E-4
575	0.0908
5750	3.0E-4
5751	3.0E-4
5752	3.0E-4
5753	3.0E-4
5754	3.0E-4
5755	3.0E-4
5756	3.0E-4
5757	3.0E-4
5758	3.0E-4
5759	3.0E-4
576	0.0908
5760	3.0E-4
5761	3.0E-4
5762	3.0E-4
5763	3.0E-4
5764	3.0E-4
5765	3.0E-4
5766	3.0E-4
5767	3.0E-4
5768	3.0E-4
5769	3.0E-4
577	0.0908
5770	3.0E-4
5771	3.0E-4
5772	3.0E-4
5773	3.0E-4
5774	3.0E-4
5775	3.0E-4
5776	3.0E-4
5777	3.0E-4
5778	3.0E-4
5779	3.0E-4
578	2.5543
5780	3.0E-4
5781	3.0E-4
5782	3.0E-4
5783	3.0E-4
5784	3.0E-4
5785	3.3013
5786	2.2377
5787	1.0904
5788	0.3745
5789	0.2438
579	0.2435
5790	0.202
5791	0.1997
5792	0.1994
5793	0.1994
5794	0.2001
5795	0.2009
5796	0.2341
5797	0.3028
5798	0.6719
5799	0.927
58	1.8415
580	0.2435
5800	0.0102
5801	0.0102
5802	0.0102
5803	0.0102
5804	0.0102
5805	0.0102
5806	0.0102
5807	0.0102
5808	0.0102
5809	0.0102
581	0.2548
5810	0.0102
5811	0.0102
5812	0.0102
5813	0.0102
5814	0.0102
5815	0.023
5816	0.023
5817	0.0011
5818	0.0014
5819	0.0991
582	0.1121
5820	1.0018
5821	1.0018
5822	0.1996
5823	1.2865
5824	0.2062
5825	0.6596
5826	0.3572
5827	0.3572
5828	0.7508
5829	0.3572
583	0.1121
5830	0.3572
5831	0.3572
5832	0.3637
5833	0.3637
5834	0.0159
5835	0.3065
5836	0.3065
5837	0.3065
5838	0.3065
5839	0.3065
584	0.098
5840	0.3065
5841	0.3065
5842	0.3898
5843	0.3898
5844	0.0029
5845	0.0034
5846	0.0034
5847	0.0034
5848	0.0075
5849	0.0034
585	0.1122
5850	0.0034
5851	0.0034
5852	0.0034
5853	0.0034
5854	0.0034
5855	0.0034
5856	0.0075
5857	0.0034
5858	0.0075
5859	0.0034
586	0.1121
5860	0.0075
5861	0.0034
5862	0.0075
5863	0.0034
5864	0.0034
5865	0.0034
5866	0.0075
5867	0.1126
5868	0.0039
5869	0.0039
587	0.1372
5870	0.0039
5871	0.0039
5872	0.0039
5873	0.0039
5874	0.0039
5875	0.008
5876	0.0039
5877	1.045
5878	0.0039
5879	0.0039
588	0.098
5880	0.0039
5881	0.0039
5882	0.0039
5883	0.0039
5884	0.0039
5885	0.0039
5886	0.0039
5887	0.0039
5888	0.0039
5889	0.0039
589	0.1293
5890	0.0039
5891	0.0039
5892	0.0014
5893	0.0042
5894	0.0014
5895	0.0014
5896	0.0014
5897	0.0014
5898	0.0014
5899	0.0014
59	1.8258
590	0.1293
5900	0.0014
5901	0.0014
5902	0.0014
5903	0.0014
5904	0.0014
5905	0.0014
5906	0.0014
5907	0.0014
5908	0.0014
5909	0.0014
591	0.1293
5910	0.0014
5911	0.0014
5912	0.0014
5913	0.0013
5914	0.0014
5915	0.0014
5916	0.0014
5917	0.0014
5918	0.0014
5919	0.0013
592	0.1293
5920	0.0079
5921	0.0529
5922	0.1309
5923	0.1309
5924	0.1309
5925	0.1309
5926	0.1309
5927	0.1309
5928	0.1309
5929	0.1309
593	10.7194
5930	1.1159
5931	1.1159
5932	1.1159
5933	1.1159
5934	1.1159
5935	1.1159
5936	0.1137
5937	0.1071
5938	0.3866
5939	0.1131
594	0.1251
5940	0.0033
5941	0.0033
5942	0.0033
5943	0.0033
5944	0.0033
5945	0.0033
5946	0.0033
5947	0.0041
5948	0.0074
5949	0.0041
595	0.0908
5950	0.0041
5951	0.0909
5952	0.0083
5953	0.0086
5954	0.0165
5955	1.3722
5956	1.0288
5957	0.0165
5958	2.0E-4
5959	2.0E-4
596	0.0908
5960	2.0E-4
5961	2.0E-4
5962	2.0E-4
5963	2.0E-4
5964	2.0E-4
5965	2.0E-4
5966	2.0E-4
5967	2.0E-4
5968	7.0E-4
5969	7.0E-4
597	0.0908
5970	7.0E-4
5971	7.0E-4
5972	7.0E-4
5973	7.0E-4
5974	0.0714
5975	0.0181
5976	0.0692
5977	0.0692
5978	0.0066
5979	0.0066
598	0.0514
5980	0.0066
5981	0.0066
5982	0.0066
5983	0.0066
5984	0.0066
5985	0.0066
5986	0.0066
5987	0.0066
5988	0.0066
5989	0.0066
599	0.0256
5990	0.0066
5991	0.0066
5992	1.0
5993	0.004
5994	0.004
5995	0.004
5996	3.0E-4
5997	3.0E-4
5998	3.0E-4
5999	3.0E-4
6	0.0189
60	1.6876
600	0.0862
6000	3.0E-4
6001	0.0014
6002	0.0014
6003	0.002
6004	1.178
6005	1.3816
6006	6.0E-4
6007	6.0E-4
6008	6.0E-4
6009	6.0E-4
601	0.0862
6010	6.0E-4
6011	6.0E-4
6012	0.5699
602	0.0862
603	0.0862
604	0.0862
605	0.0862
606	0.0862
607	0.0862
608	0.0862
609	0.0862
61	29.5096
610	0.0862
611	1.1998
612	1.7775
613	0.0345
614	0.2784
615	0.0304
616	0.0629
617	0.0447
618	0.0447
619	0.0447
62	0.3439
620	1.2175
621	2.9397
622	0.0319
623	0.0316
624	0.031
625	0.0913
626	0.0913
627	1.0519
628	0.1044
629	0.1044
63	1.5641
630	2.9642
631	0.3481
632	1.0E-4
633	1.0E-4
634	1.0E-4
635	1.0E-4
636	1.0E-4
637	1.0E-4
638	1.0E-4
639	1.0E-4
64	1.0988
640	1.0E-4
641	1.0E-4
642	1.0E-4
643	1.0E-4
644	1.0E-4
645	1.0E-4
646	1.0E-4
647	1.0E-4
648	0.0393
649	0.0393
65	1.2453
650	0.0393
651	0.0395
652	0.0393
653	0.0393
654	0.0393
655	0.0393
656	0.0397
657	0.0395
658	1.0E-4
659	1.0E-4
66	1.1028
660	1.0E-4
661	1.0E-4
662	1.0E-4
663	1.0E-4
664	1.0E-4
665	1.0E-4
666	1.0E-4
667	0.0187
668	0.0114
669	0.0528
67	1.0663
670	0.0523
671	0.0684
672	0.0684
673	0.0895
674	0.663
675	0.0588
676	0.0589
677	0.0732
678	0.6531
679	1.0E-4
68	1.574
680	1.0E-4
681	1.0E-4
682	1.0E-4
683	1.0E-4
684	1.0E-4
685	1.0E-4
686	0.0505
687	0.0578
688	0.0578
689	0.0578
69	1.6589
690	1.0E-4
691	1.0E-4
692	1.0E-4
693	1.0E-4
694	1.0E-4
695	1.0E-4
696	1.0E-4
697	1.0E-4
698	1.0E-4
699	1.0E-4
7	1.9188
70	1.2164
700	1.0E-4
701	1.0E-4
702	1.0E-4
703	1.0E-4
704	1.0E-4
705	1.0E-4
706	1.0E-4
707	1.0E-4
708	1.0E-4
709	0.0371
71	1.8139
710	0.0039
711	0.0036
712	0.0039
713	0.0036
714	0.0036
715	0.0036
716	0.0036
717	0.0036
718	0.0036
719	0.0036
72	1.8705
720	0.0036
721	0.0036
722	0.0071
723	0.0036
724	0.0071
725	0.0036
726	0.0036
727	0.0036
728	0.0036
729	0.0036
73	11.5355
730	0.0036
731	0.0036
732	0.0036
733	0.0036
734	0.0036
735	0.0036
736	0.0036
737	0.0036
738	0.0036
739	0.0036
74	3.7377
740	0.0036
741	0.0036
742	0.0036
743	0.0036
744	0.0036
745	0.0039
746	0.0036
747	0.0036
748	0.0036
749	0.0036
75	2.1497
750	0.0036
751	0.1309
752	0.0036
753	0.0036
754	0.0036
755	0.0478
756	0.0478
757	0.0478
758	0.0478
759	0.0478
76	2.4675
760	0.0478
761	0.0478
762	0.0478
763	0.0291
764	0.029
765	0.0292
766	0.0346
767	0.0315
768	0.0195
769	0.0291
77	0.763
770	0.0291
771	1.0E-4
772	0.0226
773	0.0226
774	0.0214
775	0.0237
776	0.0237
777	0.0214
778	0.0135
779	0.0135
78	2.5062
780	0.0226
781	0.0226
782	0.0012
783	0.0185
784	0.0258
785	0.0257
786	0.0257
787	0.0257
788	0.0213
789	0.0213
79	1.6775
790	0.0213
791	0.0228
792	0.0228
793	0.0228
794	0.0236
795	0.0236
796	0.0214
797	0.0213
798	0.0213
799	0.0213
8	0.1286
80	8.7216
800	0.0215
801	0.077
802	0.0976
803	0.0938
804	0.1108
805	0.1108
806	0.1108
807	0.1108
808	0.132
809	0.132
81	12.7657
810	0.0674
811	0.0675
812	0.0674
813	0.0674
814	0.0674
815	0.0674
816	0.0699
817	0.0678
818	0.1078
819	0.1074
82	5.162
820	0.1074
821	0.1074
822	9.6019
823	1.7541
824	0.2731
825	0.1967
826	0.7306
827	0.4659
828	8.5204
829	0.0534
83	3.857
830	0.1246
831	0.0356
832	0.0356
833	0.0356
834	0.0356
835	0.0356
836	0.0047
837	0.4492
838	0.2744
839	0.3916
84	4.9337
840	0.5778
841	0.3016
842	0.3223
843	0.2488
844	0.2488
845	0.2488
846	0.2488
847	0.2488
848	0.2488
849	0.2488
85	1.4211
850	0.2488
851	0.2488
852	0.2488
853	0.2488
854	0.2488
855	0.2488
856	0.2488
857	0.2488
858	0.2488
859	0.2488
86	1.2355
860	0.2488
861	0.2488
862	0.2488
863	0.2488
864	0.2488
865	0.2488
866	0.2488
867	0.2488
868	0.2488
869	0.1276
87	1.3708
870	0.0212
871	0.0212
872	0.0293
873	0.0704
874	0.0514
875	0.3233
876	0.3408
877	0.4038
878	0.4038
879	0.3268
88	1.4211
880	3.9796
881	0.2918
882	0.2918
883	0.2918
884	0.2918
885	0.2918
886	0.2918
887	0.5136
888	0.2918
889	0.0141
89	1.2532
890	0.0319
891	0.0141
892	0.528
893	0.9421
894	0.528
895	0.528
896	0.0296
897	0.0296
898	0.0296
899	0.0296
9	0.0195
90	1.5119
900	0.004
901	0.004
902	0.004
903	0.004
904	0.004
905	0.004
906	0.004
907	0.004
908	0.004
909	0.004
91	1.5119
910	0.004
911	0.004
912	0.004
913	0.004
914	0.004
915	0.004
916	0.004
917	0.004
918	0.0128
919	0.004
92	1.543
920	0.0128
921	0.004
922	0.004
923	0.0054
924	0.004
925	0.004
926	0.004
927	0.004
928	0.004
929	0.004
93	1.3394
930	0.004
931	0.0145
932	0.004
933	0.004
934	0.004
935	0.0069
936	0.0073
937	0.0073
938	0.0266
939	0.0105
94	0.0013
940	0.0105
941	0.0105
942	0.0105
943	0.1368
944	0.1368
945	0.0509
946	0.0513
947	0.0182
948	0.0181
949	0.0166
95	0.0013
950	0.0181
951	0.0181
952	0.0331
953	0.0411
954	0.0411
955	0.0409
956	0.0422
957	0.0512
958	0.0219
959	0.0219
96	0.0013
960	0.021
961	0.0295
962	0.0295
963	0.0329
964	0.0293
965	0.0293
966	0.0293
967	0.0293
968	0.0338
969	0.0338
97	0.0013
970	0.598
971	0.0217
972	0.0436
973	0.0438
974	0.0434
975	0.0434
976	0.0436
977	0.0434
978	0.0434
979	0.0616
98	0.0013
980	0.0191
981	0.3298
982	0.0337
983	0.0335
984	0.0338
985	0.0585
986	0.0335
987	0.0175
988	0.0174
989	0.0149
99	0.0013
990	0.2008
991	1.2899
992	0.381
993	1.9817
994	0.2008
995	1.1223
996	0.0175
997	0.0175
998	0.0256
999	0.0255
