1	0.1147
10	1.1514
100	2.0E-4
1000	0.0099
1001	0.0099
1002	0.0095
1003	0.0064
1004	0.0073
1005	0.0064
1006	0.0089
1007	0.0088
1008	0.0095
1009	0.0086
101	2.0E-4
1010	0.0079
1011	0.0079
1012	0.0082
1013	0.0082
1014	0.0082
1015	0.0098
1016	0.0097
1017	0.0097
1018	0.0086
1019	0.0087
102	0.0091
1020	0.8524
1021	0.3419
1022	0.0067
1023	3.0E-4
1024	8.0E-4
1025	0.0843
1026	0.0843
1027	0.0191
1028	0.0055
1029	0.0074
103	2.0E-4
1030	0.0095
1031	0.001
1032	2.0E-4
1033	0.0095
1034	0.5283
1035	0.0061
1036	0.0061
1037	0.0061
1038	0.0098
1039	1.0706
104	2.0E-4
1040	1.0706
1041	1.0706
1042	1.0706
1043	1.0706
1044	1.0706
1045	1.0706
1046	1.0706
1047	1.0706
1048	1.0706
1049	1.0706
105	2.0E-4
1050	1.0706
1051	1.0706
1052	1.0706
1053	1.0706
1054	1.0706
1055	1.0706
1056	1.0706
1057	1.0706
1058	1.0706
1059	1.0706
106	2.3652
1060	1.0706
1061	1.0706
1062	1.0706
1063	1.0706
1064	1.0706
1065	1.0706
1066	4.0E-4
1067	4.0E-4
1068	4.0E-4
1069	4.0E-4
107	0.791
1070	4.0E-4
1071	4.0E-4
1072	4.0E-4
1073	4.0E-4
1074	4.0E-4
1075	4.0E-4
1076	4.0E-4
1077	4.0E-4
1078	4.0E-4
1079	4.0E-4
108	0.4447
1080	4.0E-4
1081	4.0E-4
1082	4.0E-4
1083	4.0E-4
1084	4.0E-4
1085	4.0E-4
1086	4.0E-4
1087	4.0E-4
1088	4.0E-4
1089	4.0E-4
109	0.4057
1090	4.0E-4
1091	4.0E-4
1092	4.0E-4
1093	4.0E-4
1094	4.0E-4
1095	4.0E-4
1096	4.0E-4
1097	9.0E-4
1098	0.001
1099	0.001
11	0.0052
110	0.4057
1100	0.0539
1101	0.0622
1102	0.0998
1103	0.0998
1104	0.0998
1105	0.0998
1106	0.0998
1107	0.0998
1108	0.0998
1109	0.0998
111	1.5444
1110	0.0998
1111	0.0998
1112	0.0998
1113	0.0998
1114	0.0998
1115	0.0998
1116	0.0998
1117	0.0998
1118	0.0998
1119	0.0998
112	1.6069
1120	0.0998
1121	0.0998
1122	0.0998
1123	0.0998
1124	0.0998
1125	0.0998
1126	0.0998
1127	0.0998
1128	0.0998
1129	0.0998
113	0.689
1130	0.0998
1131	0.0998
1132	0.0998
1133	0.0998
1134	0.0998
1135	0.0998
1136	0.0998
1137	0.0998
1138	0.0998
1139	0.0998
114	0.411
1140	0.0998
1141	0.0998
1142	0.0998
1143	0.0998
1144	0.0998
1145	0.0998
1146	0.0998
1147	0.0998
1148	0.0998
1149	0.0998
115	0.7467
1150	0.0998
1151	0.0998
1152	0.0998
1153	0.0998
1154	0.0998
1155	0.0998
1156	0.0998
1157	0.0998
1158	0.0998
1159	0.0
116	1.2741
1160	0.0
1161	4.0E-4
1162	0.0
1163	0.0
1164	0.0
1165	0.0
1166	0.0
1167	0.0
1168	0.0
1169	0.0
117	0.5262
1170	0.0
1171	0.0
1172	0.0
1173	0.0
1174	0.0
1175	0.0
1176	0.0
1177	0.0014
1178	0.0073
1179	0.0
118	1.3051
1180	0.0
1181	0.0
1182	0.0
1183	0.0
1184	0.0
1185	0.0
1186	0.0
1187	0.0011
1188	0.0011
1189	0.0011
119	3.1658
1190	0.0011
1191	0.0011
1192	0.0011
1193	0.0029
1194	0.0032
1195	0.0029
1196	0.0013
1197	0.0013
1198	7.0E-4
1199	0.158
12	0.0071
120	1.3908
1200	6.0E-4
1201	6.0E-4
1202	7.0E-4
1203	6.0E-4
1204	6.0E-4
1205	6.0E-4
1206	6.0E-4
1207	4.0E-4
1208	5.0E-4
1209	5.0E-4
121	1.27
1210	4.0E-4
1211	4.0E-4
1212	4.0E-4
1213	0.0076
1214	8.0E-4
1215	0.253
1216	0.3796
1217	0.253
1218	0.253
1219	0.0012
122	1.3908
1220	0.0012
1221	0.0
1222	0.0
1223	0.0
1224	0.0
1225	0.001
1226	0.001
1227	0.0051
1228	0.0051
1229	0.0051
123	2.1963
1230	0.0051
1231	0.0051
1232	0.0051
1233	0.0051
1234	0.0
1235	0.0
1236	0.0
1237	0.0
1238	0.0
1239	0.0
124	1.8172
1240	0.0
1241	0.0
1242	0.0
1243	0.0
1244	0.0
1245	0.0
1246	0.0
1247	0.0
1248	0.0
1249	0.0
125	1.8276
1250	0.0
1251	0.0
1252	0.0
1253	0.0
1254	0.0
1255	0.0
1256	0.0
1257	0.0
1258	0.0
1259	0.0
126	1.8364
1260	0.0
1261	0.0
1262	0.0
1263	0.0
1264	0.0
1265	0.0
1266	0.0
1267	0.0
1268	0.0
1269	0.0065
127	0.5709
1270	0.0065
1271	0.0065
1272	0.0065
1273	0.0065
1274	0.0065
1275	0.0065
1276	0.0065
1277	0.0065
1278	0.0065
1279	0.0056
128	0.5709
1280	0.0056
1281	0.0056
1282	0.0056
1283	0.0056
1284	0.0
1285	0.0
1286	0.0
1287	0.0
1288	0.0157
1289	0.0157
129	0.5377
1290	0.0157
1291	0.0237
1292	0.0102
1293	0.066
1294	0.066
1295	0.0029
1296	0.0029
1297	0.0
1298	0.0
1299	0.0
13	0.0052
130	0.5089
1300	3.0E-4
1301	0.0
1302	0.0
1303	0.0
1304	0.0
1305	3.0E-4
1306	3.0E-4
1307	3.0E-4
1308	0.0
1309	0.0017
131	0.4232
1310	0.0
1311	9.0E-4
1312	4.0E-4
1313	4.0E-4
1314	4.0E-4
1315	4.0E-4
1316	4.0E-4
1317	4.0E-4
1318	4.0E-4
1319	4.0E-4
132	5.2673
1320	4.0E-4
1321	4.0E-4
1322	4.0E-4
1323	4.0E-4
1324	3.0E-4
1325	3.0E-4
1326	3.0E-4
1327	3.0E-4
1328	3.0E-4
1329	3.0E-4
133	0.1764
1330	3.0E-4
1331	3.0E-4
1332	3.0E-4
1333	3.0E-4
1334	3.0E-4
1335	3.0E-4
1336	3.0E-4
1337	3.0E-4
1338	3.0E-4
1339	3.0E-4
134	0.1615
1340	5.0E-4
1341	4.0E-4
1342	0.0019
1343	0.0019
1344	5.0E-4
1345	0.0093
1346	0.0019
1347	0.0019
1348	0.0019
1349	0.0019
135	0.1922
1350	0.0019
1351	0.0019
1352	0.0019
1353	0.0019
1354	0.0019
1355	0.0019
1356	0.0019
1357	0.0019
1358	0.0019
1359	0.0019
136	0.2048
1360	0.0019
1361	0.0019
1362	2.0E-4
1363	0.0254
1364	0.0254
1365	0.0018
1366	0.0017
1367	0.0018
1368	0.0018
1369	0.0018
137	0.2195
1370	0.6789
1371	0.0611
1372	0.0211
1373	0.0272
1374	0.05
1375	0.0188
1376	0.0121
1377	0.0121
1378	0.0048
1379	0.9227
138	0.2499
1380	0.0045
1381	0.0044
1382	0.0026
1383	0.0026
1384	0.0026
1385	0.0026
1386	0.0026
1387	0.0026
1388	0.0026
1389	0.0026
139	0.0587
1390	0.0
1391	2.0E-4
1392	0.0
1393	0.0
1394	0.0
1395	0.0
1396	2.0E-4
1397	2.0E-4
1398	3.0E-4
1399	2.0E-4
14	0.5635
140	0.0561
1400	2.0E-4
1401	2.0E-4
1402	0.0
1403	0.0
1404	0.0
1405	0.0
1406	0.0
1407	0.0
1408	0.02
1409	0.0406
141	0.0515
1410	0.0406
1411	0.0406
1412	0.0406
1413	0.0406
1414	0.0406
1415	0.0406
1416	0.0486
1417	0.0625
1418	0.0406
1419	0.0617
142	0.242
1420	0.0617
1421	0.0406
1422	2.0E-4
1423	2.0E-4
1424	2.0E-4
1425	2.0E-4
1426	2.0E-4
1427	2.0E-4
1428	2.0E-4
1429	2.0E-4
143	0.3309
1430	2.0E-4
1431	2.0E-4
1432	2.0E-4
1433	0.0146
1434	0.0146
1435	0.0146
1436	0.0146
1437	0.0146
1438	3.0E-4
1439	3.0E-4
144	0.0811
1440	0.0016
1441	0.002
1442	0.0079
1443	0.498
1444	0.0016
1445	4.0E-4
1446	3.0E-4
1447	3.0E-4
1448	3.0E-4
1449	3.0E-4
145	0.6215
1450	3.0E-4
1451	3.0E-4
1452	3.0E-4
1453	3.0E-4
1454	3.0E-4
1455	3.0E-4
1456	3.0E-4
1457	0.0015
1458	6.0E-4
1459	0.0011
146	0.0515
1460	0.0013
1461	0.012
1462	0.012
1463	0.012
1464	0.012
1465	0.012
1466	0.012
1467	1.0306
1468	6.0E-4
1469	0.0059
147	0.0515
1470	0.0059
1471	0.0059
1472	0.0063
1473	8.0E-4
1474	8.0E-4
1475	8.0E-4
1476	8.0E-4
1477	8.0E-4
1478	8.0E-4
1479	8.0E-4
148	0.2286
1480	8.0E-4
1481	8.0E-4
1482	8.0E-4
1483	2.0E-4
1484	2.0E-4
1485	2.0E-4
1486	2.0E-4
1487	0.0049
1488	0.0037
1489	0.0049
149	0.0701
1490	0.0037
1491	0.0029
1492	0.0029
1493	0.003
1494	0.0038
1495	7.0E-4
1496	7.0E-4
1497	7.0E-4
1498	7.0E-4
1499	0.003
15	0.0055
150	0.0697
1500	7.0E-4
1501	7.0E-4
1502	0.003
1503	0.003
1504	7.0E-4
1505	0.003
1506	0.002
1507	0.0221
1508	0.0022
1509	3.0E-4
151	0.0731
1510	3.0E-4
1511	3.0E-4
1512	3.0E-4
1513	3.0E-4
1514	3.0E-4
1515	3.0E-4
1516	3.0E-4
1517	4.0E-4
1518	8.0E-4
1519	0.001
152	0.0462
1520	2.0E-4
1521	2.0E-4
1522	2.0E-4
1523	2.0E-4
1524	2.0E-4
1525	2.0E-4
1526	2.0E-4
1527	3.0E-4
1528	3.0E-4
1529	3.0E-4
153	0.0755
1530	3.0E-4
1531	2.0E-4
1532	2.0E-4
1533	0.0084
1534	1.0E-4
1535	1.0E-4
1536	1.0E-4
1537	3.0E-4
1538	0.5481
1539	0.8641
154	8.0E-4
1540	1.201
1541	1.1855
1542	0.5481
1543	0.004
1544	0.0
1545	0.0
1546	0.0
1547	0.0
1548	0.0
1549	0.0
155	0.2994
1550	0.0
1551	1.0E-4
1552	2.0E-4
1553	2.0E-4
1554	2.0E-4
1555	2.0E-4
1556	2.0E-4
1557	2.0E-4
1558	2.0E-4
1559	2.0E-4
156	0.1253
1560	2.0E-4
1561	2.0E-4
1562	2.0E-4
1563	2.0E-4
1564	2.0E-4
1565	0.0
1566	0.0
1567	0.0
1568	0.0
1569	0.0
157	0.3082
1570	0.0
1571	0.0
1572	0.0
1573	0.0
1574	0.0
1575	0.0
1576	0.0
1577	0.0
1578	0.0
1579	0.0
158	0.3599
1580	0.0
1581	0.0
1582	0.0
1583	0.0
1584	0.0
1585	0.0
1586	0.0
1587	0.0
1588	0.0
1589	0.0012
159	0.3082
1590	0.001
1591	0.001
1592	0.0
1593	0.0
1594	0.0
1595	0.0
1596	0.0
1597	0.0
1598	0.0
1599	0.0
16	2.1894
160	0.3307
1600	0.0
1601	0.0
1602	0.0141
1603	0.0141
1604	0.0141
1605	0.0141
1606	0.0141
1607	3.0E-4
1608	0.1109
1609	0.1109
161	0.3175
1610	0.1109
1611	0.1109
1612	0.1109
1613	0.1109
1614	0.0054
1615	0.0054
1616	0.0054
1617	0.0054
1618	0.0054
1619	1.0E-4
162	0.3082
1620	0.1283
1621	0.0971
1622	0.0971
1623	0.0971
1624	0.0971
1625	0.0971
1626	1.0E-4
1627	1.0E-4
1628	1.0E-4
1629	1.0E-4
163	0.2994
1630	1.0E-4
1631	1.0E-4
1632	1.0E-4
1633	1.0E-4
1634	2.0E-4
1635	1.0E-4
1636	1.0E-4
1637	1.0E-4
1638	1.0E-4
1639	1.0E-4
164	0.1814
1640	1.0E-4
1641	1.0E-4
1642	1.0E-4
1643	1.0E-4
1644	1.0E-4
1645	1.0E-4
1646	1.0E-4
1647	1.0E-4
1648	1.0E-4
1649	1.0E-4
165	0.2994
1650	1.0E-4
1651	1.0E-4
1652	1.0E-4
1653	1.0E-4
1654	1.0E-4
1655	1.0E-4
1656	1.0E-4
1657	1.0E-4
1658	1.0E-4
1659	1.0E-4
166	0.3166
1660	1.0E-4
1661	1.0E-4
1662	1.0E-4
1663	1.0E-4
1664	1.0E-4
1665	0.3135
1666	0.4731
1667	0.3135
1668	0.3135
1669	0.0191
167	0.2994
1670	0.0191
1671	0.0225
1672	0.0191
1673	0.0191
1674	0.0191
1675	0.0191
1676	0.0191
1677	0.0191
1678	0.7882
1679	0.005
168	0.2659
1680	3.0E-4
1681	4.0E-4
1682	4.0E-4
1683	0.0023
1684	4.0E-4
1685	4.0E-4
1686	4.0E-4
1687	2.0E-4
1688	0.0018
1689	2.0E-4
169	0.2659
1690	2.0E-4
1691	2.0E-4
1692	2.0E-4
1693	2.0E-4
1694	2.0E-4
1695	2.0E-4
1696	2.0E-4
1697	2.0E-4
1698	2.0E-4
1699	2.0E-4
17	0.0055
170	0.2659
1700	2.0E-4
1701	2.0E-4
1702	2.0E-4
1703	2.0E-4
1704	2.0E-4
1705	2.0E-4
1706	2.0E-4
1707	2.0E-4
1708	2.0E-4
1709	2.0E-4
171	0.2668
1710	2.0E-4
1711	2.0E-4
1712	2.0E-4
1713	2.0E-4
1714	2.0E-4
1715	2.0E-4
1716	2.0E-4
1717	2.0E-4
1718	2.0E-4
1719	2.0E-4
172	0.2659
1720	2.0E-4
1721	2.0E-4
1722	2.0E-4
1723	1.0E-4
1724	1.0E-4
1725	1.0E-4
1726	1.0E-4
1727	1.0E-4
1728	1.0E-4
1729	1.0E-4
173	0.2604
1730	1.0E-4
1731	1.0E-4
1732	1.0E-4
1733	1.0E-4
1734	1.0E-4
1735	1.0E-4
1736	1.0E-4
1737	2.0E-4
1738	2.0E-4
1739	2.0E-4
174	0.1943
1740	2.0E-4
1741	1.0E-4
1742	1.0E-4
1743	1.0E-4
1744	1.0E-4
1745	1.0E-4
1746	1.0E-4
1747	1.0E-4
1748	1.0E-4
1749	1.0E-4
175	0.2999
1750	1.0E-4
1751	1.0E-4
1752	1.0E-4
1753	1.0E-4
1754	1.0E-4
1755	1.0E-4
1756	1.0E-4
1757	1.0E-4
1758	1.0E-4
1759	1.0E-4
176	0.3299
1760	7.0E-4
1761	9.0E-4
1762	9.0E-4
1763	9.0E-4
1764	0.0047
1765	0.0047
1766	1.0E-4
1767	1.0E-4
1768	1.0E-4
1769	1.0E-4
177	0.1988
1770	1.0E-4
1771	1.0E-4
1772	1.0E-4
1773	1.0E-4
1774	1.0E-4
1775	1.0E-4
1776	1.0E-4
1777	1.0E-4
1778	1.0E-4
1779	1.0E-4
178	0.0605
1780	1.0E-4
1781	1.0E-4
1782	1.0E-4
1783	1.0E-4
1784	1.0E-4
1785	1.0E-4
1786	1.0E-4
1787	1.0E-4
1788	1.0E-4
1789	2.0E-4
179	0.1078
1790	2.0E-4
1791	1.0E-4
1792	1.0E-4
1793	1.0E-4
1794	1.0E-4
1795	1.0E-4
1796	1.0E-4
1797	1.0E-4
1798	1.0E-4
1799	1.0E-4
18	0.1001
180	0.1009
1800	1.0E-4
1801	1.0E-4
1802	1.0E-4
1803	1.0E-4
1804	1.0E-4
1805	1.0E-4
1806	1.0E-4
1807	1.0E-4
1808	1.0E-4
1809	1.0E-4
181	0.1014
1810	1.0E-4
1811	1.0E-4
1812	1.0E-4
1813	1.0E-4
1814	1.0E-4
1815	1.0E-4
1816	1.0E-4
1817	1.0E-4
1818	0.0017
1819	0.0087
182	0.067
1820	0.0046
1821	0.0054
1822	0.0046
1823	0.0059
1824	0.0059
1825	0.0059
1826	0.0059
1827	0.0059
1828	0.0059
1829	0.0059
183	0.1009
1830	0.0074
1831	0.0099
1832	0.0059
1833	0.0097
1834	0.0097
1835	0.0059
1836	0.0077
1837	0.0038
1838	0.0101
1839	0.0099
184	0.1021
1840	0.0099
1841	0.0084
1842	0.0078
1843	0.0078
1844	0.0078
1845	0.0078
1846	0.0078
1847	0.0078
1848	0.0078
1849	0.0028
185	0.1008
1850	0.0028
1851	0.0036
1852	0.0028
1853	0.0021
1854	1.0E-4
1855	0.0
1856	0.0
1857	0.0
1858	0.0
1859	0.0
186	0.1014
1860	7.0E-4
1861	0.0027
1862	0.0027
1863	0.0031
1864	0.0
1865	0.0
1866	0.0
1867	1.0E-4
1868	1.0E-4
1869	0.0
187	0.1013
1870	3.0E-4
1871	0.5274
1872	2.0218
1873	2.2184
1874	0.5249
1875	2.6216
1876	1.7568
1877	2.6216
1878	2.645
1879	0.1015
188	0.1008
1880	0.1015
1881	0.1015
1882	0.1015
1883	2.3175
1884	0.3984
1885	0.3984
1886	0.3984
1887	0.3984
1888	0.3984
1889	0.3984
189	0.1224
1890	0.3984
1891	0.3984
1892	0.3984
1893	0.3984
1894	0.3984
1895	0.3984
1896	0.0
1897	0.0
1898	0.0
1899	0.0
19	0.0348
190	0.0028
1900	0.0
1901	0.0
1902	0.0
1903	0.0
1904	0.0
1905	0.0
1906	0.0
1907	0.0
1908	0.0
1909	0.0
191	0.0038
1910	0.0
1911	0.0
1912	0.0
1913	0.0
1914	0.0
1915	0.0
1916	0.0
1917	0.0
1918	0.0
1919	0.0
192	0.2536
1920	0.0
1921	0.0
1922	0.0
1923	0.0
1924	0.0
1925	0.0
1926	0.0
1927	0.0
1928	0.0
1929	0.0
193	1.6845
1930	0.0
1931	0.0
1932	0.0
1933	0.0
1934	0.0
1935	0.0
1936	0.0
1937	0.0
1938	0.0
1939	0.0
194	0.6171
1940	0.0
1941	0.0
1942	0.0
1943	0.0
1944	0.0
1945	0.0
1946	0.0
1947	0.0
1948	0.0
1949	0.0
195	0.8382
1950	0.0
1951	0.0
1952	0.0
1953	0.0
1954	0.0
1955	0.0
1956	0.0
1957	0.0
1958	0.0
1959	0.0
196	0.836
1960	0.0
1961	0.0
1962	0.0
1963	0.0
1964	0.0
1965	0.0
1966	0.0
1967	0.0
1968	0.0
1969	0.0
197	0.5723
1970	0.0
1971	0.0
1972	0.0
1973	0.0
1974	0.0
1975	0.0
1976	0.0
1977	0.0
1978	0.0
1979	0.0
198	0.6921
1980	0.0
1981	0.0
1982	0.0
1983	0.0
1984	0.0
1985	0.0
1986	0.0
1987	0.0
1988	0.0
1989	0.0
199	0.8328
1990	0.0
1991	0.0
1992	0.0
1993	0.0
1994	0.0
1995	1.0018
1996	0.0
1997	0.0
1998	0.0
1999	0.0
2	20.3723
20	0.0949
200	0.9485
2000	0.0
2001	0.0
2002	0.0
2003	0.0
2004	0.0
2005	0.0
2006	0.0
2007	0.0
2008	0.0
2009	0.0
201	1.6832
2010	0.0
2011	0.0
2012	0.0
2013	0.0
2014	0.0
2015	0.0
2016	0.0
2017	0.0
2018	0.0
2019	0.0
202	1.7232
2020	0.0
2021	0.0
2022	0.0
2023	0.0
2024	0.0
2025	0.0
2026	0.0
2027	0.0
2028	0.0
2029	0.0
203	0.5483
2030	0.0
2031	0.0
2032	0.0
2033	0.0
2034	0.0
2035	0.0
2036	0.0
2037	0.0
2038	0.0
2039	0.0
204	0.7926
2040	0.0
2041	0.0
2042	0.0
2043	0.0
2044	0.0
2045	0.0
2046	0.0
2047	0.0
2048	0.0
2049	0.0
205	0.6392
2050	0.0
2051	0.0
2052	0.0
2053	0.0
2054	0.0
2055	0.0
2056	0.0
2057	0.0
2058	0.0
2059	0.0
206	0.5297
2060	0.0
2061	0.0
2062	0.0
2063	0.0
2064	0.0
2065	0.0
2066	0.0
2067	0.0
2068	0.0
2069	0.0
207	0.0035
2070	0.0
2071	0.0
2072	0.0
2073	0.0
2074	0.0
2075	0.0
2076	0.0
2077	0.0
2078	0.0
2079	0.0
208	0.0037
2080	0.0073
2081	0.0056
2082	0.0073
2083	0.0056
2084	0.0046
2085	0.0058
2086	0.0011
2087	0.0011
2088	0.0011
2089	0.0011
209	0.0117
2090	0.0046
2091	0.0011
2092	0.0011
2093	0.0044
2094	0.0044
2095	0.0011
2096	0.0046
2097	0.0029
2098	0.0173
2099	0.0035
21	0.0335
210	0.0094
2100	0.7764
2101	0.0049
2102	1.0E-4
2103	0.1826
2104	1.0E-4
2105	1.0E-4
2106	1.0E-4
2107	6.0E-4
2108	6.0E-4
2109	6.0E-4
211	0.1759
2110	6.0E-4
2111	6.0E-4
2112	6.0E-4
2113	6.0E-4
2114	6.0E-4
2115	7.0E-4
2116	6.0E-4
2117	6.0E-4
2118	6.0E-4
2119	6.0E-4
212	1.0751
2120	6.0E-4
2121	6.0E-4
2122	6.0E-4
2123	6.0E-4
2124	6.0E-4
2125	0.0077
2126	0.0077
2127	0.0074
2128	0.0138
2129	0.0074
213	1.071
2130	0.0074
2131	0.0074
2132	0.0037
2133	0.0037
2134	0.0037
2135	0.0037
2136	0.0037
2137	0.0145
2138	0.0145
2139	0.0169
214	1.0721
2140	0.0145
2141	0.0145
2142	0.0145
2143	0.0145
2144	0.5659
2145	0.6701
2146	0.5495
2147	0.5495
2148	0.5659
2149	6.0E-4
215	1.0564
2150	6.0E-4
2151	6.0E-4
2152	6.0E-4
2153	6.0E-4
2154	6.0E-4
2155	6.0E-4
2156	6.0E-4
2157	6.0E-4
2158	6.0E-4
2159	0.001
216	1.0669
2160	0.001
2161	0.001
2162	0.001
2163	0.001
2164	0.001
2165	0.001
2166	0.001
2167	7.0E-4
2168	7.0E-4
2169	7.0E-4
217	1.0837
2170	7.0E-4
2171	0.0195
2172	0.5176
2173	7.0E-4
2174	7.0E-4
2175	7.0E-4
2176	7.0E-4
2177	7.0E-4
2178	7.0E-4
2179	7.0E-4
218	0.7028
2180	7.0E-4
2181	7.0E-4
2182	7.0E-4
2183	7.0E-4
2184	7.0E-4
2185	7.0E-4
2186	7.0E-4
2187	7.0E-4
2188	7.0E-4
2189	7.0E-4
219	0.1889
2190	7.0E-4
2191	7.0E-4
2192	7.0E-4
2193	0.8572
2194	0.8395
2195	0.8395
2196	0.8572
2197	0.8572
2198	0.8033
2199	0.2434
22	0.0052
220	0.2003
2200	0.2434
2201	0.2434
2202	0.2434
2203	0.2434
2204	0.2434
2205	0.2434
2206	0.2434
2207	0.2434
2208	0.2434
2209	0.001
221	0.0069
2210	1.0E-4
2211	2.0E-4
2212	6.0E-4
2213	2.0E-4
2214	1.0E-4
2215	2.0E-4
2216	1.0E-4
2217	1.0E-4
2218	1.0E-4
2219	2.0E-4
222	0.0069
2220	1.0E-4
2221	2.0E-4
2222	3.0E-4
2223	1.0E-4
2224	1.0E-4
2225	1.0E-4
2226	1.0E-4
2227	1.0E-4
2228	1.0E-4
2229	3.0E-4
223	3.0E-4
2230	2.0E-4
2231	1.0E-4
2232	1.0E-4
2233	1.0E-4
2234	1.0E-4
2235	2.0E-4
2236	4.0E-4
2237	2.0E-4
2238	3.0E-4
2239	3.0E-4
224	1.3025
2240	3.0E-4
2241	2.0E-4
2242	2.0E-4
2243	2.0E-4
2244	3.0E-4
2245	3.0E-4
2246	1.0E-4
2247	1.0E-4
2248	1.0E-4
2249	2.0E-4
225	0.0021
2250	0.0
2251	0.0
2252	0.0
2253	0.0
2254	0.0
2255	0.0
2256	0.0
2257	0.0
2258	4.0E-4
2259	1.0E-4
226	0.0023
2260	2.0E-4
2261	3.0E-4
2262	2.0E-4
2263	3.0E-4
2264	1.0E-4
2265	1.0E-4
2266	1.0E-4
2267	2.0E-4
2268	4.0E-4
2269	1.0E-4
227	0.002
2270	1.0E-4
2271	1.0E-4
2272	1.0E-4
2273	1.0E-4
2274	1.0E-4
2275	3.0E-4
2276	3.0E-4
2277	3.0E-4
2278	3.0E-4
2279	2.0E-4
228	0.0021
2280	2.0E-4
2281	3.0E-4
2282	4.0E-4
2283	6.0E-4
2284	2.0E-4
2285	1.0E-4
2286	1.0E-4
2287	1.0E-4
2288	1.0E-4
2289	1.0E-4
229	0.0032
2290	5.0E-4
2291	1.0E-4
2292	1.0E-4
2293	1.0E-4
2294	3.0E-4
2295	3.0E-4
2296	3.0E-4
2297	3.0E-4
2298	1.0E-4
2299	1.0E-4
23	0.0567
230	0.0021
2300	1.0E-4
2301	1.0E-4
2302	1.0E-4
2303	1.0E-4
2304	1.0E-4
2305	1.0E-4
2306	0.0
2307	0.0
2308	0.0
2309	0.0
231	0.1891
2310	0.0
2311	0.0
2312	0.0
2313	0.0
2314	0.0
2315	0.0
2316	0.0
2317	0.0
2318	0.0
2319	0.0
232	0.1435
2320	0.0
2321	0.0
2322	0.0
2323	0.0
2324	0.0
2325	0.0
2326	0.0
2327	0.0
2328	0.0
2329	0.0
233	0.1435
2330	0.0
2331	0.0
2332	0.0
2333	0.0
2334	0.0
2335	0.0
2336	0.0
2337	0.0
2338	0.0
2339	0.0
234	0.1435
2340	0.0
2341	0.0
2342	0.0
2343	0.0
2344	0.0
2345	0.0
2346	0.0
2347	0.0
2348	0.0
2349	0.0
235	0.231
2350	0.0
2351	0.0
2352	0.0
2353	0.0
2354	0.0
2355	0.0
2356	0.0
2357	0.0
2358	0.0
2359	0.0
236	0.2479
2360	0.0
2361	0.0
2362	0.0014
2363	0.1267
2364	0.0
2365	0.0
2366	0.0
2367	0.0
2368	0.0
2369	0.0
237	0.1435
2370	0.0
2371	0.0
2372	0.0
2373	0.0
2374	0.0
2375	0.0
2376	0.0
2377	0.0
2378	0.0
2379	0.0
238	0.1435
2380	0.0
2381	0.0
2382	0.0
2383	0.0
2384	0.0
2385	0.0
2386	0.0
2387	0.0
2388	0.0
2389	0.0
239	0.1435
2390	0.0
2391	0.0
2392	0.0
2393	0.0
2394	0.0
2395	0.0
2396	0.0
2397	0.0
2398	0.0
2399	0.0
24	0.0057
240	0.245
2400	0.0
2401	0.0
2402	3.0E-4
2403	0.0
2404	0.0
2405	0.0
2406	0.0
2407	0.0
2408	0.0
2409	0.0
241	0.1491
2410	0.0
2411	0.0
2412	0.0
2413	0.0
2414	0.0
2415	0.0
2416	0.0
2417	1.0E-4
2418	1.0E-4
2419	1.0E-4
242	0.2225
2420	0.0
2421	0.0
2422	0.0
2423	0.0
2424	0.0
2425	0.0
2426	0.0
2427	0.0
2428	0.0
2429	0.0
243	0.1435
2430	0.0
2431	0.0
2432	0.0
2433	0.0
2434	0.0
2435	0.0
2436	0.0
2437	0.0
2438	0.0
2439	0.0
244	0.2168
2440	0.0
2441	0.0
2442	0.0
2443	0.0
2444	0.0
2445	0.0
2446	0.0
2447	0.0
2448	0.0
2449	0.0
245	0.2168
2450	0.0
2451	0.0
2452	0.0124
2453	0.0075
2454	0.0075
2455	0.0031
2456	0.0075
2457	0.008
2458	0.0075
2459	0.0031
246	0.1961
2460	0.0016
2461	0.0016
2462	0.0016
2463	0.0016
2464	0.0016
2465	0.0016
2466	0.0016
2467	0.0016
2468	0.0016
2469	0.0016
247	0.1435
2470	0.0016
2471	0.0016
2472	0.0016
2473	0.0016
2474	0.0016
2475	0.0016
2476	0.0016
2477	0.0016
2478	0.0016
2479	0.0016
248	0.349
2480	0.0016
2481	0.0016
2482	0.0088
2483	0.0049
2484	0.0049
2485	0.0175
2486	0.0175
2487	0.0018
2488	0.0018
2489	0.0018
249	0.8883
2490	0.0018
2491	0.0018
2492	0.0018
2493	0.0018
2494	0.0018
2495	0.0018
2496	0.0018
2497	0.0018
2498	0.0018
2499	0.0018
25	0.0052
250	0.1906
2500	0.0018
2501	0.0018
2502	0.0018
2503	0.0018
2504	0.0018
2505	0.0018
2506	0.0018
2507	0.0018
2508	0.0018
2509	0.0018
251	0.1992
2510	1.0E-4
2511	0.0
2512	0.0
2513	0.0
2514	0.0
2515	0.0
2516	0.0
2517	0.0
2518	0.0
2519	0.0
252	0.4471
2520	0.0
2521	0.0
2522	0.0
2523	0.0
2524	0.0
2525	0.0
2526	0.0
2527	0.0
2528	0.0
2529	0.0
253	0.1521
2530	0.0
2531	0.0
2532	0.0
2533	0.0
2534	0.0
2535	4.0E-4
2536	0.136
2537	0.2968
2538	0.2968
2539	0.136
254	0.2657
2540	4.0E-4
2541	4.0E-4
2542	4.0E-4
2543	4.0E-4
2544	1.0E-4
2545	1.0E-4
2546	2.0E-4
2547	3.0E-4
2548	3.0E-4
2549	3.0E-4
255	0.3411
2550	3.0E-4
2551	1.0185
2552	1.0185
2553	1.0185
2554	1.0185
2555	1.0E-4
2556	1.0E-4
2557	1.0E-4
2558	1.0E-4
2559	1.0E-4
256	0.3155
2560	1.0E-4
2561	1.0E-4
2562	1.0E-4
2563	7.0E-4
2564	1.0E-4
2565	1.0E-4
2566	1.0E-4
2567	1.0E-4
2568	1.0E-4
2569	0.0
257	0.3949
2570	0.0
2571	0.0
2572	0.0
2573	0.0
2574	0.0
2575	0.0
2576	0.0
2577	0.0
2578	0.0
2579	0.0
258	0.8995
2580	0.0
2581	0.0
2582	0.0
2583	0.0
2584	0.0
2585	0.0
2586	1.0E-4
2587	1.0E-4
2588	0.0039
2589	8.0E-4
259	0.8995
2590	8.0E-4
2591	8.0E-4
2592	7.0E-4
2593	7.0E-4
2594	7.0E-4
2595	7.0E-4
2596	7.0E-4
2597	7.0E-4
2598	0.0027
2599	1.0E-4
26	0.8943
260	0.8995
2600	1.0E-4
2601	1.0E-4
2602	1.0E-4
2603	1.0E-4
2604	0.0
2605	0.0
2606	0.0
2607	0.0
2608	0.0
2609	0.0
261	0.0836
2610	0.0
2611	0.0
2612	0.0
2613	0.0
2614	0.0
2615	0.0
2616	0.0
2617	0.0
2618	0.0
2619	0.0
262	0.0916
2620	0.0
2621	0.0
2622	0.0
2623	0.0
2624	0.0
2625	0.0
2626	0.0
2627	0.0
2628	0.0
2629	0.0
263	0.0869
2630	0.0
2631	0.0
2632	0.0
2633	0.0
2634	0.0
2635	0.0
2636	0.0
2637	0.0
2638	0.0
2639	0.0
264	0.0978
2640	0.0
2641	0.0
2642	0.0
2643	0.0
2644	0.0
2645	0.0
2646	0.0
2647	0.0
2648	0.0
2649	0.0
265	0.0886
2650	0.0
2651	0.0
2652	0.0
2653	0.0
2654	0.0
2655	0.0
2656	0.0
2657	0.0
2658	0.0
2659	0.0
266	0.0878
2660	0.0
2661	0.0
2662	0.0
2663	1.0E-4
2664	1.0E-4
2665	1.0E-4
2666	1.0E-4
2667	1.0E-4
2668	1.0E-4
2669	1.0E-4
267	0.0944
2670	1.0E-4
2671	1.0699
2672	1.0699
2673	1.0699
2674	1.0699
2675	1.0699
2676	3.0E-4
2677	0.0
2678	0.0
2679	0.0
268	0.0925
2680	0.0
2681	0.0
2682	0.0
2683	0.0
2684	0.0
2685	0.0
2686	0.0
2687	0.0
2688	0.0
2689	0.0
269	0.0869
2690	0.0
2691	0.0
2692	0.0
2693	0.0
2694	0.0
2695	0.0
2696	0.0
2697	0.0
2698	0.0
2699	0.0
27	11.7524
270	0.0962
2700	0.0
2701	0.0
2702	0.0
2703	0.0
2704	0.0
2705	0.0
2706	0.0
2707	0.0
2708	0.0
2709	0.0
271	0.0813
2710	0.0
2711	0.0
2712	0.0
2713	0.0
2714	0.0
2715	0.0
2716	0.0
2717	0.0
2718	0.0
2719	0.0
272	0.0931
2720	0.0
2721	0.0
2722	0.0
2723	0.0
2724	0.0
2725	0.0
2726	0.0
2727	1.0E-4
2728	0.0
2729	0.0
273	0.0876
2730	0.0
2731	0.0
2732	0.0
2733	0.0
2734	0.0
2735	0.1595
2736	1.0E-4
2737	0.0017
2738	0.0017
2739	0.0017
274	0.0822
2740	0.0017
2741	0.0017
2742	0.0017
2743	0.0017
2744	0.0017
2745	0.0017
2746	0.0017
2747	0.0017
2748	1.0E-4
2749	1.0E-4
275	0.0907
2750	1.0E-4
2751	1.0E-4
2752	1.0E-4
2753	0.012
2754	1.0E-4
2755	1.0E-4
2756	1.0E-4
2757	3.0E-4
2758	3.0E-4
2759	3.0E-4
276	0.1021
2760	3.0E-4
2761	3.0E-4
2762	3.0E-4
2763	0.0023
2764	0.0023
2765	0.0023
2766	0.0023
2767	0.0023
2768	0.0023
2769	0.0023
277	0.0889
2770	0.0023
2771	0.3996
2772	0.3996
2773	0.3996
2774	0.3996
2775	0.3996
2776	0.3996
2777	0.3996
2778	0.3996
2779	0.3996
278	0.0949
2780	0.3996
2781	0.3996
2782	0.3996
2783	0.0
2784	2.0E-4
2785	2.0E-4
2786	0.0012
2787	0.0064
2788	0.0064
2789	1.0E-4
279	0.0875
2790	1.0E-4
2791	1.0E-4
2792	1.0E-4
2793	1.0E-4
2794	1.0E-4
2795	1.0E-4
2796	1.0E-4
2797	2.0E-4
2798	0.0023
2799	1.0E-4
28	8.9521
280	0.1644
2800	1.0E-4
2801	1.0E-4
2802	1.0E-4
2803	1.0E-4
2804	1.0E-4
2805	1.0E-4
2806	1.0E-4
2807	1.0E-4
2808	1.0E-4
2809	1.0E-4
281	0.0876
2810	1.0E-4
2811	1.0E-4
2812	1.0E-4
2813	1.0E-4
2814	1.0E-4
2815	1.0E-4
2816	1.0E-4
2817	1.0E-4
2818	1.0E-4
2819	1.0E-4
282	0.0901
2820	1.0E-4
2821	1.0E-4
2822	1.0E-4
2823	1.0E-4
2824	1.0E-4
2825	1.0E-4
2826	1.0E-4
2827	1.0E-4
2828	1.0E-4
2829	1.0E-4
283	0.0878
2830	1.0E-4
2831	1.0E-4
2832	1.0E-4
2833	1.0E-4
2834	1.0E-4
2835	1.0E-4
2836	1.0E-4
2837	1.0E-4
2838	1.0E-4
2839	1.0E-4
284	0.0887
2840	1.0E-4
2841	1.0E-4
2842	1.0E-4
2843	1.0E-4
2844	1.0E-4
2845	1.0E-4
2846	1.0E-4
2847	1.0E-4
2848	1.0E-4
2849	1.0E-4
285	0.088
2850	1.0E-4
2851	1.0E-4
2852	1.0E-4
2853	1.0E-4
2854	1.0E-4
2855	1.0E-4
2856	1.0E-4
2857	1.0E-4
2858	1.0E-4
2859	1.0E-4
286	0.0869
2860	1.0E-4
2861	1.0E-4
2862	1.0E-4
2863	1.0E-4
2864	1.0E-4
2865	1.0E-4
2866	1.0E-4
2867	1.0E-4
2868	1.0E-4
2869	1.0E-4
287	0.0869
2870	1.0E-4
2871	1.0E-4
2872	1.0E-4
2873	1.0E-4
2874	1.0E-4
2875	1.0E-4
2876	1.0E-4
2877	1.0E-4
2878	1.0E-4
2879	1.0E-4
288	0.0891
2880	1.0E-4
2881	1.0E-4
2882	1.0E-4
2883	1.0E-4
2884	1.0E-4
2885	1.0E-4
2886	1.0E-4
2887	1.0E-4
2888	1.0E-4
2889	1.0E-4
289	0.0878
2890	1.0E-4
2891	1.0E-4
2892	1.0E-4
2893	1.0E-4
2894	1.0E-4
2895	1.0E-4
2896	1.0E-4
2897	1.0E-4
2898	1.0E-4
2899	1.0E-4
29	9.034
290	0.0882
2900	1.0E-4
2901	1.0E-4
2902	1.0E-4
2903	1.0E-4
2904	1.0E-4
2905	1.0E-4
2906	1.0E-4
2907	1.0E-4
2908	1.0E-4
2909	1.0E-4
291	0.09
2910	1.0E-4
2911	1.0E-4
2912	1.0E-4
2913	1.0E-4
2914	1.0E-4
2915	1.0E-4
2916	1.0E-4
2917	1.0E-4
2918	1.0E-4
2919	1.0E-4
292	0.0894
2920	1.0E-4
2921	1.0E-4
2922	1.0E-4
2923	1.0E-4
2924	1.0E-4
2925	1.0E-4
2926	1.0E-4
2927	1.0E-4
2928	1.0E-4
2929	1.0E-4
293	0.0883
2930	1.0E-4
2931	1.0E-4
2932	1.0E-4
2933	1.0E-4
2934	1.0E-4
2935	1.0E-4
2936	1.0E-4
2937	1.0E-4
2938	1.0E-4
2939	1.0E-4
294	0.122
2940	1.0E-4
2941	1.0E-4
2942	1.0E-4
2943	1.0E-4
2944	1.0E-4
2945	1.0E-4
2946	1.0E-4
2947	1.0E-4
2948	1.0E-4
2949	1.0E-4
295	0.1223
2950	1.0E-4
2951	1.0E-4
2952	1.0E-4
2953	1.0E-4
2954	1.0E-4
2955	1.0E-4
2956	1.0E-4
2957	1.0E-4
2958	1.0E-4
2959	1.0E-4
296	0.1217
2960	1.0E-4
2961	1.0E-4
2962	1.0E-4
2963	1.0E-4
2964	1.0E-4
2965	1.0E-4
2966	1.0E-4
2967	1.0E-4
2968	1.0E-4
2969	1.0E-4
297	0.127
2970	1.0E-4
2971	1.0E-4
2972	1.0E-4
2973	1.0E-4
2974	1.0E-4
2975	1.0E-4
2976	1.0E-4
2977	1.0E-4
2978	1.0E-4
2979	1.0E-4
298	0.1273
2980	1.0E-4
2981	1.0E-4
2982	1.0E-4
2983	0.0069
2984	8.0E-4
2985	8.0E-4
2986	8.0E-4
2987	8.0E-4
2988	8.0E-4
2989	8.0E-4
299	0.1217
2990	0.0022
2991	0.0014
2992	0.0014
2993	0.0014
2994	6.0E-4
2995	0.0014
2996	0.0014
2997	0.0014
2998	6.0E-4
2999	3.0E-4
3	0.0092
30	2.3861
300	0.4282
3000	3.0E-4
3001	3.0E-4
3002	3.0E-4
3003	3.0E-4
3004	3.0E-4
3005	3.0E-4
3006	3.0E-4
3007	3.0E-4
3008	3.0E-4
3009	3.0E-4
301	0.1217
3010	3.0E-4
3011	3.0E-4
3012	3.0E-4
3013	3.0E-4
3014	3.0E-4
3015	3.0E-4
3016	3.0E-4
3017	3.0E-4
3018	3.0E-4
3019	3.0E-4
302	0.3093
3020	3.0E-4
3021	3.0E-4
3022	3.0E-4
3023	3.0E-4
3024	3.0E-4
3025	3.0E-4
3026	0.0016
3027	0.0016
3028	9.0E-4
3029	9.0E-4
303	0.4375
3030	0.0033
3031	0.0033
3032	3.0E-4
3033	3.0E-4
3034	3.0E-4
3035	3.0E-4
3036	3.0E-4
3037	3.0E-4
3038	3.0E-4
3039	3.0E-4
304	0.0056
3040	3.0E-4
3041	3.0E-4
3042	3.0E-4
3043	3.0E-4
3044	3.0E-4
3045	3.0E-4
3046	3.0E-4
3047	3.0E-4
3048	3.0E-4
3049	3.0E-4
305	0.0131
3050	3.0E-4
3051	3.0E-4
3052	3.0E-4
3053	3.0E-4
3054	3.0E-4
3055	0.0047
3056	0.0035
3057	0.0047
3058	0.0035
3059	7.0E-4
306	0.014
3060	7.0E-4
3061	7.0E-4
3062	7.0E-4
3063	7.0E-4
3064	7.0E-4
3065	0.0028
3066	0.0028
3067	7.0E-4
3068	0.0019
3069	8.0E-4
307	0.0147
3070	8.0E-4
3071	8.0E-4
3072	7.0E-4
3073	7.0E-4
3074	7.0E-4
3075	7.0E-4
3076	7.0E-4
3077	7.0E-4
3078	4.0E-4
3079	4.0E-4
308	0.0073
3080	4.0E-4
3081	4.0E-4
3082	4.0E-4
3083	4.0E-4
3084	4.0E-4
3085	4.0E-4
3086	4.0E-4
3087	4.0E-4
3088	0.4907
3089	1.9273
309	0.7553
3090	0.1704
3091	0.1704
3092	0.1704
3093	0.1704
3094	0.1738
3095	0.3444
3096	0.1704
3097	0.1881
3098	0.3022
3099	0.2819
31	1.2906
310	0.6316
3100	0.2819
3101	0.2819
3102	0.1889
3103	0.1889
3104	0.2093
3105	0.2819
3106	0.2819
3107	0.2876
3108	0.2819
3109	0.3545
311	0.6343
3110	0.2819
3111	0.9735
3112	0.2643
3113	0.2636
3114	0.0447
3115	0.0505
3116	0.0447
3117	0.0601
3118	0.0447
3119	0.2492
312	0.6639
3120	0.0466
3121	2.0E-4
3122	0.0
3123	0.0
3124	0.0
3125	2.0E-4
3126	1.0E-4
3127	1.0E-4
3128	1.0E-4
3129	1.0063
313	0.6316
3130	0.0012
3131	0.0012
3132	0.0012
3133	0.0011
3134	0.0011
3135	0.0011
3136	0.0011
3137	0.0011
3138	0.0011
3139	0.0039
314	0.6316
3140	0.3992
3141	0.3992
3142	0.3992
3143	0.3992
3144	0.3992
3145	0.3992
3146	0.3992
3147	0.3992
3148	0.3992
3149	0.3992
315	0.6316
3150	0.3992
3151	0.3992
3152	6.0E-4
3153	2.0E-4
3154	2.0E-4
3155	2.0E-4
3156	0.0088
3157	0.0013
3158	7.0E-4
3159	0.0011
316	0.6316
3160	7.0E-4
3161	0.0012
3162	7.0E-4
3163	0.2508
3164	0.044
3165	7.0E-4
3166	7.0E-4
3167	0.0031
3168	0.0031
3169	0.006
317	0.6316
3170	0.0991
3171	0.1006
3172	0.1006
3173	0.0991
3174	3.0E-4
3175	3.0E-4
3176	3.0E-4
3177	0.0188
3178	0.0188
3179	0.0188
318	0.6316
3180	0.0248
3181	0.2564
3182	2.3732
3183	0.0282
3184	1.425
3185	0.0188
3186	3.818
3187	0.0274
3188	2.3729
3189	0.5564
319	0.6316
3190	0.5564
3191	0.0251
3192	0.0188
3193	0.0188
3194	0.0188
3195	0.0188
3196	0.2493
3197	0.0
3198	0.0
3199	0.0
32	2.1754
320	0.7638
3200	0.0
3201	0.0
3202	0.0
3203	0.0
3204	0.0
3205	0.0
3206	0.0
3207	0.0
3208	0.0
3209	0.0
321	0.0716
3210	0.0
3211	0.0
3212	0.0
3213	0.0
3214	0.0
3215	0.0
3216	0.0
3217	0.0
3218	0.0
3219	0.0
322	0.072
3220	9.0137
3221	6.9457
3222	2.1228
3223	4.8775
3224	7.6349
3225	3.729
3226	6.2561
3227	12.0032
3228	5.5669
3229	3.2697
323	0.072
3230	0.0
3231	0.0
3232	0.0
3233	1.0E-4
3234	1.0E-4
3235	1.0E-4
3236	0.0
3237	0.0
3238	8.0E-4
3239	6.0E-4
324	0.0203
3240	6.0E-4
3241	0.0
3242	0.0
3243	0.0
3244	0.0
3245	0.0
3246	0.0
3247	0.0
3248	0.0
3249	0.0
325	0.0208
3250	0.0
3251	0.0
3252	0.0
3253	0.0
3254	0.0
3255	0.0
3256	0.0
3257	0.0
3258	0.0
3259	0.0
326	0.0208
3260	0.0
3261	0.0
3262	0.0
3263	0.0
3264	0.0
3265	0.0
3266	0.0
3267	0.0
3268	0.0
3269	0.0
327	0.0208
3270	0.0
3271	0.0
3272	0.0
3273	0.0
3274	3.637
3275	0.0
3276	0.0
3277	0.0
3278	0.0
3279	0.0
328	0.0208
3280	0.0
3281	0.0
3282	0.0
3283	0.0
3284	0.0
3285	0.0
3286	0.0
3287	0.0
3288	0.0
3289	0.0
329	0.0208
3290	0.0
3291	0.0
3292	0.0
3293	0.0
3294	0.0
3295	0.0
3296	0.0
3297	0.0
3298	0.0
3299	0.0
33	2.7283
330	0.0208
3300	0.002
3301	0.002
3302	0.002
3303	7.0E-4
3304	7.0E-4
3305	7.0E-4
3306	7.0E-4
3307	7.0E-4
3308	7.0E-4
3309	7.0E-4
331	0.0637
3310	7.0E-4
3311	7.0E-4
3312	7.0E-4
3313	5.0E-4
3314	5.0E-4
3315	5.0E-4
3316	5.0E-4
3317	5.0E-4
3318	5.0E-4
3319	6.0E-4
332	0.0742
3320	6.0E-4
3321	6.0E-4
3322	0.0183
3323	0.0183
3324	0.0183
3325	0.0183
3326	0.0183
3327	0.0183
3328	0.0183
3329	1.0E-4
333	0.0055
3330	1.0E-4
3331	1.0E-4
3332	1.0E-4
3333	1.0E-4
3334	1.0E-4
3335	1.0E-4
3336	1.0E-4
3337	1.0E-4
3338	0.0
3339	0.0
334	0.1237
3340	0.0
3341	0.0
3342	0.0
3343	0.0
3344	0.0
3345	0.0
3346	0.0
3347	0.0
3348	0.0
3349	0.0
335	0.1237
3350	0.0
3351	1.0E-4
3352	1.0E-4
3353	1.0E-4
3354	1.0E-4
3355	1.0E-4
3356	0.0
3357	0.0
3358	0.0
3359	0.0
336	0.1237
3360	0.0
3361	0.0
3362	0.0
3363	0.0
3364	0.0
3365	0.0
3366	0.0
3367	0.0
3368	0.0
3369	0.0
337	0.4884
3370	0.0
3371	0.0
3372	0.0
3373	0.0
3374	0.0
3375	0.0
3376	0.0
3377	0.0
3378	0.0
3379	0.0
338	0.4884
3380	0.0
3381	0.0
3382	0.0
3383	0.0
3384	0.0
3385	0.0
3386	0.0
3387	0.0
3388	0.0
3389	0.0
339	0.4884
3390	0.0
3391	0.0
3392	0.0
3393	0.0
3394	0.0
3395	0.0
3396	0.0
3397	0.0
3398	0.0
3399	0.0
34	1.3366
340	0.0021
3400	0.0
3401	0.0
3402	0.0
3403	0.0
3404	0.0
3405	0.0
3406	0.0
3407	0.0
3408	0.0
3409	0.0
341	0.0084
3410	0.0
3411	0.0
3412	0.0
3413	0.0
3414	0.0
3415	0.0
3416	0.0
3417	0.0
3418	0.0
3419	0.0
342	3.0E-4
3420	0.0
3421	0.0
3422	0.0
3423	0.0
3424	0.0
3425	0.0
3426	0.0
3427	0.0
3428	0.0
3429	0.0
343	3.0E-4
3430	0.0
3431	0.0
3432	0.0
3433	0.0
3434	0.0
3435	0.0
3436	0.0
3437	0.0
3438	0.0
3439	0.0
344	0.0091
3440	0.0
3441	0.0
3442	0.0
3443	0.0
3444	0.0
3445	0.0
3446	0.0
3447	0.0
3448	0.0
3449	0.0
345	2.0E-4
3450	0.0
3451	0.0
3452	0.0
3453	0.0
3454	0.0
3455	0.0
3456	0.0
3457	0.0
3458	0.0
3459	0.0
346	2.0E-4
3460	0.0
3461	0.0
3462	0.0
3463	0.0
3464	0.0
3465	0.0
3466	0.0
3467	0.0
3468	0.0
3469	0.0
347	2.0E-4
3470	0.0
3471	0.0
3472	0.0
3473	0.0
3474	0.0
3475	0.0
3476	0.0
3477	0.0
3478	0.0
3479	1.0698
348	5.0E-4
3480	1.0698
3481	1.0698
3482	1.0698
3483	1.0698
3484	1.0698
3485	1.0698
3486	1.0698
3487	1.0698
3488	1.0698
3489	0.0
349	2.0E-4
3490	0.0
3491	0.0
3492	0.0
3493	0.0
3494	0.0
3495	0.0
3496	0.0
3497	0.0
3498	0.0
3499	0.0
35	1.5349
350	3.0E-4
3500	0.0
3501	0.0
3502	0.0
3503	0.0
3504	0.0
3505	0.0
3506	0.0
3507	0.0
3508	0.0
3509	0.0
351	2.0E-4
3510	0.0
3511	0.0063
3512	0.0472
3513	3.0E-4
3514	1.0154
3515	7.0E-4
3516	7.0E-4
3517	5.0E-4
3518	5.0E-4
3519	5.0E-4
352	2.0E-4
3520	1.0E-4
3521	0.0
3522	1.0E-4
3523	0.0
3524	0.0
3525	0.0
3526	0.0
3527	0.0
3528	0.0
3529	0.0
353	2.0E-4
3530	0.0
3531	0.0
3532	2.0E-4
3533	0.0
3534	2.0E-4
3535	0.0
3536	0.0
3537	0.0
3538	0.0
3539	0.0
354	2.0E-4
3540	0.0
3541	0.0
3542	0.0
3543	0.0
3544	0.0
3545	0.0
3546	0.0
3547	0.0
3548	0.0
3549	0.0
355	2.0E-4
3550	0.0
3551	0.0
3552	0.0
3553	0.0
3554	0.0
3555	1.0E-4
3556	0.0
3557	0.0
3558	0.0
3559	0.0
356	1.5388
3560	0.0
3561	0.0
3562	0.0
3563	0.0
3564	2.0E-4
3565	2.0E-4
3566	2.0E-4
3567	2.0E-4
3568	2.0E-4
3569	2.0E-4
357	1.4022
3570	2.0E-4
3571	2.0E-4
3572	2.0E-4
3573	2.0E-4
3574	1.0E-4
3575	1.0E-4
3576	1.0E-4
3577	1.0E-4
3578	1.0E-4
3579	1.0E-4
358	0.3163
3580	1.0E-4
3581	1.0E-4
3582	2.0E-4
3583	0.0026
3584	0.8012
3585	0.9243
3586	1.2153
3587	0.9243
3588	0.0208
3589	0.0208
359	0.4742
3590	0.0286
3591	0.037
3592	0.037
3593	0.037
3594	0.0465
3595	0.0465
3596	0.0465
3597	0.0295
3598	0.0465
3599	0.0465
36	3.4893
360	0.3163
3600	0.5605
3601	0.031
3602	0.1997
3603	0.0433
3604	0.0445
3605	0.1515
3606	0.1515
3607	0.0094
3608	0.0229
3609	0.0094
361	0.3163
3610	0.0229
3611	0.014
3612	0.014
3613	0.1005
3614	0.0229
3615	0.0773
3616	0.1011
3617	0.0189
3618	0.0189
3619	0.0189
362	1.094
3620	0.0189
3621	0.0189
3622	0.0189
3623	0.0189
3624	0.0428
3625	0.0189
3626	0.038
3627	0.0238
3628	0.0238
3629	0.0238
363	0.0118
3630	0.0238
3631	0.0238
3632	0.0238
3633	0.0238
3634	0.0303
3635	0.0303
3636	0.0303
3637	0.048
3638	0.0109
3639	0.0109
364	0.0118
3640	0.0109
3641	0.0109
3642	0.0109
3643	2.1414
3644	2.1414
3645	2.008
3646	2.008
3647	2.008
3648	2.008
3649	0.0058
365	0.0186
3650	0.0058
3651	0.0058
3652	0.0058
3653	0.0058
3654	0.0058
3655	0.0058
3656	0.0058
3657	0.0058
3658	0.0058
3659	0.0199
366	0.0118
3660	0.0096
3661	0.0096
3662	0.0096
3663	0.0096
3664	0.446
3665	0.0
3666	0.0
3667	0.0
3668	0.0
3669	0.0
367	0.0118
3670	0.0
3671	0.0
3672	0.0
3673	0.0
3674	0.0
3675	0.0
3676	0.0
3677	0.0
3678	0.0
3679	0.0
368	0.0118
3680	0.0
3681	0.0
3682	0.0
3683	0.0
3684	0.0
3685	0.0
3686	0.0
3687	0.0
3688	0.0
3689	0.0
369	0.9053
3690	0.0
3691	0.0
3692	0.0
3693	0.0
3694	0.0
3695	0.0
3696	0.0
3697	0.0
3698	0.0
3699	0.0
37	16.426
370	3.0E-4
3700	0.0
3701	1.0E-4
3702	0.0465
3703	2.0E-4
3704	0.0018
3705	0.0072
3706	0.0041
3707	0.0017
3708	0.0017
3709	0.001
371	8.0E-4
3710	9.0E-4
3711	0.0017
3712	9.0E-4
3713	0.0014
3714	0.0014
3715	0.0014
3716	5.0E-4
3717	5.0E-4
3718	4.0E-4
3719	4.0E-4
372	3.0E-4
3720	4.0E-4
3721	2.0E-4
3722	2.0E-4
3723	2.0E-4
3724	2.0E-4
3725	2.0E-4
3726	5.0E-4
3727	5.0E-4
3728	5.0E-4
3729	1.184
373	3.0E-4
3730	2.0E-4
3731	2.0E-4
3732	2.0E-4
3733	0.0525
3734	0.2259
3735	0.056
3736	0.0525
3737	0.0045
3738	0.0147
3739	0.0168
374	2.0E-4
3740	0.0377
3741	0.0097
3742	1.6875
3743	0.0045
3744	0.0045
3745	0.0045
3746	0.0045
3747	0.0045
3748	0.0015
3749	0.0021
375	2.0E-4
3750	0.0015
3751	0.0035
3752	0.0035
3753	0.0035
3754	0.0035
3755	0.0035
3756	0.0035
3757	0.0035
3758	0.0035
3759	0.0121
376	3.0E-4
3760	0.0121
3761	0.0121
3762	0.0759
3763	0.0759
3764	0.0759
3765	0.0759
3766	1.3521
3767	1.3521
3768	0.0059
3769	0.0059
377	3.0E-4
3770	0.0059
3771	0.0059
3772	0.0059
3773	1.4131
3774	1.4131
3775	1.4131
3776	1.4131
3777	0.0079
3778	0.0079
3779	0.0079
378	3.0E-4
3780	0.0079
3781	0.9233
3782	1.2373
3783	0.9233
3784	0.9233
3785	0.9233
3786	0.9233
3787	0.0063
3788	0.0076
3789	1.2348
379	3.0E-4
3790	1.2348
3791	1.2348
3792	0.2269
3793	0.2269
3794	0.2269
3795	0.2269
3796	0.2269
3797	0.2269
3798	0.2269
3799	0.2269
38	15.1331
380	2.0E-4
3800	0.0
3801	0.0
3802	0.0
3803	0.0
3804	0.0
3805	0.0
3806	0.0
3807	0.0
3808	3.637
3809	0.0
381	2.0E-4
3810	0.0
3811	0.0
3812	0.0
3813	0.0
3814	0.0
3815	0.0
3816	0.0
3817	0.0
3818	0.0
3819	0.0
382	0.0145
3820	0.0
3821	0.0
3822	0.0
3823	0.0
3824	0.0
3825	0.0
3826	0.0
3827	0.0
3828	0.0
3829	0.0
383	0.0145
3830	0.0
3831	0.0
3832	0.0
3833	0.0
3834	10.516
3835	5.0273
3836	1.9698
3837	0.8404
3838	0.5179
3839	0.42
384	0.0273
3840	0.3918
3841	0.3827
3842	0.3803
3843	0.3795
3844	0.3793
3845	0.3792
3846	0.3792
3847	0.3792
3848	0.3792
3849	0.3792
385	0.0273
3850	0.3792
3851	0.3792
3852	0.3792
3853	0.3792
3854	0.3792
3855	0.3792
3856	0.3792
3857	0.3792
3858	0.3792
3859	0.3792
386	0.0273
3860	0.3792
3861	0.3792
3862	0.3792
3863	0.3792
3864	0.3793
3865	0.3794
3866	0.3801
3867	0.3822
3868	0.3903
3869	0.4193
387	0.061
3870	0.5343
3871	1.0227
3872	2.7821
3873	8.0213
3874	0.2205
3875	8.1496
3876	3.9652
3877	1.6092
3878	0.7332
3879	0.4828
388	0.0164
3880	0.4068
3881	0.3849
3882	0.3777
3883	0.3759
3884	0.3752
3885	0.3751
3886	0.375
3887	0.375
3888	0.375
3889	0.375
389	0.0373
3890	0.375
3891	0.375
3892	0.375
3893	0.375
3894	0.375
3895	0.375
3896	0.3751
3897	0.3752
3898	0.3757
3899	0.3773
39	3.9432
390	6.0E-4
3900	0.3836
3901	0.4062
3902	0.4955
3903	0.8748
3904	2.2267
3905	6.2242
3906	0.2178
3907	2.6145
3908	1.4588
3909	0.739
391	0.0075
3910	0.4564
3911	0.3768
3912	0.3593
3913	0.3813
3914	0.5027
3915	0.9047
3916	2.0182
3917	0.1951
3918	5.7808
3919	2.8993
392	5.0E-4
3920	1.2448
3921	0.6226
3922	0.4443
3923	0.3902
3924	0.3745
3925	0.3694
3926	0.3681
3927	0.3676
3928	0.3675
3929	0.3675
393	5.0E-4
3930	0.3675
3931	0.3676
3932	0.368
3933	0.3692
3934	0.3737
3935	0.3897
3936	0.4534
3937	0.7233
3938	1.6679
3939	4.4251
394	5.0E-4
3940	0.2131
3941	8.9383
3942	4.3194
3943	1.7296
3944	0.7692
3945	0.4947
3946	0.4114
3947	0.3874
3948	0.3797
3949	0.3776
395	5.0E-4
3950	0.3769
3951	0.3767
3952	0.3766
3953	0.3766
3954	0.3766
3955	0.3766
3956	0.3766
3957	0.3766
3958	0.3766
3959	0.3766
396	6.0E-4
3960	0.3766
3961	0.3766
3962	0.3766
3963	0.3766
3964	0.3766
3965	0.3767
3966	0.3768
3967	0.3774
3968	0.3792
3969	0.3861
397	5.0E-4
3970	0.4107
3971	0.5086
3972	0.9243
3973	2.412
3974	6.8232
3975	0.2189
3976	4.4633
3977	2.3038
3978	1.0389
3979	0.5578
398	5.0E-4
3980	0.4197
3981	0.3777
3982	0.3655
3983	0.3616
3984	0.3606
3985	0.3605
3986	0.3614
3987	0.3649
3988	0.3774
3989	0.4267
399	7.0E-4
3990	0.6359
3991	1.3543
3992	3.4241
3993	0.2085
3994	7.36
3995	3.6104
3996	1.4882
3997	0.6968
3998	0.4705
3999	0.4017
4	0.0052
40	5.4149
400	5.0E-4
4000	0.3819
4001	0.3755
4002	0.3738
4003	0.3732
4004	0.373
4005	0.373
4006	0.373
4007	0.373
4008	0.373
4009	0.373
401	4.0E-4
4010	0.373
4011	0.373
4012	0.373
4013	0.3731
4014	0.3736
4015	0.3751
4016	0.3809
4017	0.4012
4018	0.482
4019	0.8249
402	5.0E-4
4020	2.041
4021	5.6246
4022	0.2166
4023	13.9358
4024	6.5602
4025	2.4887
4026	0.9929
4027	0.5662
4028	0.4367
4029	0.3996
403	5.0E-4
4030	0.3875
4031	0.3843
4032	0.3832
4033	0.383
4034	0.3829
4035	0.3829
4036	0.3829
4037	0.3829
4038	0.3829
4039	0.3829
404	6.0E-4
4040	0.3829
4041	0.3829
4042	0.3829
4043	0.3829
4044	0.3829
4045	0.3829
4046	0.3829
4047	0.3829
4048	0.3829
4049	0.3829
405	5.0E-4
4050	0.3829
4051	0.3829
4052	0.3829
4053	0.3829
4054	0.3829
4055	0.3829
4056	0.3829
4057	0.3829
4058	0.3829
4059	0.3829
406	6.0E-4
4060	0.3829
4061	0.3829
4062	0.3829
4063	0.3829
4064	0.3829
4065	0.3829
4066	0.383
4067	0.3831
4068	0.384
4069	0.3868
407	4.0E-4
4070	0.3976
4071	0.4357
4072	0.5878
4073	1.234
4074	3.5825
4075	10.6179
4076	0.2228
4077	6.5706
4078	3.2553
4079	1.3669
408	4.0E-4
4080	0.6601
4081	0.4577
4082	0.3963
4083	0.3785
4084	0.3728
4085	0.3713
4086	0.3707
4087	0.3706
4088	0.3706
4089	0.3706
409	0.0179
4090	0.3706
4091	0.3706
4092	0.3706
4093	0.3707
4094	0.3711
4095	0.3725
4096	0.3776
4097	0.3958
4098	0.468
4099	0.7745
41	3.8535
410	0.0179
4100	1.8548
4101	5.0251
4102	0.2151
4103	3.9359
4104	2.0643
4105	0.9552
4106	0.5306
4107	0.4086
4108	0.3714
4109	0.3607
411	0.0179
4110	0.3575
4111	0.3574
4112	0.3602
4113	0.3712
4114	0.4147
4115	0.5995
4116	1.2276
4117	3.0232
4118	0.2059
4119	0.0
412	0.0179
4120	0.0
4121	1.0E-4
4122	3.0E-4
4123	3.0E-4
4124	0.0
4125	0.0
4126	0.0
4127	0.0
4128	0.0
4129	0.0
413	0.0179
4130	0.0
4131	0.0
4132	0.0
4133	0.0
4134	0.0
4135	0.0
4136	0.0
4137	0.0
4138	0.0
4139	4.3654
414	0.0179
4140	2.2731
4141	1.0599
4142	0.6014
4143	0.4712
4144	0.4322
4145	0.421
4146	0.4176
4147	0.4175
4148	0.4205
4149	0.4322
415	0.0128
4150	0.4794
4151	0.6819
4152	1.3749
4153	3.375
4154	0.0
4155	0.0
4156	0.0
4157	0.0
4158	0.0
4159	0.0
416	0.074
4160	0.0
4161	0.0
4162	0.0
4163	0.0
4164	0.0
4165	0.0
4166	0.0
4167	0.0
4168	0.0
4169	0.0
417	3.0E-4
4170	0.0
4171	0.0
4172	0.0
4173	0.0
4174	0.0
4175	0.0
4176	0.0
4177	0.0
4178	0.0
4179	0.0
418	3.0E-4
4180	0.0
4181	0.0
4182	0.0
4183	0.0
4184	0.0
4185	0.0
4186	0.0
4187	0.0
4188	0.0
4189	0.0
419	3.0E-4
4190	0.0
4191	0.0
4192	0.0
4193	0.0
4194	0.0
4195	0.0
4196	0.0
4197	0.0
4198	0.0
4199	0.0
42	4.9695
420	3.0E-4
4200	0.0
4201	0.0
4202	0.0
4203	0.0
4204	0.0
4205	0.0
4206	0.0
4207	0.0
4208	0.0
4209	0.0
421	3.0E-4
4210	0.0
4211	0.0
4212	0.0
4213	0.0
4214	0.0
4215	0.0
4216	0.0
4217	0.0
4218	0.0
4219	0.0
422	3.0E-4
4220	0.0
4221	0.0
4222	0.0
4223	0.0
4224	0.0
4225	0.0
4226	0.0
4227	0.0
4228	0.0
4229	0.0
423	3.0E-4
4230	0.0
4231	0.0
4232	0.0
4233	0.0
4234	0.0
4235	0.0
4236	0.0
4237	0.0
4238	0.0
4239	0.0
424	3.0E-4
4240	0.0
4241	0.0
4242	0.0
4243	0.0
4244	0.0
4245	0.0
4246	0.0
4247	0.0
4248	0.0
4249	0.0
425	0.9775
4250	0.0
4251	0.0
4252	0.0
4253	0.0
4254	0.0
4255	0.0
4256	0.0
4257	0.0
4258	0.0
4259	0.0
426	0.306
4260	0.0
4261	0.0
4262	0.0
4263	0.0
4264	0.0
4265	0.0
4266	0.0
4267	0.0
4268	0.0
4269	0.0
427	0.193
4270	0.0
4271	0.0
4272	0.0
4273	0.0
4274	0.0
4275	0.0
4276	0.0
4277	0.0
4278	0.0
4279	0.0
428	0.0295
4280	0.0
4281	0.0
4282	0.0
4283	0.0
4284	0.0
4285	0.0
4286	0.0
4287	0.0
4288	0.0
4289	0.0
429	0.3035
4290	0.0
4291	0.0
4292	0.0
4293	0.0
4294	0.0
4295	0.0
4296	0.0
4297	0.0
4298	0.0
4299	0.0
43	12.447
430	0.6013
4300	0.0
4301	0.0
4302	0.0
4303	0.0
4304	0.0
4305	0.0
4306	0.0
4307	0.0
4308	0.0
4309	0.0
431	0.0106
4310	0.0
4311	0.0
4312	0.0
4313	0.0
4314	0.0
4315	0.0
4316	0.0
4317	0.0
4318	0.0
4319	0.0
432	6.0E-4
4320	0.0
4321	0.0
4322	0.0
4323	0.0
4324	0.0
4325	0.0
4326	0.0
4327	0.0
4328	0.0
4329	0.0
433	0.0114
4330	0.0
4331	0.0
4332	0.0
4333	0.0
4334	0.0
4335	0.0
4336	0.0
4337	0.0
4338	0.0
4339	0.0
434	0.0114
4340	0.0
4341	0.0
4342	0.0
4343	0.0
4344	0.0
4345	0.0
4346	0.0
4347	0.0
4348	0.0
4349	0.0
435	0.0107
4350	0.0
4351	0.0
4352	0.0
4353	0.0
4354	0.0
4355	0.0
4356	0.0
4357	0.0
4358	0.0
4359	0.0
436	0.0107
4360	0.0
4361	0.0
4362	0.0
4363	0.0
4364	0.0
4365	0.0
4366	0.0
4367	0.0
4368	0.0
4369	0.0
437	0.0107
4370	0.0
4371	0.0
4372	0.0
4373	0.0
4374	0.0
4375	0.0
4376	0.0
4377	0.0
4378	0.0
4379	0.0
438	0.0107
4380	0.0
4381	0.0
4382	0.0
4383	0.0
4384	0.0
4385	0.0
4386	0.0
4387	0.0
4388	0.0
4389	0.0
439	0.0107
4390	0.0
4391	0.0
4392	0.0
4393	0.0
4394	0.0
4395	0.0
4396	0.0
4397	0.0
4398	0.0
4399	0.0
44	3.2253
440	0.0107
4400	0.0
4401	0.0
4402	0.0
4403	0.0
4404	0.0
4405	0.0
4406	0.0
4407	0.0
4408	0.0
4409	0.0
441	0.0015
4410	0.0
4411	0.0
4412	0.0
4413	0.0
4414	0.0
4415	0.0
4416	0.0
4417	0.0
4418	0.0
4419	0.0
442	0.0018
4420	0.0
4421	0.0
4422	0.0
4423	0.0
4424	0.0
4425	0.0
4426	0.0
4427	0.0
4428	0.0
4429	0.0
443	0.0018
4430	0.0
4431	0.0
4432	0.0
4433	0.0
4434	0.0
4435	0.0
4436	1.0E-4
4437	1.0E-4
4438	0.0
4439	1.0E-4
444	0.0018
4440	1.0E-4
4441	1.0E-4
4442	1.0E-4
4443	0.0
4444	0.0
4445	0.0
4446	1.0E-4
4447	1.0E-4
4448	0.0
4449	0.0
445	0.0155
4450	0.0
4451	0.0
4452	0.0
4453	0.0
4454	0.0
4455	0.0
4456	0.0
4457	0.0
4458	3.637
4459	0.0
446	0.0156
4460	0.0
4461	0.0
4462	0.0
4463	0.0
4464	0.0
4465	0.0
4466	0.0
4467	0.0
4468	0.0
4469	0.0
447	0.0155
4470	0.0
4471	0.0
4472	0.0
4473	0.0
4474	0.0
4475	0.0
4476	0.0
4477	0.0
4478	0.0
4479	0.0
448	0.0275
4480	0.0
4481	0.0
4482	0.0
4483	0.0
4484	0.4471
4485	2.0156
4486	0.0
4487	0.0
4488	0.0
4489	0.0
449	0.0176
4490	0.0
4491	0.0
4492	0.0
4493	0.0
4494	0.0
4495	0.0
4496	0.0
4497	0.0
4498	0.0
4499	0.0
45	1.807
450	0.0112
4500	0.0
4501	0.0
4502	0.0
4503	0.0
4504	0.0
4505	0.0
4506	0.0
4507	0.0
4508	0.0
4509	0.0
451	0.0105
4510	0.0
4511	0.0
4512	0.0
4513	0.0
4514	0.0
4515	0.0
4516	0.0
4517	0.0
4518	0.0
4519	0.0
452	0.0079
4520	0.0
4521	0.0
4522	0.0
4523	0.0
4524	0.0
4525	0.0
4526	0.0
4527	0.0
4528	0.0
4529	0.0
453	0.0072
4530	0.0
4531	0.0
4532	0.0
4533	0.0
4534	0.0
4535	0.0
4536	0.0
4537	0.0
4538	0.0
4539	0.0
454	0.0072
4540	0.0
4541	0.0
4542	0.0
4543	0.0
4544	0.0
4545	0.0
4546	0.0
4547	0.0
4548	0.0
4549	0.0
455	0.0072
4550	0.0
4551	0.0
4552	0.0
4553	0.0
4554	0.0
4555	0.0
4556	0.0
4557	0.0
4558	0.0
4559	0.0
456	0.0072
4560	0.0
4561	0.0
4562	0.0
4563	0.0
4564	0.0
4565	0.0
4566	0.0
4567	0.0
4568	0.0
4569	0.0
457	0.0767
4570	0.0
4571	0.0
4572	0.0
4573	0.0
4574	0.0
4575	0.0
4576	0.0
4577	0.0
4578	0.0
4579	0.0
458	0.0767
4580	0.0
4581	0.0
4582	0.0
4583	0.0
4584	0.0
4585	0.0
4586	0.0
4587	0.0
4588	0.0
4589	0.0
459	0.0767
4590	0.0
4591	0.0
4592	0.0
4593	0.0
4594	0.0
4595	0.0
4596	0.0
4597	0.0
4598	0.0
4599	0.0
46	3.4043
460	0.071
4600	0.0
4601	0.0
4602	0.0
4603	0.0
4604	0.0
4605	0.0
4606	0.0
4607	0.0
4608	0.0
4609	0.0
461	0.0767
4610	0.0
4611	0.0
4612	0.0
4613	0.0
4614	0.0
4615	0.0
4616	0.0
4617	0.0
4618	0.0
4619	0.0
462	0.0771
4620	0.0
4621	0.0
4622	0.0
4623	0.0
4624	0.0
4625	0.0
4626	0.0
4627	0.0
4628	0.0
4629	0.0
463	0.0771
4630	0.0
4631	0.0
4632	0.0
4633	0.0
4634	0.0
4635	0.0
4636	0.0
4637	0.0
4638	0.0
4639	0.0
464	0.0771
4640	0.0
4641	0.0
4642	0.0
4643	0.0
4644	0.0
4645	0.0
4646	0.0
4647	0.0
4648	0.0
4649	0.0
465	0.0767
4650	0.0
4651	0.0
4652	0.0
4653	0.0
4654	0.0
4655	0.0
4656	0.0
4657	0.0
4658	0.0
4659	0.0
466	0.0767
4660	0.0
4661	0.0
4662	0.0
4663	0.0
4664	0.0
4665	0.0
4666	0.0
4667	0.0
4668	0.0
4669	0.0
467	0.083
4670	0.0
4671	0.0
4672	0.0
4673	0.0
4674	0.0
4675	0.0
4676	0.0
4677	0.0
4678	0.0
4679	0.0
468	0.083
4680	0.0
4681	0.0
4682	0.0
4683	0.0
4684	0.0
4685	0.0
4686	0.0
4687	0.0
4688	0.0
4689	0.0
469	0.0241
4690	0.0
4691	0.0
4692	0.0
4693	0.0
4694	0.0
4695	0.0
4696	0.0
4697	0.0
4698	0.0
4699	0.0
47	0.8948
470	0.0224
4700	0.0
4701	0.0
4702	0.0
4703	0.0
4704	0.0
4705	0.0
4706	0.0
4707	0.0
4708	0.0
4709	0.0
471	0.0224
4710	0.0
4711	0.0
4712	0.0
4713	0.0
4714	0.0
4715	0.0
4716	0.0
4717	0.0
4718	0.0
4719	0.0
472	0.0224
4720	0.0
4721	0.0
4722	0.0
4723	0.0
4724	0.0
4725	0.0
4726	0.0
4727	0.0
4728	0.0
4729	0.0
473	0.0203
4730	0.0
4731	0.0
4732	0.0
4733	0.0
4734	0.0
4735	0.0
4736	0.0
4737	0.0
4738	0.0
4739	0.0
474	0.0081
4740	0.0
4741	0.0
4742	0.0
4743	0.0
4744	0.0
4745	0.0
4746	0.0
4747	0.0
4748	0.0
4749	0.0
475	0.0026
4750	0.0
4751	0.0
4752	0.0
4753	0.0
4754	0.0
4755	0.0
4756	0.0
4757	0.0
4758	0.0
4759	0.0
476	0.0025
4760	0.0
4761	0.0
4762	0.0
4763	0.0
4764	0.0
4765	0.0
4766	0.0
4767	0.0
4768	0.0
4769	0.0
477	0.0025
4770	0.0
4771	0.0
4772	0.0
4773	1.0E-4
4774	0.1373
4775	0.1231
4776	0.4969
4777	0.4969
4778	0.0868
4779	0.0868
478	0.0025
4780	0.0868
4781	0.0726
4782	0.0726
4783	0.0726
4784	0.0783
4785	0.093
4786	0.093
4787	0.096
4788	0.096
4789	0.0726
479	0.1045
4790	0.0798
4791	0.0726
4792	0.0798
4793	0.0017
4794	0.0016
4795	0.0016
4796	0.0016
4797	0.0016
4798	0.0016
4799	0.0091
48	2.0594
480	0.1486
4800	0.0016
4801	0.0035
4802	0.0057
4803	0.0057
4804	0.0057
4805	0.05
4806	1.1338
4807	0.025
4808	0.025
4809	0.05
481	0.1041
4810	2.8291
4811	0.0334
4812	0.1452
4813	0.0047
4814	0.0053
4815	0.2325
4816	0.0136
4817	0.0136
4818	0.0136
4819	1.176
482	0.0109
4820	0.0136
4821	0.0035
4822	0.0035
4823	0.0035
4824	0.0035
4825	0.0035
4826	0.0035
4827	0.0035
4828	0.0174
4829	0.0174
483	0.0107
4830	0.0076
4831	0.005
4832	0.005
4833	0.0353
4834	0.0353
4835	0.0353
4836	0.0353
4837	0.0353
4838	0.0247
4839	0.0043
484	0.0107
4840	0.0172
4841	0.0172
4842	0.0172
4843	0.0059
4844	0.0146
4845	0.0029
4846	0.0029
4847	0.0029
4848	0.3553
4849	0.3553
485	0.0092
4850	0.3553
4851	0.2668
4852	0.2668
4853	0.2668
4854	0.0061
4855	0.0061
4856	0.0061
4857	0.0103
4858	0.0103
4859	0.0103
486	0.0084
4860	0.031
4861	0.031
4862	0.4469
4863	8.0E-4
4864	8.0E-4
4865	0.0021
4866	8.0E-4
4867	0.002
4868	0.0016
4869	0.0021
487	0.0084
4870	0.0021
4871	0.0
4872	0.0
4873	0.0
4874	0.0
4875	0.0
4876	0.0
4877	0.0
4878	0.0
4879	0.0
488	0.0084
4880	0.0
4881	0.0
4882	0.0
4883	0.0
4884	0.0
4885	0.0
4886	0.0
4887	0.0
4888	0.0
4889	0.0
489	0.0084
4890	0.0
4891	0.0
4892	0.0
4893	0.0
4894	0.0
4895	0.0
4896	0.0
4897	0.0
4898	0.0
4899	0.0
49	0.8943
490	0.0084
4900	0.0
4901	0.0
4902	0.0
4903	0.0
4904	0.0
4905	0.0
4906	0.0
4907	0.0
4908	0.0
4909	0.0
491	0.0084
4910	0.0
4911	0.0
4912	0.0
4913	0.0
4914	0.0
4915	0.0
4916	0.0
4917	0.0
4918	0.0
4919	0.0
492	0.0133
4920	0.0
4921	0.0
4922	0.0
4923	0.0
4924	1.0E-4
4925	1.0E-4
4926	1.0E-4
4927	1.0E-4
4928	1.0E-4
4929	3.0E-4
493	0.0084
4930	1.037
4931	1.037
4932	1.037
4933	1.037
4934	1.037
4935	1.037
4936	1.037
4937	0.0079
4938	0.0079
4939	0.0079
494	3.0E-4
4940	0.0079
4941	0.0079
4942	0.0079
4943	0.0079
4944	0.0079
4945	0.0079
4946	0.0079
4947	0.0079
4948	0.0079
4949	0.0079
495	3.0E-4
4950	0.0079
4951	0.0079
4952	0.0079
4953	0.0079
4954	0.0079
4955	0.0079
4956	0.0079
4957	0.0079
4958	0.0079
4959	0.0079
496	0.001
4960	0.0079
4961	0.0079
4962	0.0079
4963	0.0114
4964	0.0079
4965	0.0079
4966	0.0079
4967	0.0079
4968	0.0079
4969	0.0079
497	3.0E-4
4970	0.0079
4971	0.0079
4972	7.0E-4
4973	7.0E-4
4974	7.0E-4
4975	7.0E-4
4976	7.0E-4
4977	7.0E-4
4978	7.0E-4
4979	7.0E-4
498	0.0016
4980	7.0E-4
4981	7.0E-4
4982	7.0E-4
4983	7.0E-4
4984	7.0E-4
4985	7.0E-4
4986	7.0E-4
4987	7.0E-4
4988	7.0E-4
4989	7.0E-4
499	0.0021
4990	7.0E-4
4991	7.0E-4
4992	7.0E-4
4993	7.0E-4
4994	7.0E-4
4995	7.0E-4
4996	7.0E-4
4997	7.0E-4
4998	7.0E-4
4999	7.0E-4
5	0.0052
50	0.8943
500	0.2391
5000	7.0E-4
5001	0.0059
5002	0.0059
5003	0.0059
5004	0.0059
5005	0.0059
5006	0.0059
5007	0.0059
5008	1.1478
5009	1.1478
501	0.2326
5010	1.1478
5011	1.1478
5012	1.1478
5013	0.0013
5014	0.0013
5015	0.0013
5016	0.0013
5017	0.0013
5018	0.0013
5019	0.0013
502	0.2287
5020	0.0013
5021	0.0013
5022	0.0013
5023	0.0013
5024	0.0013
5025	0.0013
5026	0.0013
5027	0.0013
5028	0.0013
5029	0.0013
503	0.0924
5030	0.0013
5031	0.0013
5032	0.0013
5033	6.0E-4
5034	6.0E-4
5035	0.4052
5036	0.0
5037	0.0
5038	0.0
5039	0.0
504	0.0924
5040	0.0
5041	0.0
5042	0.0
5043	0.0
5044	0.0
5045	0.0
5046	0.0
5047	0.0
5048	0.0
5049	0.0
505	0.2642
5050	0.0
5051	4.3654
5052	2.2731
5053	1.0599
5054	0.6014
5055	0.4712
5056	0.4322
5057	0.421
5058	0.4176
5059	0.4175
506	0.0064
5060	0.4205
5061	0.4322
5062	0.4794
5063	0.6819
5064	1.3749
5065	3.375
5066	0.0
5067	0.0
5068	0.0
5069	0.0
507	0.0064
5070	0.0
5071	0.0
5072	7.8059
5073	5.525
5074	2.3776
5075	0.8252
5076	0.3398
5077	0.1933
5078	0.1467
5079	0.1334
508	0.0064
5080	0.1289
5081	0.1278
5082	0.1274
5083	0.1273
5084	0.1273
5085	0.1273
5086	0.1273
5087	0.1273
5088	0.1273
5089	0.1273
509	0.0064
5090	0.1273
5091	0.1273
5092	0.1273
5093	0.1273
5094	0.1273
5095	0.1273
5096	0.1273
5097	0.1273
5098	0.1273
5099	0.1273
510	0.0064
5100	0.1273
5101	0.1273
5102	0.1274
5103	0.1277
5104	0.1286
5105	0.132
5106	0.1428
5107	0.1786
5108	0.2893
5109	0.6229
511	0.0064
5110	1.5116
5111	2.3905
5112	6.0329
5113	4.2978
5114	1.8703
5115	0.6677
5116	0.2912
5117	0.1774
5118	0.1412
5119	0.1309
512	0.0064
5120	0.1274
5121	0.1265
5122	0.1262
5123	0.1261
5124	0.1261
5125	0.1261
5126	0.1261
5127	0.1261
5128	0.1261
5129	0.1261
513	0.0064
5130	0.1261
5131	0.1261
5132	0.1261
5133	0.1262
5134	0.1264
5135	0.1271
5136	0.1298
5137	0.1381
5138	0.1659
5139	0.2518
514	0.0064
5140	0.5102
5141	1.1968
5142	1.8625
5143	1.8923
5144	1.4238
5145	0.6771
5146	0.2927
5147	0.1738
5148	0.1456
5149	0.1615
515	0.0064
5150	0.2404
5151	0.4539
5152	0.6249
5153	4.259
5154	3.0688
5155	1.3617
5156	0.509
5157	0.2416
5158	0.1605
5159	0.1348
516	0.0064
5160	0.1273
5161	0.1249
5162	0.1242
5163	0.124
5164	0.124
5165	0.124
5166	0.1242
5167	0.1247
5168	0.1266
5169	0.1325
517	0.0065
5170	0.1524
5171	0.2133
5172	0.3964
5173	0.8808
5174	1.3336
5175	6.6237
5176	4.7069
5177	2.0394
5178	0.7203
5179	0.3075
518	0.0064
5180	0.1827
5181	0.1431
5182	0.1317
5183	0.128
5184	0.127
5185	0.1266
5186	0.1266
5187	0.1265
5188	0.1265
5189	0.1265
519	0.1077
5190	0.1265
5191	0.1265
5192	0.1265
5193	0.1265
5194	0.1265
5195	0.1265
5196	0.1265
5197	0.1265
5198	0.1266
5199	0.1266
52	14.214
520	0.1077
5200	0.1269
5201	0.1277
5202	0.1306
5203	0.1397
5204	0.1702
5205	0.2644
5206	0.5478
5207	1.3019
5208	2.0385
5209	3.2732
521	0.0786
5210	2.3849
5211	1.0779
5212	0.4198
5213	0.213
5214	0.1502
5215	0.1302
5216	0.1245
5217	0.1227
5218	0.1226
5219	0.1239
522	0.0826
5220	0.1285
5221	0.1439
5222	0.1911
5223	0.3322
5224	0.7043
5225	1.0391
5226	5.4416
5227	3.8882
5228	1.7009
5229	0.6149
523	0.2528
5230	0.2748
5231	0.1719
5232	0.1392
5233	0.1298
5234	0.1267
5235	0.1259
5236	0.1256
5237	0.1255
5238	0.1255
5239	0.1255
524	0.0826
5240	0.1255
5241	0.1255
5242	0.1255
5243	0.1255
5244	0.1256
5245	0.1258
5246	0.1264
5247	0.1289
5248	0.1364
5249	0.1616
525	0.0826
5250	0.2391
5251	0.4724
5252	1.0917
5253	1.6863
5254	10.3689
5255	7.2985
5256	3.11
5257	1.0523
5258	0.4093
5259	0.2155
526	2.5615
5260	0.154
5261	0.1363
5262	0.1305
5263	0.129
5264	0.1285
5265	0.1284
5266	0.1284
5267	0.1284
5268	0.1284
5269	0.1284
527	0.0648
5270	0.1284
5271	0.1284
5272	0.1284
5273	0.1284
5274	0.1284
5275	0.1284
5276	0.1284
5277	0.1284
5278	0.1284
5279	0.1284
528	0.0628
5280	0.1284
5281	0.1284
5282	0.1284
5283	0.1284
5284	0.1284
5285	0.1283
5286	0.1284
5287	0.1283
5288	0.1284
5289	0.1284
529	0.0586
5290	0.1284
5291	0.1284
5292	0.1284
5293	0.1284
5294	0.1284
5295	0.1284
5296	0.1284
5297	0.1284
5298	0.1289
5299	0.13
53	0.3731
530	0.0586
5300	0.1346
5301	0.1487
5302	0.1962
5303	0.3427
5304	0.7851
5305	1.9659
5306	3.1535
5307	4.8503
5308	3.4786
5309	1.5314
531	3.0E-4
5310	0.5621
5311	0.2583
5312	0.1663
5313	0.1371
5314	0.1286
5315	0.1258
5316	0.1251
5317	0.1249
5318	0.1248
5319	0.1248
532	0.0033
5320	0.1248
5321	0.1248
5322	0.1249
5323	0.1251
5324	0.1256
5325	0.1278
5326	0.1346
5327	0.1571
5328	0.2263
5329	0.4345
533	3.0E-4
5330	0.9863
5331	1.51
5332	2.8788
5333	2.1109
5334	0.964
5335	0.3838
5336	0.2013
5337	0.1458
5338	0.1282
5339	0.1234
534	3.0E-4
5340	0.123
5341	0.1267
5342	0.1401
5343	0.1817
5344	0.3061
5345	0.6332
5346	0.9211
5347	3.1515
5348	2.2936
5349	1.044
535	3.0E-4
5350	0.4184
5351	0.2238
5352	0.1651
5353	0.1467
5354	0.1418
5355	0.1414
5356	0.1452
5357	0.1596
5358	0.2044
5359	0.3397
536	1.3833
5360	0.699
5361	1.0187
5362	0.0
5363	0.0
5364	0.0
5365	0.0
5366	0.0
5367	0.0
5368	0.0
5369	0.0
537	1.3833
5370	0.0
5371	0.0
5372	0.0
5373	0.0
5374	0.0
5375	0.0
5376	0.0
5377	1.0E-4
5378	0.0
5379	0.0
538	1.3834
5380	0.0
5381	0.0
5382	0.0
5383	0.0
5384	0.0
5385	0.0
5386	0.0
5387	0.0
5388	0.0
5389	0.0
539	1.4135
5390	0.0
5391	0.0
5392	0.0
5393	0.0
5394	0.0
5395	0.0
5396	0.0
5397	4.3654
5398	2.2731
5399	1.0599
54	0.3585
540	1.3833
5400	0.6013
5401	0.4712
5402	0.4322
5403	0.421
5404	0.4176
5405	0.4175
5406	0.4205
5407	0.4322
5408	0.4794
5409	0.6819
541	1.4135
5410	1.3749
5411	3.375
5412	0.0
5413	0.0
5414	0.0
5415	0.0
5416	0.0
5417	0.0
5418	0.0104
5419	0.0104
542	1.3833
5420	0.0104
5421	0.0
5422	0.0668
5423	0.0668
5424	0.0311
5425	0.0311
5426	0.0087
5427	0.0087
5428	0.0087
5429	3.0E-4
543	1.3831
5430	3.0E-4
5431	3.0E-4
5432	3.0E-4
5433	3.0E-4
5434	3.0E-4
5435	0.0138
5436	8.0E-4
5437	8.0E-4
5438	0.0017
5439	4.0E-4
544	1.3833
5440	4.0E-4
5441	4.0E-4
5442	0.0042
5443	0.0042
5444	6.0E-4
5445	6.0E-4
5446	6.0E-4
5447	0.0268
5448	0.0268
5449	1.1068
545	1.4274
5450	1.1068
5451	1.1068
5452	1.1068
5453	1.2982
5454	1.164
5455	0.9979
5456	4.3027
5457	0.6476
5458	0.6476
5459	0.0358
546	1.3833
5460	0.0142
5461	0.0142
5462	0.0142
5463	0.0142
5464	0.0025
5465	0.0025
5466	0.0019
5467	0.0019
5468	1.3542
5469	0.0146
547	0.1295
5470	1.2128
5471	0.0146
5472	5.0E-4
5473	5.0E-4
5474	5.0E-4
5475	5.0E-4
5476	5.0E-4
5477	5.0E-4
5478	5.0E-4
5479	5.0E-4
548	0.0783
5480	0.0013
5481	0.0013
5482	0.0013
5483	0.0543
5484	0.0186
5485	0.004
5486	0.0014
5487	0.0014
5488	0.0014
5489	0.0014
549	0.0157
5490	0.0034
5491	0.0033
5492	0.0034
5493	0.0033
5494	0.0037
5495	0.0034
5496	0.0034
5497	0.0082
5498	0.0046
5499	0.0046
55	0.3564
550	0.1703
5500	0.0046
5501	0.0046
5502	0.0066
5503	0.0557
5504	0.0557
5505	0.0557
5506	0.0103
5507	0.0103
5508	0.0103
5509	0.0012
551	0.1804
5510	6.0E-4
5511	6.0E-4
5512	8.0E-4
5513	0.0
5514	0.0
5515	0.0
5516	0.0
5517	0.0
5518	0.0
5519	0.0
552	0.1703
5520	0.0
5521	0.0
5522	0.0
5523	3.1514
5524	2.2936
5525	1.044
5526	0.4184
5527	0.2238
5528	0.1651
5529	0.1467
553	0.1792
5530	0.1417
5531	0.1414
5532	0.1452
5533	0.1596
5534	0.2044
5535	0.3397
5536	0.699
5537	1.0187
5538	0.0
5539	0.0
554	0.1824
5540	0.0
5541	0.0
5542	0.0
5543	0.0
5544	0.0
5545	0.0
5546	0.0
5547	0.0
5548	0.0
5549	0.0
555	0.1832
5550	0.0
5551	0.0
5552	0.0
5553	0.0
5554	0.0
5555	0.0
5556	0.0
5557	0.0
5558	0.0
5559	0.0
556	0.1832
5560	0.0
5561	0.0
5562	0.0
5563	0.0
5564	0.0
5565	0.0
5566	0.0
5567	0.0
5568	0.0
5569	0.0
557	0.3902
5570	0.0
5571	0.0
5572	0.0
5573	0.0
5574	0.0
5575	0.0
5576	0.0
5577	0.0
5578	0.0
5579	0.0
558	0.1234
5580	0.0
5581	0.0
5582	0.0
5583	0.0
5584	0.0
5585	0.0
5586	0.0
5587	0.0
5588	0.0
5589	0.0
559	0.1234
5590	0.0
5591	0.0
5592	0.0
5593	0.0
5594	0.0
5595	0.0
5596	0.0
5597	0.0
5598	0.0
5599	0.0
56	0.3341
560	0.1234
5600	0.0
5601	0.0
5602	0.0
5603	0.0
5604	0.0
5605	0.0
5606	0.0
5607	0.0
5608	0.0
5609	0.0
561	0.1172
5610	0.0
5611	0.0
5612	0.0
5613	0.0
5614	0.0
5615	0.0
5616	0.0
5617	0.0
5618	0.0
5619	0.0
562	0.1172
5620	0.0
5621	0.0
5622	0.0
5623	0.0
5624	0.0
5625	0.0
5626	0.0
5627	0.0
5628	0.0
5629	0.0
563	0.1172
5630	0.0
5631	0.0
5632	0.0
5633	0.0
5634	0.0
5635	0.0
5636	0.0
5637	0.0
5638	0.0
5639	0.0
564	0.1172
5640	0.0
5641	0.0
5642	0.0
5643	0.0
5644	0.0
5645	0.0
5646	0.0
5647	0.0
5648	0.0
5649	0.0
565	0.1235
5650	0.0
5651	0.0
5652	0.0
5653	0.0
5654	0.0
5655	0.0
5656	0.0
5657	0.0
5658	0.0
5659	0.0
566	0.0015
5660	0.0
5661	0.0
5662	0.0
5663	0.0
5664	0.0
5665	0.0
5666	0.0
5667	0.0
5668	0.0
5669	0.0
567	0.0015
5670	0.0
5671	0.0
5672	0.0
5673	0.0
5674	0.0
5675	0.0
5676	0.0
5677	0.0
5678	0.0
5679	0.0
568	0.0015
5680	0.0
5681	0.0
5682	0.0
5683	0.0
5684	0.0
5685	0.0
5686	0.0
5687	0.0
5688	0.0
5689	0.0
569	0.0034
5690	0.0
5691	0.0
5692	0.0
5693	0.0
5694	0.0
5695	0.0
5696	0.0
5697	0.0
5698	0.0
5699	0.0
57	0.3269
570	0.0015
5700	0.0
5701	0.0
5702	0.0
5703	0.0
5704	0.0
5705	0.0
5706	0.0
5707	0.0
5708	0.0
5709	0.0
571	0.0015
5710	0.0
5711	0.0
5712	0.0
5713	0.0
5714	0.0
5715	0.0
5716	0.0
5717	0.0
5718	0.0
5719	0.0
572	0.0015
5720	0.0
5721	0.0
5722	0.0
5723	0.0
5724	0.0
5725	0.0
5726	0.0
5727	0.0
5728	0.0
5729	0.0
573	0.0015
5730	0.0
5731	0.0
5732	0.0
5733	0.0
5734	0.0
5735	0.0
5736	0.0
5737	0.0
5738	0.0
5739	0.0
574	0.0015
5740	0.0
5741	0.0
5742	0.0
5743	0.0
5744	0.0
5745	0.0
5746	0.0
5747	0.0
5748	0.0
5749	0.0
575	0.0015
5750	0.0
5751	0.0
5752	0.0
5753	0.0
5754	0.0
5755	0.0
5756	0.0
5757	0.0
5758	0.0
5759	0.0
576	0.0015
5760	0.0
5761	0.0
5762	0.0
5763	0.0
5764	0.0
5765	0.0
5766	0.0
5767	0.0
5768	0.0
5769	0.0
577	0.0015
5770	0.0
5771	0.0
5772	0.0
5773	0.0
5774	0.0
5775	0.0
5776	0.0
5777	0.0
5778	0.0
5779	0.0
578	1.1379
5780	0.0
5781	0.0
5782	0.0
5783	0.0
5784	0.0
5785	3.1515
5786	2.2936
5787	1.044
5788	0.4184
5789	0.2237
579	0.1693
5790	0.1651
5791	0.1467
5792	0.1418
5793	0.1414
5794	0.1452
5795	0.1596
5796	0.2044
5797	0.3397
5798	0.699
5799	1.0187
58	0.3571
580	0.1693
5800	0.0
5801	0.0
5802	0.0
5803	0.0
5804	0.0
5805	0.0
5806	0.0
5807	0.0
5808	0.0
5809	0.0
581	0.1784
5810	0.0
5811	0.0
5812	0.0
5813	0.0
5814	0.0
5815	0.0111
5816	0.0111
5817	0.0
5818	0.0018
5819	0.0018
582	0.0018
5820	0.6737
5821	0.6737
5822	0.1342
5823	1.4935
5824	0.1384
5825	0.7017
5826	0.6719
5827	0.6719
5828	0.9736
5829	0.6719
583	0.0018
5830	0.6719
5831	0.6719
5832	0.7144
5833	0.7144
5834	0.0385
5835	0.2125
5836	0.2125
5837	0.2125
5838	0.2125
5839	0.2125
584	0.0015
5840	0.2125
5841	0.2125
5842	0.0307
5843	0.0307
5844	0.0022
5845	4.0E-4
5846	4.0E-4
5847	4.0E-4
5848	4.0E-4
5849	4.0E-4
585	0.0019
5850	4.0E-4
5851	4.0E-4
5852	4.0E-4
5853	4.0E-4
5854	4.0E-4
5855	4.0E-4
5856	4.0E-4
5857	4.0E-4
5858	4.0E-4
5859	4.0E-4
586	0.0018
5860	4.0E-4
5861	4.0E-4
5862	4.0E-4
5863	4.0E-4
5864	4.0E-4
5865	4.0E-4
5866	4.0E-4
5867	0.0069
5868	5.0E-4
5869	5.0E-4
587	0.0019
5870	5.0E-4
5871	5.0E-4
5872	5.0E-4
5873	5.0E-4
5874	5.0E-4
5875	0.0012
5876	5.0E-4
5877	1.0439
5878	5.0E-4
5879	5.0E-4
588	0.0015
5880	5.0E-4
5881	5.0E-4
5882	5.0E-4
5883	5.0E-4
5884	5.0E-4
5885	5.0E-4
5886	5.0E-4
5887	5.0E-4
5888	5.0E-4
5889	5.0E-4
589	0.0021
5890	5.0E-4
5891	5.0E-4
5892	0.0
5893	0.0
5894	0.0
5895	0.0
5896	0.0
5897	0.0
5898	0.0
5899	0.0
59	0.3549
590	0.0021
5900	0.0
5901	0.0
5902	0.0
5903	0.0
5904	0.0
5905	0.0
5906	0.0
5907	0.0
5908	0.0
5909	0.0
591	0.0021
5910	0.0
5911	0.0
5912	0.0
5913	0.0
5914	0.0
5915	0.0
5916	0.0
5917	0.0
5918	0.0
5919	0.0
592	0.0021
5920	0.002
5921	0.0013
5922	0.0874
5923	0.0874
5924	0.0874
5925	0.0874
5926	0.0874
5927	0.0874
5928	0.0874
5929	0.0874
593	5.7553
5930	1.379
5931	1.379
5932	1.379
5933	1.379
5934	1.379
5935	1.379
5936	0.0759
5937	0.0718
5938	0.3503
5939	0.0414
594	0.0022
5940	0.0
5941	0.0
5942	0.0
5943	0.0
5944	0.0
5945	0.0
5946	0.0
5947	0.0
5948	0.0
5949	0.0
595	0.0015
5950	0.0
5951	0.0148
5952	0.0011
5953	0.0012
5954	0.0023
5955	0.3217
5956	1.0596
5957	0.0023
5958	0.0
5959	0.0
596	0.0015
5960	0.0
5961	0.0
5962	0.0
5963	0.0
5964	0.0
5965	0.0
5966	0.0
5967	0.0
5968	0.0
5969	0.0
597	0.0015
5970	0.0
5971	0.0
5972	0.0
5973	0.0
5974	0.0021
5975	0.0113
5976	0.0435
5977	0.0435
5978	0.0041
5979	0.0041
598	0.0254
5980	0.0041
5981	0.0041
5982	0.0041
5983	0.0041
5984	0.0041
5985	0.0041
5986	0.0041
5987	0.0041
5988	0.0041
5989	0.0041
599	0.0127
5990	0.0041
5991	0.0041
5992	0.0444
5993	0.0
5994	0.0
5995	0.0
5996	0.0
5997	0.0
5998	0.0
5999	0.0
6	0.0052
60	0.3344
600	0.0013
6000	0.0
6001	2.0E-4
6002	2.0E-4
6003	4.0E-4
6004	0.3165
6005	0.3602
6006	1.0E-4
6007	1.0E-4
6008	1.0E-4
6009	1.0E-4
601	0.0013
6010	1.0E-4
6011	1.0E-4
6012	0.1366
602	0.0013
603	0.0013
604	0.0013
605	0.0013
606	0.0013
607	0.0013
608	0.0013
609	0.0013
61	14.9232
610	0.0013
611	0.0199
612	0.0286
613	0.0157
614	0.1464
615	0.0153
616	0.0158
617	0.0174
618	0.0174
619	0.0174
62	0.0473
620	0.0263
621	0.0692
622	0.0152
623	0.0151
624	0.015
625	0.0478
626	0.0478
627	0.0159
628	0.0028
629	0.0028
63	0.3178
630	0.0849
631	0.0125
632	0.0
633	0.0
634	0.0
635	0.0
636	0.0
637	0.0
638	0.0
639	0.0
64	0.2522
640	0.0
641	0.0
642	0.0
643	0.0
644	0.0
645	0.0
646	0.0
647	0.0
648	0.0057
649	0.0057
65	0.2725
650	0.0057
651	0.0057
652	0.0057
653	0.0057
654	0.0057
655	0.0057
656	0.0057
657	0.0057
658	0.0
659	0.0
66	0.2527
660	0.0
661	0.0
662	0.0
663	0.0
664	0.0
665	0.0
666	0.0
667	0.0101
668	0.009
669	0.0225
67	0.2468
670	0.0223
671	0.0197
672	0.0197
673	0.0199
674	0.0225
675	0.018
676	0.018
677	0.0182
678	0.0207
679	0.0
68	0.3188
680	0.0
681	0.0
682	0.0
683	0.0
684	0.0
685	0.0
686	0.0181
687	0.02
688	0.02
689	0.02
69	0.3363
690	0.0
691	0.0
692	0.0
693	0.0
694	0.0
695	0.0
696	0.0
697	0.0
698	0.0
699	0.0
7	0.0436
70	0.2697
700	0.0
701	0.0
702	0.0
703	0.0
704	0.0
705	0.0
706	0.0
707	0.0
708	0.0
709	0.0162
71	0.3538
710	3.0E-4
711	2.0E-4
712	3.0E-4
713	2.0E-4
714	2.0E-4
715	2.0E-4
716	2.0E-4
717	2.0E-4
718	2.0E-4
719	2.0E-4
72	0.4587
720	2.0E-4
721	2.0E-4
722	9.0E-4
723	2.0E-4
724	9.0E-4
725	2.0E-4
726	2.0E-4
727	2.0E-4
728	2.0E-4
729	2.0E-4
73	5.8026
730	2.0E-4
731	2.0E-4
732	2.0E-4
733	2.0E-4
734	2.0E-4
735	2.0E-4
736	2.0E-4
737	2.0E-4
738	2.0E-4
739	2.0E-4
74	2.0502
740	2.0E-4
741	2.0E-4
742	2.0E-4
743	2.0E-4
744	2.0E-4
745	3.0E-4
746	2.0E-4
747	2.0E-4
748	2.0E-4
749	2.0E-4
75	1.093
750	2.0E-4
751	0.0264
752	2.0E-4
753	2.0E-4
754	2.0E-4
755	0.0141
756	0.0141
757	0.0141
758	0.0141
759	0.0141
76	1.2571
760	0.0141
761	0.0141
762	0.0141
763	0.0072
764	0.0072
765	0.0072
766	0.0079
767	0.0076
768	0.0056
769	0.0072
77	0.3611
770	0.0072
771	0.0
772	0.0068
773	0.0068
774	0.0065
775	0.0069
776	0.0069
777	0.0065
778	0.0045
779	0.0045
78	1.2655
780	0.0068
781	0.0068
782	3.0E-4
783	0.0055
784	0.0069
785	0.0069
786	0.0069
787	0.0069
788	0.0064
789	0.0064
79	0.8523
790	0.0064
791	0.0069
792	0.0069
793	0.0069
794	0.0069
795	0.0069
796	0.0065
797	0.0064
798	0.0064
799	0.0064
8	0.007
80	5.0441
800	0.0055
801	0.0343
802	0.0519
803	0.0497
804	0.0471
805	0.0471
806	0.0471
807	0.0471
808	0.0558
809	0.0558
81	7.2417
810	0.0453
811	0.0453
812	0.0453
813	0.0453
814	0.0453
815	0.0453
816	0.0472
817	0.0456
818	0.0582
819	0.058
82	2.9271
820	0.058
821	0.058
822	4.3941
823	0.8499
824	0.0914
825	0.0693
826	0.1858
827	0.1629
828	0.7785
829	0.0049
83	2.1382
830	0.0454
831	0.0157
832	0.0157
833	0.0157
834	0.0157
835	0.0157
836	0.001
837	0.0634
838	0.0372
839	0.0516
84	2.6677
840	0.0676
841	0.0395
842	0.0502
843	0.0303
844	0.0303
845	0.0303
846	0.0303
847	0.0303
848	0.0303
849	0.0303
85	0.0305
850	0.0303
851	0.0303
852	0.0303
853	0.0303
854	0.0303
855	0.0303
856	0.0303
857	0.0303
858	0.0303
859	0.0303
86	0.0231
860	0.0303
861	0.0303
862	0.0303
863	0.0303
864	0.0303
865	0.0303
866	0.0303
867	0.0303
868	0.0303
869	0.0456
87	0.0289
870	0.0087
871	0.0087
872	0.012
873	0.0209
874	0.0188
875	0.0047
876	0.0166
877	0.0163
878	0.0163
879	0.0139
88	0.0305
880	0.1371
881	0.0128
882	0.0128
883	0.0128
884	0.0128
885	0.0128
886	0.0128
887	0.0207
888	0.0128
889	4.0E-4
89	0.0238
890	5.0E-4
891	4.0E-4
892	0.3581
893	0.5407
894	0.3581
895	0.3581
896	4.0E-4
897	4.0E-4
898	4.0E-4
899	4.0E-4
9	0.0052
90	0.032
900	1.0E-4
901	1.0E-4
902	1.0E-4
903	1.0E-4
904	1.0E-4
905	1.0E-4
906	1.0E-4
907	1.0E-4
908	1.0E-4
909	1.0E-4
91	0.032
910	1.0E-4
911	1.0E-4
912	1.0E-4
913	1.0E-4
914	1.0E-4
915	1.0E-4
916	1.0E-4
917	1.0E-4
918	0.0041
919	1.0E-4
92	0.0469
920	0.0041
921	1.0E-4
922	1.0E-4
923	2.0E-4
924	1.0E-4
925	1.0E-4
926	1.0E-4
927	1.0E-4
928	1.0E-4
929	1.0E-4
93	0.0251
930	1.0E-4
931	2.0E-4
932	1.0E-4
933	1.0E-4
934	1.0E-4
935	1.0E-4
936	1.0E-4
937	1.0E-4
938	4.0E-4
939	2.0E-4
94	2.0E-4
940	2.0E-4
941	2.0E-4
942	2.0E-4
943	0.0803
944	0.0803
945	0.0197
946	0.0198
947	0.0071
948	0.0071
949	0.0066
95	2.0E-4
950	0.007
951	0.0071
952	0.0071
953	0.008
954	0.008
955	0.0079
956	0.0081
957	0.0145
958	0.0095
959	0.0095
96	2.0E-4
960	0.0095
961	0.0095
962	0.0095
963	0.0103
964	0.0095
965	0.0095
966	0.0095
967	0.0095
968	0.0127
969	0.0127
97	2.0E-4
970	0.1672
971	0.0094
972	0.0106
973	0.0107
974	0.0106
975	0.0106
976	0.0106
977	0.0106
978	0.0106
979	0.0188
98	2.0E-4
980	0.0086
981	0.1087
982	0.0091
983	0.0091
984	0.0091
985	0.0098
986	0.0091
987	0.0076
988	0.0075
989	0.0067
99	2.0E-4
990	0.013
991	0.0439
992	0.0205
993	0.0794
994	0.013
995	0.6433
996	0.0079
997	0.0079
998	0.0099
999	0.0099
