1	0.1248
10	1.2651
100	3.0E-4
1000	0.0107
1001	0.0107
1002	0.0102
1003	0.0069
1004	0.0079
1005	0.0069
1006	0.0096
1007	0.0095
1008	0.0102
1009	0.0093
101	3.0E-4
1010	0.0085
1011	0.0085
1012	0.0089
1013	0.0088
1014	0.0088
1015	0.0106
1016	0.0105
1017	0.0105
1018	0.0093
1019	0.0094
102	0.0101
1020	0.8673
1021	2.9213
1022	0.0067
1023	4.0E-4
1024	9.0E-4
1025	0.0901
1026	0.0901
1027	0.024
1028	0.0059
1029	0.008
103	3.0E-4
1030	0.0102
1031	0.001
1032	3.0E-4
1033	0.0102
1034	0.5696
1035	0.0066
1036	0.0066
1037	0.0066
1038	0.0106
1039	1.0696
104	3.0E-4
1040	1.0696
1041	1.0696
1042	1.0696
1043	1.0696
1044	1.0696
1045	1.0696
1046	1.0696
1047	1.0696
1048	1.0696
1049	1.0696
105	3.0E-4
1050	1.0696
1051	1.0696
1052	1.0696
1053	1.0696
1054	1.0696
1055	1.0696
1056	1.0696
1057	1.0696
1058	1.0696
1059	1.0696
106	2.545
1060	1.0696
1061	1.0696
1062	1.0696
1063	1.0696
1064	1.0696
1065	1.0696
1066	5.0E-4
1067	5.0E-4
1068	5.0E-4
1069	5.0E-4
107	0.8513
1070	5.0E-4
1071	5.0E-4
1072	5.0E-4
1073	5.0E-4
1074	5.0E-4
1075	5.0E-4
1076	5.0E-4
1077	5.0E-4
1078	5.0E-4
1079	5.0E-4
108	0.4791
1080	5.0E-4
1081	5.0E-4
1082	5.0E-4
1083	5.0E-4
1084	5.0E-4
1085	5.0E-4
1086	5.0E-4
1087	5.0E-4
1088	5.0E-4
1089	5.0E-4
109	0.437
1090	5.0E-4
1091	5.0E-4
1092	5.0E-4
1093	5.0E-4
1094	5.0E-4
1095	5.0E-4
1096	5.0E-4
1097	9.0E-4
1098	0.001
1099	0.001
11	0.0056
110	0.437
1100	0.0505
1101	0.0588
1102	0.0154
1103	0.0154
1104	0.0154
1105	0.0154
1106	0.0154
1107	0.0154
1108	0.0154
1109	0.0154
111	1.6629
1110	0.0154
1111	0.0154
1112	0.0154
1113	0.0154
1114	0.0154
1115	0.0154
1116	0.0154
1117	0.0154
1118	0.0154
1119	0.0154
112	1.7282
1120	0.0154
1121	0.0154
1122	0.0154
1123	0.0154
1124	0.0154
1125	0.0154
1126	0.0154
1127	0.0154
1128	0.0154
1129	0.0154
113	0.7427
1130	0.0154
1131	0.0154
1132	0.0154
1133	0.0154
1134	0.0154
1135	0.0154
1136	0.0154
1137	0.0154
1138	0.0154
1139	0.0154
114	0.4426
1140	0.0154
1141	0.0154
1142	0.0154
1143	0.0154
1144	0.0154
1145	0.0154
1146	0.0154
1147	0.0154
1148	0.0154
1149	0.0154
115	0.805
1150	0.0154
1151	0.0154
1152	0.0154
1153	0.0154
1154	0.0154
1155	0.0154
1156	0.0154
1157	0.0154
1158	0.0154
1159	0.0
116	1.3713
1160	0.0
1161	4.0E-4
1162	0.0
1163	0.0
1164	0.0
1165	0.0
1166	0.0
1167	0.0
1168	0.0
1169	0.0
117	0.5667
1170	0.0
1171	0.0
1172	0.0
1173	0.0
1174	0.0
1175	0.0
1176	0.0
1177	0.0014
1178	0.0072
1179	0.0
118	1.4085
1180	0.0
1181	0.0
1182	0.0
1183	0.0
1184	0.0
1185	0.0
1186	0.0
1187	0.0011
1188	0.0011
1189	0.0011
119	3.4051
1190	0.0011
1191	0.0014
1192	0.0014
1193	0.003
1194	0.0034
1195	0.0031
1196	0.0013
1197	0.0013
1198	8.0E-4
1199	0.1774
12	0.0082
120	1.4998
1200	8.0E-4
1201	8.0E-4
1202	8.0E-4
1203	8.0E-4
1204	8.0E-4
1205	8.0E-4
1206	8.0E-4
1207	5.0E-4
1208	5.0E-4
1209	5.0E-4
121	1.3709
1210	4.0E-4
1211	4.0E-4
1212	4.0E-4
1213	0.0067
1214	7.0E-4
1215	0.2533
1216	0.3984
1217	0.2533
1218	0.2533
1219	0.0012
122	1.4998
1220	0.0012
1221	0.0
1222	0.0
1223	0.0
1224	0.0
1225	0.001
1226	0.001
1227	0.0055
1228	0.0055
1229	0.0055
123	2.1327
1230	0.0055
1231	0.0055
1232	0.0055
1233	0.0055
1234	0.0
1235	0.0
1236	0.0
1237	0.0
1238	0.0
1239	0.0
124	1.9571
1240	0.0
1241	0.0
1242	0.0
1243	0.0
1244	0.0
1245	0.0
1246	0.0
1247	0.0
1248	0.0
1249	0.0
125	1.9681
1250	0.0
1251	0.0
1252	0.0
1253	0.0
1254	0.0
1255	0.0
1256	0.0
1257	0.0
1258	0.0
1259	0.0
126	1.9777
1260	0.0
1261	0.0
1262	0.0
1263	0.0
1264	0.0
1265	0.0
1266	0.0
1267	0.0
1268	0.0
1269	0.007
127	0.6135
1270	0.007
1271	0.007
1272	0.007
1273	0.007
1274	0.007
1275	0.007
1276	0.007
1277	0.007
1278	0.007
1279	0.006
128	0.6135
1280	0.006
1281	0.006
1282	0.006
1283	0.006
1284	0.0
1285	0.0
1286	0.0
1287	0.0
1288	0.0168
1289	0.0168
129	0.5775
1290	0.0168
1291	0.0254
1292	0.0109
1293	0.0707
1294	0.0707
1295	0.0031
1296	0.0031
1297	0.0
1298	0.0
1299	0.0
13	0.0056
130	0.5467
1300	3.0E-4
1301	0.0
1302	0.0
1303	0.0
1304	0.0
1305	3.0E-4
1306	3.0E-4
1307	3.0E-4
1308	0.0
1309	0.0018
131	0.4554
1310	1.0E-4
1311	0.001
1312	4.0E-4
1313	4.0E-4
1314	4.0E-4
1315	4.0E-4
1316	4.0E-4
1317	4.0E-4
1318	4.0E-4
1319	4.0E-4
132	5.7553
1320	4.0E-4
1321	4.0E-4
1322	4.0E-4
1323	4.0E-4
1324	3.0E-4
1325	3.0E-4
1326	3.0E-4
1327	3.0E-4
1328	3.0E-4
1329	3.0E-4
133	0.1908
1330	3.0E-4
1331	3.0E-4
1332	3.0E-4
1333	3.0E-4
1334	3.0E-4
1335	3.0E-4
1336	3.0E-4
1337	3.0E-4
1338	3.0E-4
1339	3.0E-4
134	0.1748
1340	6.0E-4
1341	5.0E-4
1342	0.0026
1343	0.0026
1344	5.0E-4
1345	0.0101
1346	0.002
1347	0.002
1348	0.002
1349	0.002
135	0.2079
1350	0.002
1351	0.002
1352	0.002
1353	0.002
1354	0.002
1355	0.002
1356	0.002
1357	0.002
1358	0.002
1359	0.002
136	0.2215
1360	0.002
1361	0.002
1362	2.0E-4
1363	0.0271
1364	0.0271
1365	0.0019
1366	0.0018
1367	0.0019
1368	0.0019
1369	0.0019
137	0.2373
1370	0.714
1371	0.0711
1372	0.0243
1373	0.032
1374	0.0569
1375	0.0213
1376	0.0133
1377	0.0133
1378	0.0055
1379	1.0551
138	0.3359
1380	0.0051
1381	0.0048
1382	0.003
1383	0.003
1384	0.003
1385	0.003
1386	0.003
1387	0.003
1388	0.003
1389	0.003
139	0.0612
1390	0.0
1391	2.0E-4
1392	0.0
1393	0.0
1394	0.0
1395	0.0
1396	2.0E-4
1397	2.0E-4
1398	3.0E-4
1399	2.0E-4
14	0.607
140	0.0585
1400	2.0E-4
1401	2.0E-4
1402	0.0
1403	0.0
1404	0.0
1405	0.0
1406	0.0
1407	0.0
1408	0.0197
1409	0.0438
141	0.0534
1410	0.0438
1411	0.0438
1412	0.0438
1413	0.0438
1414	0.0438
1415	0.0438
1416	0.0524
1417	0.0674
1418	0.0438
1419	0.0666
142	0.261
1420	0.0666
1421	0.0438
1422	2.0E-4
1423	2.0E-4
1424	2.0E-4
1425	3.0E-4
1426	2.0E-4
1427	3.0E-4
1428	2.0E-4
1429	2.0E-4
143	0.3563
1430	2.0E-4
1431	2.0E-4
1432	2.0E-4
1433	0.0142
1434	0.0142
1435	0.0142
1436	0.0142
1437	0.0142
1438	4.0E-4
1439	4.0E-4
144	0.0775
1440	0.0018
1441	0.0022
1442	0.0084
1443	0.544
1444	0.0018
1445	5.0E-4
1446	3.0E-4
1447	3.0E-4
1448	3.0E-4
1449	3.0E-4
145	0.6607
1450	3.0E-4
1451	3.0E-4
1452	3.0E-4
1453	3.0E-4
1454	3.0E-4
1455	3.0E-4
1456	3.0E-4
1457	0.0016
1458	7.0E-4
1459	0.0012
146	0.0534
1460	0.0014
1461	0.013
1462	0.0129
1463	0.013
1464	0.0129
1465	0.0129
1466	0.013
1467	4.0738
1468	6.0E-4
1469	0.0074
147	0.0534
1470	0.0074
1471	0.0074
1472	0.0079
1473	7.0E-4
1474	7.0E-4
1475	7.0E-4
1476	7.0E-4
1477	7.0E-4
1478	7.0E-4
1479	7.0E-4
148	0.2453
1480	7.0E-4
1481	7.0E-4
1482	7.0E-4
1483	3.0E-4
1484	3.0E-4
1485	3.0E-4
1486	3.0E-4
1487	0.0067
1488	0.005
1489	0.0067
149	0.0697
1490	0.005
1491	0.0039
1492	0.0039
1493	0.004
1494	0.0051
1495	0.001
1496	0.001
1497	0.001
1498	0.001
1499	0.004
15	0.0059
150	0.0696
1500	0.001
1501	0.001
1502	0.004
1503	0.004
1504	0.001
1505	0.004
1506	0.0027
1507	0.0299
1508	0.003
1509	4.0E-4
151	0.1519
1510	4.0E-4
1511	4.0E-4
1512	4.0E-4
1513	4.0E-4
1514	4.0E-4
1515	4.0E-4
1516	4.0E-4
1517	2.0E-4
1518	7.0E-4
1519	9.0E-4
152	0.0477
1520	3.0E-4
1521	3.0E-4
1522	3.0E-4
1523	3.0E-4
1524	3.0E-4
1525	3.0E-4
1526	3.0E-4
1527	5.0E-4
1528	5.0E-4
1529	4.0E-4
153	0.1538
1530	3.0E-4
1531	3.0E-4
1532	3.0E-4
1533	0.0675
1534	1.0E-4
1535	2.0E-4
1536	2.0E-4
1537	3.0E-4
1538	0.5844
1539	0.9239
154	9.0E-4
1540	1.2699
1541	1.2719
1542	0.5844
1543	0.0043
1544	0.0
1545	0.0
1546	0.0
1547	0.0
1548	0.0
1549	0.0
155	0.324
1550	0.0
1551	1.0E-4
1552	3.0E-4
1553	3.0E-4
1554	3.0E-4
1555	3.0E-4
1556	3.0E-4
1557	3.0E-4
1558	3.0E-4
1559	3.0E-4
156	0.1357
1560	3.0E-4
1561	3.0E-4
1562	3.0E-4
1563	3.0E-4
1564	3.0E-4
1565	0.0
1566	0.0
1567	0.0
1568	0.0
1569	0.0
157	0.3335
1570	0.0
1571	0.0
1572	0.0
1573	0.0
1574	0.0
1575	0.0
1576	0.0
1577	0.0
1578	0.0
1579	0.0
158	0.3896
1580	0.0
1581	0.0
1582	0.0
1583	0.0
1584	0.0
1585	0.0
1586	0.0
1587	0.0
1588	0.0
1589	0.0013
159	0.3335
1590	0.0011
1591	0.0011
1592	0.0
1593	0.0
1594	0.0
1595	0.0
1596	0.0
1597	0.0
1598	0.0
1599	0.0
16	2.3537
160	0.3577
1600	0.0
1601	0.0
1602	0.015
1603	0.015
1604	0.015
1605	0.015
1606	0.015
1607	3.0E-4
1608	0.1131
1609	0.1131
161	0.3435
1610	0.1131
1611	0.1131
1612	0.1131
1613	0.1131
1614	0.0058
1615	0.0058
1616	0.0058
1617	0.0058
1618	0.0058
1619	1.0E-4
162	0.3335
1620	0.1308
1621	0.099
1622	0.099
1623	0.099
1624	0.099
1625	0.099
1626	1.0E-4
1627	1.0E-4
1628	1.0E-4
1629	1.0E-4
163	0.324
1630	1.0E-4
1631	1.0E-4
1632	1.0E-4
1633	1.0E-4
1634	2.0E-4
1635	1.0E-4
1636	1.0E-4
1637	1.0E-4
1638	1.0E-4
1639	1.0E-4
164	0.1967
1640	1.0E-4
1641	1.0E-4
1642	1.0E-4
1643	1.0E-4
1644	1.0E-4
1645	1.0E-4
1646	1.0E-4
1647	1.0E-4
1648	1.0E-4
1649	1.0E-4
165	0.324
1650	1.0E-4
1651	1.0E-4
1652	1.0E-4
1653	1.0E-4
1654	1.0E-4
1655	1.0E-4
1656	1.0E-4
1657	1.0E-4
1658	1.0E-4
1659	1.0E-4
166	0.3424
1660	1.0E-4
1661	1.0E-4
1662	1.0E-4
1663	1.0E-4
1664	1.0E-4
1665	0.3191
1666	0.4981
1667	0.3191
1668	0.3191
1669	0.0204
167	0.324
1670	0.0204
1671	0.024
1672	0.0204
1673	0.0204
1674	0.0204
1675	0.0204
1676	0.0204
1677	0.0204
1678	4.7951
1679	0.0301
168	0.2901
1680	4.0E-4
1681	4.0E-4
1682	4.0E-4
1683	0.0024
1684	4.0E-4
1685	4.0E-4
1686	4.0E-4
1687	2.0E-4
1688	0.0018
1689	2.0E-4
169	0.2901
1690	2.0E-4
1691	2.0E-4
1692	2.0E-4
1693	2.0E-4
1694	2.0E-4
1695	2.0E-4
1696	2.0E-4
1697	2.0E-4
1698	2.0E-4
1699	2.0E-4
17	0.006
170	0.2901
1700	2.0E-4
1701	2.0E-4
1702	2.0E-4
1703	2.0E-4
1704	2.0E-4
1705	2.0E-4
1706	3.0E-4
1707	2.0E-4
1708	2.0E-4
1709	2.0E-4
171	0.2911
1710	2.0E-4
1711	2.0E-4
1712	2.0E-4
1713	2.0E-4
1714	2.0E-4
1715	2.0E-4
1716	2.0E-4
1717	2.0E-4
1718	2.0E-4
1719	2.0E-4
172	0.2901
1720	2.0E-4
1721	2.0E-4
1722	2.0E-4
1723	1.0E-4
1724	1.0E-4
1725	1.0E-4
1726	1.0E-4
1727	1.0E-4
1728	1.0E-4
1729	1.0E-4
173	0.2842
1730	1.0E-4
1731	1.0E-4
1732	1.0E-4
1733	1.0E-4
1734	1.0E-4
1735	1.0E-4
1736	1.0E-4
1737	2.0E-4
1738	2.0E-4
1739	2.0E-4
174	0.2105
1740	2.0E-4
1741	1.0E-4
1742	1.0E-4
1743	1.0E-4
1744	1.0E-4
1745	1.0E-4
1746	1.0E-4
1747	1.0E-4
1748	1.0E-4
1749	1.0E-4
175	0.3243
1750	2.0E-4
1751	2.0E-4
1752	2.0E-4
1753	2.0E-4
1754	2.0E-4
1755	2.0E-4
1756	2.0E-4
1757	2.0E-4
1758	2.0E-4
1759	2.0E-4
176	0.358
1760	9.0E-4
1761	0.0012
1762	0.0012
1763	0.0012
1764	0.0064
1765	0.0064
1766	1.0E-4
1767	1.0E-4
1768	1.0E-4
1769	1.0E-4
177	0.2153
1770	1.0E-4
1771	1.0E-4
1772	1.0E-4
1773	1.0E-4
1774	1.0E-4
1775	1.0E-4
1776	1.0E-4
1777	1.0E-4
1778	1.0E-4
1779	1.0E-4
178	0.0655
1780	1.0E-4
1781	1.0E-4
1782	1.0E-4
1783	1.0E-4
1784	1.0E-4
1785	1.0E-4
1786	1.0E-4
1787	1.0E-4
1788	1.0E-4
1789	3.0E-4
179	0.1167
1790	3.0E-4
1791	1.0E-4
1792	1.0E-4
1793	1.0E-4
1794	1.0E-4
1795	1.0E-4
1796	1.0E-4
1797	1.0E-4
1798	1.0E-4
1799	1.0E-4
18	0.2547
180	0.1092
1800	1.0E-4
1801	1.0E-4
1802	1.0E-4
1803	1.0E-4
1804	1.0E-4
1805	1.0E-4
1806	1.0E-4
1807	1.0E-4
1808	1.0E-4
1809	1.0E-4
181	0.1098
1810	1.0E-4
1811	1.0E-4
1812	1.0E-4
1813	1.0E-4
1814	1.0E-4
1815	2.0E-4
1816	2.0E-4
1817	2.0E-4
1818	0.0023
1819	0.0114
182	0.0726
1820	0.0062
1821	0.0069
1822	0.0062
1823	0.0079
1824	0.0079
1825	0.0079
1826	0.0079
1827	0.0079
1828	0.0079
1829	0.0079
183	0.1092
1830	0.01
1831	0.0135
1832	0.0079
1833	0.0133
1834	0.0133
1835	0.0079
1836	0.0105
1837	0.0052
1838	0.014
1839	0.0136
184	0.1105
1840	0.0136
1841	0.0116
1842	0.0107
1843	0.0107
1844	0.0107
1845	0.0107
1846	0.0107
1847	0.0107
1848	0.0107
1849	0.0039
185	0.1092
1850	0.0039
1851	0.0049
1852	0.0039
1853	0.0029
1854	1.0E-4
1855	0.0
1856	0.0
1857	0.0
1858	0.0
1859	0.0
186	0.1099
1860	0.001
1861	0.0039
1862	0.0039
1863	0.0042
1864	0.0
1865	0.0
1866	0.0
1867	1.0E-4
1868	1.0E-4
1869	0.0
187	0.1097
1870	3.0E-4
1871	0.5674
1872	2.1736
1873	2.3849
1874	0.5642
1875	2.8189
1876	1.8891
1877	2.8189
1878	2.8439
1879	0.1091
188	0.1092
1880	0.1091
1881	0.1091
1882	0.1091
1883	2.4919
1884	0.0727
1885	0.0727
1886	0.0727
1887	0.0727
1888	0.0727
1889	0.0727
189	0.1324
1890	0.0727
1891	0.0727
1892	0.0727
1893	0.0727
1894	0.0727
1895	0.0727
1896	0.0
1897	0.0
1898	0.0
1899	0.0
19	0.0423
190	0.0031
1900	0.0
1901	0.0
1902	0.0
1903	0.0
1904	0.0
1905	0.0
1906	0.0
1907	0.0
1908	0.0
1909	0.0
191	0.0042
1910	0.0
1911	0.0
1912	0.0
1913	0.0
1914	0.0
1915	0.0
1916	0.0
1917	0.0
1918	0.0
1919	0.0
192	0.2744
1920	0.0
1921	0.0
1922	0.0
1923	0.0
1924	0.0
1925	0.0
1926	0.0
1927	0.0
1928	0.0
1929	0.0
193	1.8435
1930	0.0
1931	0.0
1932	0.0
1933	0.0
1934	0.0
1935	0.0
1936	0.0
1937	0.0
1938	0.0
1939	0.0
194	0.6692
1940	0.0
1941	0.0
1942	0.0
1943	0.0
1944	0.0
1945	0.0
1946	0.0
1947	0.0
1948	0.0
1949	0.0
195	0.9085
1950	0.0
1951	0.0
1952	0.0
1953	0.0
1954	0.0
1955	0.0
1956	0.0
1957	0.0
1958	0.0
1959	0.0
196	0.9056
1960	0.0
1961	0.0
1962	0.0
1963	0.0
1964	0.0
1965	0.0
1966	0.0
1967	0.0
1968	0.0
1969	0.0
197	0.6206
1970	0.0
1971	0.0
1972	0.0
1973	0.0
1974	0.0
1975	0.0
1976	0.0
1977	0.0
1978	0.0
1979	0.0
198	0.7597
1980	0.0
1981	0.0
1982	0.0
1983	0.0
1984	0.0
1985	0.0
1986	0.0
1987	0.0
1988	0.0
1989	0.0
199	0.9022
1990	0.0
1991	0.0
1992	0.0
1993	0.0
1994	0.0
1995	1.0063
1996	0.0
1997	0.0
1998	0.0
1999	0.0
2	22.0897
20	0.1266
200	1.0366
2000	0.0
2001	0.0
2002	0.0
2003	0.0
2004	0.0
2005	0.0
2006	0.0
2007	0.0
2008	0.0
2009	0.0
201	1.8073
2010	0.0
2011	0.0
2012	0.0
2013	0.0
2014	0.0
2015	0.0
2016	0.0
2017	0.0
2018	0.0
2019	0.0
202	1.8506
2020	0.0
2021	0.0
2022	0.0
2023	0.0
2024	0.0
2025	0.0
2026	0.0
2027	0.0
2028	0.0
2029	0.0
203	0.5839
2030	0.0
2031	0.0
2032	0.0
2033	0.0
2034	0.0
2035	0.0
2036	0.0
2037	0.0
2038	0.0
2039	0.0
204	0.8478
2040	0.0
2041	0.0
2042	0.0
2043	0.0
2044	0.0
2045	0.0
2046	0.0
2047	0.0
2048	0.0
2049	0.0
205	0.6857
2050	0.0
2051	0.0
2052	0.0
2053	0.0
2054	0.0
2055	0.0
2056	0.0
2057	0.0
2058	0.0
2059	0.0
206	0.5676
2060	0.0
2061	0.0
2062	0.0
2063	0.0
2064	0.0
2065	0.0
2066	0.0
2067	0.0
2068	0.0
2069	0.0
207	0.0046
2070	0.0
2071	0.0
2072	0.0
2073	0.0
2074	0.0
2075	0.0
2076	0.0
2077	0.0
2078	0.0
2079	0.0
208	0.0047
2080	0.0099
2081	0.0075
2082	0.0099
2083	0.0075
2084	0.0062
2085	0.0079
2086	0.0015
2087	0.0015
2088	0.0015
2089	0.0015
209	0.0156
2090	0.0062
2091	0.0015
2092	0.0015
2093	0.006
2094	0.006
2095	0.0015
2096	0.0062
2097	0.0039
2098	0.0233
2099	0.0047
21	0.0408
210	0.0125
2100	4.7907
2101	0.0299
2102	1.0E-4
2103	0.2041
2104	1.0E-4
2105	1.0E-4
2106	1.0E-4
2107	6.0E-4
2108	6.0E-4
2109	6.0E-4
211	0.1902
2110	6.0E-4
2111	6.0E-4
2112	6.0E-4
2113	6.0E-4
2114	6.0E-4
2115	8.0E-4
2116	6.0E-4
2117	6.0E-4
2118	6.0E-4
2119	6.0E-4
212	1.1888
2120	6.0E-4
2121	6.0E-4
2122	6.0E-4
2123	6.0E-4
2124	6.0E-4
2125	0.0093
2126	0.0093
2127	0.0093
2128	0.0181
2129	0.0093
213	1.1784
2130	0.0093
2131	0.0093
2132	0.0044
2133	0.0044
2134	0.0044
2135	0.0044
2136	0.0044
2137	0.012
2138	0.012
2139	0.0138
214	1.1809
2140	0.012
2141	0.012
2142	0.012
2143	0.012
2144	0.5946
2145	0.7041
2146	0.5774
2147	0.5774
2148	0.5946
2149	7.0E-4
215	1.1636
2150	7.0E-4
2151	7.0E-4
2152	7.0E-4
2153	7.0E-4
2154	7.0E-4
2155	7.0E-4
2156	7.0E-4
2157	7.0E-4
2158	7.0E-4
2159	0.0011
216	1.1739
2160	0.0011
2161	0.0011
2162	0.0011
2163	0.0011
2164	0.0011
2165	0.0011
2166	0.0011
2167	8.0E-4
2168	8.0E-4
2169	8.0E-4
217	1.1991
2170	8.0E-4
2171	0.0324
2172	0.3955
2173	8.0E-4
2174	8.0E-4
2175	8.0E-4
2176	8.0E-4
2177	8.0E-4
2178	8.0E-4
2179	8.0E-4
218	0.7721
2180	7.0E-4
2181	7.0E-4
2182	7.0E-4
2183	7.0E-4
2184	7.0E-4
2185	7.0E-4
2186	7.0E-4
2187	7.0E-4
2188	7.0E-4
2189	7.0E-4
219	0.206
2190	7.0E-4
2191	7.0E-4
2192	7.0E-4
2193	0.8725
2194	0.8545
2195	0.8545
2196	0.8725
2197	0.8725
2198	0.8177
2199	0.0325
22	0.0056
220	0.2185
2200	0.0325
2201	0.0325
2202	0.0325
2203	0.0325
2204	0.0325
2205	0.0325
2206	0.0325
2207	0.0325
2208	0.0325
2209	0.0013
221	0.0081
2210	1.0E-4
2211	3.0E-4
2212	8.0E-4
2213	3.0E-4
2214	2.0E-4
2215	2.0E-4
2216	1.0E-4
2217	1.0E-4
2218	1.0E-4
2219	3.0E-4
222	0.0081
2220	1.0E-4
2221	2.0E-4
2222	4.0E-4
2223	1.0E-4
2224	1.0E-4
2225	2.0E-4
2226	2.0E-4
2227	2.0E-4
2228	2.0E-4
2229	3.0E-4
223	4.0E-4
2230	2.0E-4
2231	1.0E-4
2232	1.0E-4
2233	1.0E-4
2234	1.0E-4
2235	2.0E-4
2236	6.0E-4
2237	2.0E-4
2238	3.0E-4
2239	3.0E-4
224	1.4323
2240	3.0E-4
2241	2.0E-4
2242	2.0E-4
2243	2.0E-4
2244	3.0E-4
2245	3.0E-4
2246	2.0E-4
2247	2.0E-4
2248	2.0E-4
2249	2.0E-4
225	0.0027
2250	1.0E-4
2251	1.0E-4
2252	1.0E-4
2253	1.0E-4
2254	1.0E-4
2255	1.0E-4
2256	1.0E-4
2257	1.0E-4
2258	5.0E-4
2259	2.0E-4
226	0.003
2260	2.0E-4
2261	3.0E-4
2262	2.0E-4
2263	3.0E-4
2264	1.0E-4
2265	1.0E-4
2266	1.0E-4
2267	3.0E-4
2268	5.0E-4
2269	1.0E-4
227	0.0026
2270	1.0E-4
2271	1.0E-4
2272	1.0E-4
2273	1.0E-4
2274	1.0E-4
2275	3.0E-4
2276	3.0E-4
2277	3.0E-4
2278	3.0E-4
2279	2.0E-4
228	0.0027
2280	2.0E-4
2281	3.0E-4
2282	6.0E-4
2283	8.0E-4
2284	2.0E-4
2285	1.0E-4
2286	1.0E-4
2287	1.0E-4
2288	1.0E-4
2289	1.0E-4
229	0.0041
2290	7.0E-4
2291	2.0E-4
2292	2.0E-4
2293	2.0E-4
2294	3.0E-4
2295	3.0E-4
2296	3.0E-4
2297	3.0E-4
2298	1.0E-4
2299	1.0E-4
23	0.059
230	0.0027
2300	1.0E-4
2301	1.0E-4
2302	1.0E-4
2303	1.0E-4
2304	1.0E-4
2305	1.0E-4
2306	0.0
2307	0.0
2308	0.0
2309	0.0
231	0.2063
2310	0.0
2311	0.0
2312	0.0
2313	0.0
2314	0.0
2315	0.0
2316	0.0
2317	0.0
2318	0.0
2319	0.0
232	0.156
2320	0.0
2321	0.0
2322	0.0
2323	0.0
2324	0.0
2325	0.0
2326	0.0
2327	0.0
2328	0.0
2329	0.0
233	0.156
2330	0.0
2331	0.0
2332	0.0
2333	0.0
2334	0.0
2335	0.0
2336	0.0
2337	0.0
2338	0.0
2339	0.0
234	0.156
2340	0.0
2341	0.0
2342	0.0
2343	0.0
2344	0.0
2345	0.0
2346	0.0
2347	0.0
2348	0.0
2349	0.0
235	0.2529
2350	0.0
2351	0.0
2352	0.0
2353	0.0
2354	0.0
2355	0.0
2356	0.0
2357	0.0
2358	0.0
2359	0.0
236	0.2714
2360	0.0
2361	0.0
2362	0.0019
2363	0.1451
2364	0.0
2365	0.0
2366	0.0
2367	0.0
2368	0.0
2369	0.0
237	0.156
2370	0.0
2371	0.0
2372	0.0
2373	0.0
2374	0.0
2375	0.0
2376	0.0
2377	0.0
2378	0.0
2379	0.0
238	0.156
2380	0.0
2381	0.0
2382	0.0
2383	0.0
2384	0.0
2385	0.0
2386	0.0
2387	0.0
2388	0.0
2389	0.0
239	0.156
2390	0.0
2391	0.0
2392	0.0
2393	0.0
2394	0.0
2395	0.0
2396	0.0
2397	0.0
2398	0.0
2399	0.0
24	0.0061
240	0.2711
2400	0.0
2401	0.0
2402	4.0E-4
2403	0.0
2404	0.0
2405	0.0
2406	0.0
2407	0.0
2408	0.0
2409	0.0
241	0.1622
2410	0.0
2411	0.0
2412	0.0
2413	0.0
2414	0.0
2415	0.0
2416	0.0
2417	1.0E-4
2418	1.0E-4
2419	1.0E-4
242	0.2446
2420	0.0
2421	0.0
2422	0.0
2423	0.0
2424	0.0
2425	0.0
2426	0.0
2427	0.0
2428	0.0
2429	0.0
243	0.156
2430	0.0
2431	0.0
2432	0.0
2433	0.0
2434	0.0
2435	0.0
2436	0.0
2437	0.0
2438	0.0
2439	0.0
244	0.237
2440	0.0
2441	0.0
2442	0.0
2443	0.0
2444	0.0
2445	0.0
2446	0.0
2447	0.0
2448	0.0
2449	0.0
245	0.237
2450	0.0
2451	0.0
2452	0.0134
2453	0.0081
2454	0.0081
2455	0.0034
2456	0.0081
2457	0.0086
2458	0.0081
2459	0.0034
246	0.2136
2460	0.0017
2461	0.0017
2462	0.0017
2463	0.0017
2464	0.0017
2465	0.0017
2466	0.0017
2467	0.0017
2468	0.0017
2469	0.0017
247	0.156
2470	0.0017
2471	0.0017
2472	0.0017
2473	0.0017
2474	0.0017
2475	0.0017
2476	0.0017
2477	0.0017
2478	0.0017
2479	0.0017
248	0.3971
2480	0.0017
2481	0.0017
2482	0.0095
2483	0.0053
2484	0.0053
2485	0.0189
2486	0.0189
2487	0.002
2488	0.002
2489	0.002
249	0.9574
2490	0.002
2491	0.002
2492	0.002
2493	0.002
2494	0.002
2495	0.002
2496	0.002
2497	0.002
2498	0.002
2499	0.002
25	0.0056
250	0.2076
2500	0.002
2501	0.002
2502	0.002
2503	0.002
2504	0.002
2505	0.002
2506	0.002
2507	0.002
2508	0.002
2509	0.002
251	0.2171
2510	1.0E-4
2511	1.0E-4
2512	1.0E-4
2513	1.0E-4
2514	1.0E-4
2515	0.0
2516	0.0
2517	0.0
2518	0.0
2519	0.0
252	0.5007
2520	0.0
2521	0.0
2522	0.0
2523	0.0
2524	0.0
2525	0.0
2526	0.0
2527	0.0
2528	0.0
2529	0.0
253	0.1655
2530	0.0
2531	0.0
2532	0.0
2533	0.0
2534	0.0
2535	4.0E-4
2536	0.1464
2537	0.3215
2538	0.3215
2539	0.1464
254	0.2873
2540	5.0E-4
2541	5.0E-4
2542	5.0E-4
2543	5.0E-4
2544	1.0E-4
2545	1.0E-4
2546	2.0E-4
2547	4.0E-4
2548	4.0E-4
2549	4.0E-4
255	0.3684
2550	4.0E-4
2551	0.2575
2552	0.2575
2553	0.2575
2554	0.2575
2555	1.0E-4
2556	1.0E-4
2557	1.0E-4
2558	1.0E-4
2559	1.0E-4
256	0.3409
2560	1.0E-4
2561	1.0E-4
2562	1.0E-4
2563	0.0017
2564	1.0E-4
2565	1.0E-4
2566	1.0E-4
2567	1.0E-4
2568	1.0E-4
2569	0.0
257	0.4268
2570	0.0
2571	0.0
2572	0.0
2573	0.0
2574	0.0
2575	0.0
2576	0.0
2577	0.0
2578	0.0
2579	0.0
258	0.9639
2580	0.0
2581	0.0
2582	0.0
2583	0.0
2584	0.0
2585	0.0
2586	1.0E-4
2587	1.0E-4
2588	0.0053
2589	0.0011
259	0.9639
2590	0.0011
2591	0.0011
2592	0.001
2593	0.001
2594	0.001
2595	0.001
2596	0.001
2597	0.001
2598	0.0037
2599	1.0E-4
26	0.9767
260	0.9639
2600	1.0E-4
2601	1.0E-4
2602	1.0E-4
2603	1.0E-4
2604	1.0E-4
2605	1.0E-4
2606	1.0E-4
2607	1.0E-4
2608	1.0E-4
2609	1.0E-4
261	0.09
2610	1.0E-4
2611	1.0E-4
2612	1.0E-4
2613	1.0E-4
2614	1.0E-4
2615	0.0
2616	0.0
2617	0.0
2618	0.0
2619	0.0
262	0.0987
2620	0.0
2621	0.0
2622	0.0
2623	0.0
2624	0.0
2625	0.0
2626	0.0
2627	0.0
2628	0.0
2629	0.0
263	0.0936
2630	0.0
2631	0.0
2632	0.0
2633	0.0
2634	0.0
2635	0.0
2636	0.0
2637	0.0
2638	0.0
2639	0.0
264	0.1054
2640	0.0
2641	0.0
2642	0.0
2643	0.0
2644	0.0
2645	0.0
2646	0.0
2647	0.0
2648	0.0
2649	0.0
265	0.0955
2650	0.0
2651	0.0
2652	0.0
2653	0.0
2654	0.0
2655	0.0
2656	0.0
2657	0.0
2658	0.0
2659	0.0
266	0.0946
2660	0.0
2661	0.0
2662	0.0
2663	1.0E-4
2664	1.0E-4
2665	1.0E-4
2666	1.0E-4
2667	1.0E-4
2668	1.0E-4
2669	1.0E-4
267	0.1018
2670	1.0E-4
2671	1.0699
2672	1.0699
2673	1.0699
2674	1.0699
2675	1.0699
2676	4.0E-4
2677	0.0
2678	0.0
2679	0.0
268	0.0996
2680	1.0E-4
2681	0.0
2682	0.0
2683	0.0
2684	0.0
2685	0.0
2686	0.0
2687	0.0
2688	0.0
2689	0.0
269	0.0936
2690	0.0
2691	0.0
2692	0.0
2693	0.0
2694	0.0
2695	0.0
2696	0.0
2697	0.0
2698	0.0
2699	0.0
27	12.6866
270	0.1037
2700	0.0
2701	0.0
2702	0.0
2703	0.0
2704	0.0
2705	0.0
2706	0.0
2707	0.0
2708	0.0
2709	0.0
271	0.0876
2710	0.0
2711	0.0
2712	0.0
2713	0.0
2714	0.0
2715	0.0
2716	0.0
2717	0.0
2718	0.0
2719	0.0
272	0.1005
2720	0.0
2721	0.0
2722	0.0
2723	0.0
2724	0.0
2725	0.0
2726	0.0
2727	1.0E-4
2728	0.0
2729	0.0
273	0.0944
2730	0.0
2731	0.0
2732	0.0
2733	0.0
2734	0.0
2735	0.179
2736	1.0E-4
2737	0.0018
2738	0.0018
2739	0.0018
274	0.0885
2740	0.0018
2741	0.0018
2742	0.0018
2743	0.0018
2744	0.0018
2745	0.0018
2746	0.0018
2747	0.0018
2748	1.0E-4
2749	1.0E-4
275	0.0979
2750	1.0E-4
2751	1.0E-4
2752	1.0E-4
2753	0.0127
2754	3.0E-4
2755	3.0E-4
2756	3.0E-4
2757	3.0E-4
2758	3.0E-4
2759	3.0E-4
276	0.11
2760	2.0E-4
2761	2.0E-4
2762	3.0E-4
2763	0.0024
2764	0.0024
2765	0.0024
2766	0.0024
2767	0.0024
2768	0.0024
2769	0.0024
277	0.0959
2770	0.0024
2771	0.0736
2772	0.0736
2773	0.0736
2774	0.0736
2775	0.0736
2776	0.0736
2777	0.0736
2778	0.0736
2779	0.0736
278	0.1029
2780	0.0736
2781	0.0736
2782	0.0736
2783	0.0
2784	3.0E-4
2785	3.0E-4
2786	0.0016
2787	0.0087
2788	0.0087
2789	2.0E-4
279	0.0943
2790	2.0E-4
2791	2.0E-4
2792	2.0E-4
2793	2.0E-4
2794	2.0E-4
2795	2.0E-4
2796	2.0E-4
2797	3.0E-4
2798	0.0033
2799	1.0E-4
28	9.6985
280	0.1953
2800	1.0E-4
2801	1.0E-4
2802	1.0E-4
2803	1.0E-4
2804	1.0E-4
2805	1.0E-4
2806	1.0E-4
2807	1.0E-4
2808	1.0E-4
2809	1.0E-4
281	0.0944
2810	1.0E-4
2811	1.0E-4
2812	1.0E-4
2813	1.0E-4
2814	1.0E-4
2815	1.0E-4
2816	1.0E-4
2817	1.0E-4
2818	1.0E-4
2819	1.0E-4
282	0.0971
2820	1.0E-4
2821	1.0E-4
2822	1.0E-4
2823	1.0E-4
2824	1.0E-4
2825	1.0E-4
2826	1.0E-4
2827	1.0E-4
2828	1.0E-4
2829	1.0E-4
283	0.0946
2830	1.0E-4
2831	1.0E-4
2832	1.0E-4
2833	1.0E-4
2834	1.0E-4
2835	1.0E-4
2836	1.0E-4
2837	1.0E-4
2838	1.0E-4
2839	1.0E-4
284	0.0958
2840	1.0E-4
2841	1.0E-4
2842	1.0E-4
2843	1.0E-4
2844	1.0E-4
2845	1.0E-4
2846	1.0E-4
2847	1.0E-4
2848	1.0E-4
2849	1.0E-4
285	0.0948
2850	1.0E-4
2851	1.0E-4
2852	1.0E-4
2853	1.0E-4
2854	1.0E-4
2855	1.0E-4
2856	1.0E-4
2857	1.0E-4
2858	1.0E-4
2859	1.0E-4
286	0.0936
2860	1.0E-4
2861	1.0E-4
2862	1.0E-4
2863	1.0E-4
2864	1.0E-4
2865	1.0E-4
2866	1.0E-4
2867	1.0E-4
2868	1.0E-4
2869	1.0E-4
287	0.0936
2870	1.0E-4
2871	1.0E-4
2872	1.0E-4
2873	1.0E-4
2874	1.0E-4
2875	1.0E-4
2876	1.0E-4
2877	1.0E-4
2878	1.0E-4
2879	1.0E-4
288	0.0962
2880	1.0E-4
2881	1.0E-4
2882	1.0E-4
2883	1.0E-4
2884	1.0E-4
2885	1.0E-4
2886	1.0E-4
2887	1.0E-4
2888	1.0E-4
2889	1.0E-4
289	0.0946
2890	1.0E-4
2891	1.0E-4
2892	1.0E-4
2893	1.0E-4
2894	1.0E-4
2895	1.0E-4
2896	1.0E-4
2897	1.0E-4
2898	1.0E-4
2899	1.0E-4
29	9.7342
290	0.0952
2900	1.0E-4
2901	1.0E-4
2902	1.0E-4
2903	1.0E-4
2904	1.0E-4
2905	1.0E-4
2906	1.0E-4
2907	1.0E-4
2908	1.0E-4
2909	1.0E-4
291	0.0977
2910	1.0E-4
2911	1.0E-4
2912	1.0E-4
2913	1.0E-4
2914	1.0E-4
2915	1.0E-4
2916	1.0E-4
2917	1.0E-4
2918	1.0E-4
2919	1.0E-4
292	0.0964
2920	1.0E-4
2921	1.0E-4
2922	1.0E-4
2923	1.0E-4
2924	1.0E-4
2925	1.0E-4
2926	1.0E-4
2927	1.0E-4
2928	1.0E-4
2929	1.0E-4
293	0.0952
2930	1.0E-4
2931	1.0E-4
2932	1.0E-4
2933	1.0E-4
2934	1.0E-4
2935	1.0E-4
2936	1.0E-4
2937	1.0E-4
2938	1.0E-4
2939	1.0E-4
294	0.1414
2940	1.0E-4
2941	1.0E-4
2942	1.0E-4
2943	1.0E-4
2944	1.0E-4
2945	1.0E-4
2946	1.0E-4
2947	1.0E-4
2948	1.0E-4
2949	1.0E-4
295	0.1417
2950	1.0E-4
2951	1.0E-4
2952	1.0E-4
2953	1.0E-4
2954	1.0E-4
2955	1.0E-4
2956	1.0E-4
2957	1.0E-4
2958	1.0E-4
2959	1.0E-4
296	0.1411
2960	1.0E-4
2961	1.0E-4
2962	1.0E-4
2963	1.0E-4
2964	1.0E-4
2965	1.0E-4
2966	1.0E-4
2967	1.0E-4
2968	1.0E-4
2969	1.0E-4
297	0.1468
2970	1.0E-4
2971	1.0E-4
2972	1.0E-4
2973	1.0E-4
2974	1.0E-4
2975	1.0E-4
2976	1.0E-4
2977	1.0E-4
2978	1.0E-4
2979	1.0E-4
298	0.1471
2980	1.0E-4
2981	1.0E-4
2982	1.0E-4
2983	0.0064
2984	7.0E-4
2985	7.0E-4
2986	7.0E-4
2987	7.0E-4
2988	7.0E-4
2989	7.0E-4
299	0.1411
2990	0.0032
2991	0.0019
2992	0.0019
2993	0.0019
2994	8.0E-4
2995	0.0019
2996	0.002
2997	0.0019
2998	8.0E-4
2999	4.0E-4
3	0.01
30	2.5846
300	0.4718
3000	4.0E-4
3001	4.0E-4
3002	4.0E-4
3003	4.0E-4
3004	4.0E-4
3005	4.0E-4
3006	4.0E-4
3007	4.0E-4
3008	4.0E-4
3009	4.0E-4
301	0.1411
3010	4.0E-4
3011	4.0E-4
3012	4.0E-4
3013	4.0E-4
3014	4.0E-4
3015	4.0E-4
3016	4.0E-4
3017	4.0E-4
3018	4.0E-4
3019	4.0E-4
302	0.3508
3020	4.0E-4
3021	4.0E-4
3022	4.0E-4
3023	4.0E-4
3024	4.0E-4
3025	4.0E-4
3026	0.0022
3027	0.0022
3028	0.0012
3029	0.0012
303	0.4827
3030	0.0047
3031	0.0047
3032	5.0E-4
3033	5.0E-4
3034	5.0E-4
3035	5.0E-4
3036	5.0E-4
3037	5.0E-4
3038	5.0E-4
3039	5.0E-4
304	0.0061
3040	5.0E-4
3041	5.0E-4
3042	5.0E-4
3043	5.0E-4
3044	5.0E-4
3045	5.0E-4
3046	5.0E-4
3047	5.0E-4
3048	5.0E-4
3049	5.0E-4
305	0.0142
3050	5.0E-4
3051	5.0E-4
3052	5.0E-4
3053	5.0E-4
3054	5.0E-4
3055	0.0064
3056	0.0047
3057	0.0064
3058	0.0047
3059	9.0E-4
306	0.0149
3060	9.0E-4
3061	9.0E-4
3062	9.0E-4
3063	9.0E-4
3064	9.0E-4
3065	0.0039
3066	0.0039
3067	9.0E-4
3068	0.0026
3069	0.0011
307	0.016
3070	0.0011
3071	0.0011
3072	0.001
3073	0.001
3074	0.001
3075	0.001
3076	0.001
3077	0.001
3078	3.0E-4
3079	3.0E-4
308	0.0079
3080	3.0E-4
3081	3.0E-4
3082	3.0E-4
3083	3.0E-4
3084	3.0E-4
3085	3.0E-4
3086	3.0E-4
3087	3.0E-4
3088	0.5275
3089	2.0721
309	0.8126
3090	0.1831
3091	0.1831
3092	0.1831
3093	0.1831
3094	0.1869
3095	0.3701
3096	0.1831
3097	0.2021
3098	0.3249
3099	0.3031
31	1.47
310	0.6784
3100	0.3031
3101	0.3031
3102	0.2031
3103	0.2031
3104	0.225
3105	0.3031
3106	0.3031
3107	0.3092
3108	0.3031
3109	0.3811
311	0.6813
3110	0.3031
3111	1.0467
3112	0.2841
3113	0.2834
3114	0.048
3115	0.0543
3116	0.048
3117	0.0633
3118	0.048
3119	0.2679
312	0.7129
3120	0.2792
3121	2.0E-4
3122	0.0
3123	0.0
3124	0.0
3125	2.0E-4
3126	1.0E-4
3127	1.0E-4
3128	1.0E-4
3129	1.0018
313	0.6784
3130	0.0017
3131	0.0017
3132	0.0017
3133	0.0015
3134	0.0015
3135	0.0015
3136	0.0015
3137	0.0015
3138	0.0015
3139	0.0053
314	0.6784
3140	0.0725
3141	0.0725
3142	0.0725
3143	0.0725
3144	0.0725
3145	0.0725
3146	0.0725
3147	0.0725
3148	0.0725
3149	0.0725
315	0.6784
3150	0.0725
3151	0.0725
3152	7.0E-4
3153	2.0E-4
3154	2.0E-4
3155	2.0E-4
3156	0.0127
3157	0.0019
3158	0.001
3159	0.0017
316	0.6784
3160	0.001
3161	0.0017
3162	0.001
3163	0.3153
3164	0.059
3165	0.001
3166	0.001
3167	0.0044
3168	0.0044
3169	0.0121
317	0.6784
3170	0.1041
3171	0.1057
3172	0.1057
3173	0.1041
3174	3.0E-4
3175	3.0E-4
3176	3.0E-4
3177	0.0316
3178	0.0316
3179	0.0316
318	0.6784
3180	0.0363
3181	0.4555
3182	2.7042
3183	0.0474
3184	1.4339
3185	0.0316
3186	5.54
3187	0.0438
3188	3.7045
3189	1.1344
319	0.6784
3190	1.1344
3191	0.0368
3192	0.0316
3193	0.0316
3194	0.0316
3195	0.0316
3196	0.2537
3197	0.0
3198	0.0
3199	0.0
32	2.3571
320	0.8203
3200	0.0
3201	0.0
3202	0.0
3203	0.0
3204	0.0
3205	0.0
3206	0.0
3207	0.0
3208	0.0
3209	0.0
321	0.0766
3210	0.0
3211	0.0
3212	0.0
3213	0.0
3214	0.0
3215	0.0
3216	0.0
3217	0.0
3218	0.0
3219	0.0
322	0.0771
3220	9.0392
3221	6.9711
3222	2.1459
3223	4.9024
3224	7.6603
3225	3.7533
3226	6.2814
3227	12.0291
3228	5.592
3229	3.2939
323	0.0771
3230	0.0
3231	0.0
3232	0.0
3233	1.0E-4
3234	1.0E-4
3235	1.0E-4
3236	1.0E-4
3237	1.0E-4
3238	0.0012
3239	9.0E-4
324	0.0958
3240	9.0E-4
3241	1.0E-4
3242	1.0E-4
3243	1.0E-4
3244	1.0E-4
3245	1.0E-4
3246	1.0E-4
3247	1.0E-4
3248	1.0E-4
3249	1.0E-4
325	0.0191
3250	1.0E-4
3251	1.0E-4
3252	1.0E-4
3253	1.0E-4
3254	1.0E-4
3255	1.0E-4
3256	1.0E-4
3257	1.0E-4
3258	1.0E-4
3259	1.0E-4
326	0.0191
3260	1.0E-4
3261	1.0E-4
3262	1.0E-4
3263	1.0E-4
3264	1.0E-4
3265	1.0E-4
3266	1.0E-4
3267	0.0
3268	0.0
3269	0.0
327	0.0191
3270	0.0
3271	0.0
3272	0.0
3273	0.0
3274	3.6371
3275	0.0
3276	0.0
3277	0.0
3278	0.0
3279	0.0
328	0.0191
3280	0.0
3281	0.0
3282	0.0
3283	0.0
3284	0.0
3285	0.0
3286	0.0
3287	0.0
3288	0.0
3289	0.0
329	0.0191
3290	0.0
3291	0.0
3292	0.0
3293	0.0
3294	0.0
3295	0.0
3296	0.0
3297	0.0
3298	0.0
3299	0.0
33	2.975
330	0.0191
3300	0.0022
3301	0.0022
3302	0.0022
3303	7.0E-4
3304	7.0E-4
3305	7.0E-4
3306	7.0E-4
3307	7.0E-4
3308	7.0E-4
3309	7.0E-4
331	0.0687
3310	7.0E-4
3311	7.0E-4
3312	7.0E-4
3313	5.0E-4
3314	5.0E-4
3315	5.0E-4
3316	5.0E-4
3317	5.0E-4
3318	5.0E-4
3319	6.0E-4
332	0.077
3320	6.0E-4
3321	7.0E-4
3322	0.0201
3323	0.0201
3324	0.0201
3325	0.0201
3326	0.0201
3327	0.0201
3328	0.0201
3329	1.0E-4
333	0.006
3330	1.0E-4
3331	1.0E-4
3332	1.0E-4
3333	1.0E-4
3334	1.0E-4
3335	1.0E-4
3336	1.0E-4
3337	1.0E-4
3338	0.0
3339	0.0
334	0.1335
3340	0.0
3341	0.0
3342	0.0
3343	0.0
3344	0.0
3345	0.0
3346	0.0
3347	0.0
3348	0.0
3349	0.0
335	0.1335
3350	0.0
3351	1.0E-4
3352	1.0E-4
3353	1.0E-4
3354	1.0E-4
3355	1.0E-4
3356	0.0
3357	0.0
3358	0.0
3359	0.0
336	0.1335
3360	0.0
3361	0.0
3362	0.0
3363	0.0
3364	0.0
3365	0.0
3366	0.0
3367	0.0
3368	0.0
3369	0.0
337	0.5283
3370	0.0
3371	0.0
3372	0.0
3373	0.0
3374	0.0
3375	0.0
3376	0.0
3377	0.0
3378	0.0
3379	0.0
338	0.5283
3380	0.0
3381	0.0
3382	0.0
3383	0.0
3384	0.0
3385	0.0
3386	0.0
3387	0.0
3388	0.0
3389	0.0
339	0.5283
3390	0.0
3391	0.0
3392	0.0
3393	0.0
3394	0.0
3395	0.0
3396	0.0
3397	0.0
3398	0.0
3399	0.0
34	1.4524
340	0.0027
3400	0.0
3401	0.0
3402	0.0
3403	0.0
3404	0.0
3405	0.0
3406	0.0
3407	0.0
3408	0.0
3409	0.0
341	0.0095
3410	0.0
3411	0.0
3412	0.0
3413	0.0
3414	0.0
3415	0.0
3416	0.0
3417	0.0
3418	0.0
3419	0.0
342	4.0E-4
3420	0.0
3421	0.0
3422	0.0
3423	0.0
3424	0.0
3425	0.0
3426	0.0
3427	0.0
3428	0.0
3429	0.0
343	4.0E-4
3430	0.0
3431	0.0
3432	0.0
3433	0.0
3434	0.0
3435	0.0
3436	0.0
3437	0.0
3438	0.0
3439	0.0
344	0.0116
3440	0.0
3441	0.0
3442	0.0
3443	0.0
3444	0.0
3445	0.0
3446	0.0
3447	0.0
3448	0.0
3449	0.0
345	2.0E-4
3450	0.0
3451	0.0
3452	0.0
3453	0.0
3454	0.0
3455	0.0
3456	0.0
3457	0.0
3458	0.0
3459	0.0
346	3.0E-4
3460	0.0
3461	0.0
3462	0.0
3463	0.0
3464	0.0
3465	0.0
3466	0.0
3467	0.0
3468	0.0
3469	0.0
347	3.0E-4
3470	0.0
3471	0.0
3472	0.0
3473	0.0
3474	0.0
3475	0.0
3476	0.0
3477	0.0
3478	0.0
3479	1.0698
348	6.0E-4
3480	1.0698
3481	1.0698
3482	1.0698
3483	1.0698
3484	1.0698
3485	1.0698
3486	1.0698
3487	1.0698
3488	1.0698
3489	0.0
349	3.0E-4
3490	0.0
3491	0.0
3492	0.0
3493	0.0
3494	0.0
3495	0.0
3496	0.0
3497	0.0
3498	0.0
3499	0.0
35	1.6715
350	3.0E-4
3500	0.0
3501	0.0
3502	0.0
3503	0.0
3504	0.0
3505	0.0
3506	0.0
3507	0.0
3508	0.0
3509	0.0
351	3.0E-4
3510	0.0
3511	0.0067
3512	0.28
3513	4.0E-4
3514	2.0156
3515	9.0E-4
3516	9.0E-4
3517	7.0E-4
3518	7.0E-4
3519	7.0E-4
352	2.0E-4
3520	2.0E-4
3521	1.0E-4
3522	2.0E-4
3523	1.0E-4
3524	1.0E-4
3525	1.0E-4
3526	1.0E-4
3527	1.0E-4
3528	1.0E-4
3529	1.0E-4
353	2.0E-4
3530	1.0E-4
3531	1.0E-4
3532	3.0E-4
3533	1.0E-4
3534	3.0E-4
3535	1.0E-4
3536	1.0E-4
3537	1.0E-4
3538	1.0E-4
3539	1.0E-4
354	2.0E-4
3540	1.0E-4
3541	1.0E-4
3542	1.0E-4
3543	1.0E-4
3544	1.0E-4
3545	1.0E-4
3546	1.0E-4
3547	1.0E-4
3548	1.0E-4
3549	1.0E-4
355	2.0E-4
3550	1.0E-4
3551	1.0E-4
3552	1.0E-4
3553	1.0E-4
3554	1.0E-4
3555	2.0E-4
3556	1.0E-4
3557	1.0E-4
3558	1.0E-4
3559	1.0E-4
356	1.6512
3560	1.0E-4
3561	1.0E-4
3562	1.0E-4
3563	1.0E-4
3564	2.0E-4
3565	2.0E-4
3566	2.0E-4
3567	2.0E-4
3568	2.0E-4
3569	2.0E-4
357	1.5032
3570	2.0E-4
3571	2.0E-4
3572	2.0E-4
3573	2.0E-4
3574	2.0E-4
3575	2.0E-4
3576	2.0E-4
3577	2.0E-4
3578	2.0E-4
3579	2.0E-4
358	0.3159
3580	2.0E-4
3581	2.0E-4
3582	2.0E-4
3583	0.0036
3584	0.8615
3585	0.9938
3586	1.3065
3587	0.9938
3588	0.0223
3589	0.0223
359	0.4934
3590	0.0312
3591	0.0398
3592	0.0398
3593	0.0398
3594	0.05
3595	0.05
3596	0.05
3597	0.0318
3598	0.05
3599	0.05
36	3.778
360	0.3159
3600	0.5616
3601	0.0334
3602	0.2148
3603	0.0465
3604	0.0478
3605	0.1629
3606	0.1629
3607	0.0101
3608	0.0247
3609	0.0101
361	0.3159
3610	0.0247
3611	0.0151
3612	0.0151
3613	0.1764
3614	0.0247
3615	0.0831
3616	0.1087
3617	0.0204
3618	0.0204
3619	0.0204
362	1.0967
3620	0.0204
3621	0.0204
3622	0.0204
3623	0.0204
3624	0.046
3625	0.0204
3626	0.0409
3627	0.0256
3628	0.0256
3629	0.0256
363	0.0155
3630	0.0256
3631	0.0256
3632	0.0256
3633	0.0256
3634	0.0326
3635	0.0326
3636	0.0326
3637	0.0516
3638	0.0117
3639	0.0117
364	0.0155
3640	0.0117
3641	0.0117
3642	0.0117
3643	2.1343
3644	2.1343
3645	2.0013
3646	2.0013
3647	2.0013
3648	2.0013
3649	0.0061
365	0.0277
3650	0.0061
3651	0.0061
3652	0.0061
3653	0.0061
3654	0.0061
3655	0.0061
3656	0.0061
3657	0.0061
3658	0.0061
3659	0.0214
366	0.0155
3660	0.0103
3661	0.0103
3662	0.0103
3663	0.0103
3664	0.0926
3665	0.0
3666	0.0
3667	0.0
3668	0.0
3669	0.0
367	0.0155
3670	0.0
3671	0.0
3672	0.0
3673	0.0
3674	0.0
3675	0.0
3676	0.0
3677	0.0
3678	0.0
3679	0.0
368	0.0155
3680	0.0
3681	0.0
3682	0.0
3683	0.0
3684	0.0
3685	0.0
3686	0.0
3687	0.0
3688	0.0
3689	0.0
369	1.0118
3690	0.0
3691	0.0
3692	0.0
3693	0.0
3694	0.0
3695	0.0
3696	0.0
3697	0.0
3698	0.0
3699	0.0
37	17.8188
370	3.0E-4
3700	1.0E-4
3701	2.0E-4
3702	0.2798
3703	2.0E-4
3704	0.0026
3705	0.0105
3706	0.0059
3707	0.0024
3708	0.0024
3709	0.0015
371	0.001
3710	0.0012
3711	0.0024
3712	0.0012
3713	0.0019
3714	0.0019
3715	0.0019
3716	6.0E-4
3717	6.0E-4
3718	6.0E-4
3719	6.0E-4
372	3.0E-4
3720	6.0E-4
3721	3.0E-4
3722	3.0E-4
3723	3.0E-4
3724	3.0E-4
3725	3.0E-4
3726	7.0E-4
3727	7.0E-4
3728	7.0E-4
3729	7.2587
373	3.0E-4
3730	3.0E-4
3731	3.0E-4
3732	3.0E-4
3733	0.0688
3734	0.2855
3735	0.0731
3736	0.0688
3737	0.0064
3738	0.0205
3739	0.0233
374	3.0E-4
3740	0.0502
3741	0.0132
3742	5.7389
3743	0.0064
3744	0.0064
3745	0.0064
3746	0.0064
3747	0.0064
3748	0.0018
3749	0.0027
375	3.0E-4
3750	0.0018
3751	0.0027
3752	0.0027
3753	0.0027
3754	0.0027
3755	0.0027
3756	0.0027
3757	0.0027
3758	0.0027
3759	0.0108
376	3.0E-4
3760	0.0108
3761	0.0108
3762	0.0579
3763	0.0579
3764	0.0579
3765	0.0579
3766	1.1772
3767	1.1772
3768	0.0047
3769	0.0047
377	3.0E-4
3770	0.0047
3771	0.0047
3772	0.0047
3773	1.4062
3774	1.4062
3775	1.4062
3776	1.4062
3777	0.0061
3778	0.0061
3779	0.0061
378	3.0E-4
3780	0.0061
3781	0.616
3782	0.8104
3783	0.616
3784	0.616
3785	0.616
3786	0.616
3787	0.0052
3788	0.0073
3789	0.7847
379	3.0E-4
3790	0.7847
3791	0.7847
3792	0.1344
3793	0.1344
3794	0.1344
3795	0.1344
3796	0.1344
3797	0.1344
3798	0.1344
3799	0.1344
38	16.4204
380	2.0E-4
3800	0.0
3801	0.0
3802	0.0
3803	0.0
3804	0.0
3805	0.0
3806	0.0
3807	0.0
3808	3.6371
3809	0.0
381	2.0E-4
3810	0.0
3811	0.0
3812	0.0
3813	0.0
3814	0.0
3815	0.0
3816	0.0
3817	0.0
3818	0.0
3819	0.0
382	0.0191
3820	0.0
3821	0.0
3822	0.0
3823	0.0
3824	0.0
3825	0.0
3826	0.0
3827	0.0
3828	0.0
3829	0.0
383	0.0191
3830	0.0
3831	0.0
3832	0.0
3833	0.0
3834	10.5397
3835	5.0503
3836	1.969
3837	0.8468
3838	0.5169
3839	0.4223
384	0.0367
3840	0.3922
3841	0.3841
3842	0.3813
3843	0.3806
3844	0.3804
3845	0.3804
3846	0.3804
3847	0.3804
3848	0.3804
3849	0.3804
385	0.0367
3850	0.3804
3851	0.3804
3852	0.3804
3853	0.3804
3854	0.3804
3855	0.3804
3856	0.3804
3857	0.3804
3858	0.3804
3859	0.3804
386	0.0367
3860	0.3804
3861	0.3804
3862	0.3804
3863	0.3804
3864	0.3804
3865	0.3806
3866	0.3811
3867	0.3834
3868	0.391
3869	0.4207
387	0.0806
3870	0.5345
3871	1.0262
3872	2.7875
3873	8.0453
3874	0.2211
3875	8.1745
3876	3.9864
3877	1.6101
3878	0.7389
3879	0.4827
388	0.0216
3880	0.4091
3881	0.3857
3882	0.3794
3883	0.3772
3884	0.3767
3885	0.3765
3886	0.3765
3887	0.3765
3888	0.3765
3889	0.3765
389	0.044
3890	0.3765
3891	0.3765
3892	0.3765
3893	0.3765
3894	0.3765
3895	0.3765
3896	0.3765
3897	0.3766
3898	0.377
3899	0.3788
39	4.2595
390	7.0E-4
3900	0.3847
3901	0.4078
3902	0.4963
3903	0.8785
3904	2.233
3905	6.2479
3906	0.2186
3907	2.6416
3908	1.4764
3909	0.7456
391	0.0094
3910	0.4623
3911	0.3804
3912	0.3636
3913	0.3851
3914	0.5084
3915	0.9141
3916	2.0404
3917	0.1972
3918	5.8069
3919	2.9187
392	5.0E-4
3920	1.2477
3921	0.6278
3922	0.4454
3923	0.3928
3924	0.3761
3925	0.3715
3926	0.37
3927	0.3696
3928	0.3695
3929	0.3695
393	5.0E-4
3930	0.3695
3931	0.3696
3932	0.3699
3933	0.3712
3934	0.3754
3935	0.3919
3936	0.455
3937	0.7274
3938	1.6752
3939	4.4483
394	5.0E-4
3940	0.2142
3941	8.9629
3942	4.3412
3943	1.7299
3944	0.7751
3945	0.4943
3946	0.4137
3947	0.3881
3948	0.3811
3949	0.3788
395	5.0E-4
3950	0.3782
3951	0.378
3952	0.378
3953	0.378
3954	0.378
3955	0.378
3956	0.378
3957	0.378
3958	0.378
3959	0.378
396	7.0E-4
3960	0.378
3961	0.378
3962	0.378
3963	0.378
3964	0.378
3965	0.378
3966	0.3781
3967	0.3786
3968	0.3806
3969	0.387
397	5.0E-4
3970	0.4123
3971	0.5093
3972	0.928
3973	2.4181
3974	6.847
3975	0.2196
3976	4.4901
3977	2.3223
3978	1.0431
3979	0.563
398	5.0E-4
3980	0.4215
3981	0.3807
3982	0.3677
3983	0.3641
3984	0.363
3985	0.363
3986	0.3639
3987	0.3672
3988	0.38
3989	0.4291
399	8.0E-4
3990	0.6403
3991	1.3623
3992	3.447
3993	0.2099
3994	7.3855
3995	3.6309
3996	1.4898
3997	0.7024
3998	0.4707
3999	0.4042
4	0.0056
40	5.8818
400	5.0E-4
4000	0.383
4001	0.3772
4002	0.3752
4003	0.3748
4004	0.3746
4005	0.3746
4006	0.3746
4007	0.3746
4008	0.3746
4009	0.3746
401	5.0E-4
4010	0.3746
4011	0.3746
4012	0.3746
4013	0.3747
4014	0.3751
4015	0.3768
4016	0.3821
4017	0.403
4018	0.4831
4019	0.8286
402	5.0E-4
4020	2.0476
4021	5.6482
4022	0.2174
4023	13.9577
4024	6.586
4025	2.4853
4026	1.0004
4027	0.5641
4028	0.4392
4029	0.3994
403	5.0E-4
4030	0.3886
4031	0.385
4032	0.3841
4033	0.3838
4034	0.3838
4035	0.3838
4036	0.3838
4037	0.3838
4038	0.3838
4039	0.3838
404	7.0E-4
4040	0.3838
4041	0.3838
4042	0.3838
4043	0.3838
4044	0.3838
4045	0.3838
4046	0.3838
4047	0.3838
4048	0.3838
4049	0.3838
405	5.0E-4
4050	0.3838
4051	0.3838
4052	0.3838
4053	0.3838
4054	0.3838
4055	0.3838
4056	0.3838
4057	0.3838
4058	0.3838
4059	0.3838
406	7.0E-4
4060	0.3838
4061	0.3838
4062	0.3838
4063	0.3838
4064	0.3838
4065	0.3838
4066	0.3838
4067	0.3841
4068	0.3847
4069	0.3878
407	5.0E-4
4070	0.3978
4071	0.437
4072	0.5873
4073	1.2375
4074	3.5869
4075	10.6426
4076	0.2232
4077	6.5965
4078	3.2752
4079	1.3691
408	5.0E-4
4080	0.6654
4081	0.4584
4082	0.3988
4083	0.3799
4084	0.3747
4085	0.3729
4086	0.3725
4087	0.3724
4088	0.3723
4089	0.3723
409	0.0236
4090	0.3723
4091	0.3724
4092	0.3724
4093	0.3725
4094	0.3728
4095	0.3743
4096	0.3791
4097	0.3977
4098	0.4694
4099	0.7783
41	4.1625
410	0.0236
4100	1.8617
4101	5.0485
4102	0.216
4103	3.9628
4104	2.0825
4105	0.96
4106	0.5359
4107	0.4108
4108	0.3746
4109	0.3632
411	0.0236
4110	0.3602
4111	0.3601
4112	0.3628
4113	0.374
4114	0.4174
4115	0.6042
4116	1.2359
4117	3.046
4118	0.2074
4119	0.0
412	0.0236
4120	0.0
4121	2.0E-4
4122	5.0E-4
4123	5.0E-4
4124	0.0
4125	0.0
4126	0.0
4127	0.0
4128	0.0
4129	0.0
413	0.0236
4130	0.0
4131	0.0
4132	0.0
4133	0.0
4134	0.0
4135	0.0
4136	0.0
4137	0.0
4138	0.0
4139	4.3633
414	0.0236
4140	2.2761
4141	1.0577
4142	0.6028
4143	0.4705
4144	0.4326
4145	0.4208
4146	0.4178
4147	0.4176
4148	0.4204
4149	0.4323
415	0.0171
4150	0.479
4151	0.6822
4152	1.3741
4153	3.3755
4154	0.0
4155	0.0
4156	0.0
4157	0.0
4158	0.0
4159	0.0
416	0.1079
4160	0.0
4161	0.0
4162	0.0
4163	0.0
4164	0.0
4165	0.0
4166	0.0
4167	0.0
4168	0.0
4169	0.0
417	3.0E-4
4170	0.0
4171	0.0
4172	0.0
4173	0.0
4174	0.0
4175	0.0
4176	0.0
4177	0.0
4178	0.0
4179	0.0
418	3.0E-4
4180	0.0
4181	0.0
4182	0.0
4183	0.0
4184	0.0
4185	0.0
4186	0.0
4187	0.0
4188	0.0
4189	0.0
419	3.0E-4
4190	0.0
4191	0.0
4192	0.0
4193	0.0
4194	0.0
4195	0.0
4196	0.0
4197	0.0
4198	0.0
4199	0.0
42	5.3632
420	3.0E-4
4200	0.0
4201	0.0
4202	0.0
4203	0.0
4204	0.0
4205	0.0
4206	0.0
4207	0.0
4208	0.0
4209	0.0
421	3.0E-4
4210	0.0
4211	0.0
4212	0.0
4213	0.0
4214	0.0
4215	0.0
4216	0.0
4217	0.0
4218	0.0
4219	0.0
422	3.0E-4
4220	0.0
4221	0.0
4222	0.0
4223	0.0
4224	0.0
4225	0.0
4226	0.0
4227	0.0
4228	0.0
4229	0.0
423	3.0E-4
4230	0.0
4231	0.0
4232	0.0
4233	0.0
4234	0.0
4235	0.0
4236	0.0
4237	0.0
4238	0.0
4239	0.0
424	3.0E-4
4240	0.0
4241	0.0
4242	0.0
4243	0.0
4244	0.0
4245	0.0
4246	0.0
4247	0.0
4248	0.0
4249	0.0
425	7.6831
4250	0.0
4251	0.0
4252	0.0
4253	0.0
4254	0.0
4255	0.0
4256	0.0
4257	0.0
4258	0.0
4259	0.0
426	0.2675
4260	0.0
4261	0.0
4262	0.0
4263	0.0
4264	0.0
4265	0.0
4266	0.0
4267	0.0
4268	0.0
4269	0.0
427	0.1417
4270	0.0
4271	0.0
4272	0.0
4273	0.0
4274	0.0
4275	0.0
4276	0.0
4277	0.0
4278	0.0
4279	0.0
428	0.0401
4280	0.0
4281	0.0
4282	0.0
4283	0.0
4284	0.0
4285	0.0
4286	0.0
4287	0.0
4288	0.0
4289	0.0
429	0.3277
4290	0.0
4291	0.0
4292	0.0
4293	0.0
4294	0.0
4295	0.0
4296	0.0
4297	0.0
4298	0.0
4299	0.0
43	13.4924
430	0.6489
4300	0.0
4301	0.0
4302	0.0
4303	0.0
4304	0.0
4305	0.0
4306	0.0
4307	0.0
4308	0.0
4309	0.0
431	0.016
4310	0.0
4311	0.0
4312	0.0
4313	0.0
4314	0.0
4315	0.0
4316	0.0
4317	0.0
4318	0.0
4319	0.0
432	7.0E-4
4320	0.0
4321	0.0
4322	0.0
4323	0.0
4324	0.0
4325	0.0
4326	0.0
4327	0.0
4328	0.0
4329	0.0
433	0.0154
4330	0.0
4331	0.0
4332	0.0
4333	0.0
4334	0.0
4335	0.0
4336	0.0
4337	0.0
4338	0.0
4339	0.0
434	0.0154
4340	0.0
4341	0.0
4342	0.0
4343	0.0
4344	0.0
4345	0.0
4346	0.0
4347	0.0
4348	0.0
4349	0.0
435	0.0146
4350	0.0
4351	0.0
4352	0.0
4353	0.0
4354	0.0
4355	0.0
4356	0.0
4357	0.0
4358	0.0
4359	0.0
436	0.0146
4360	0.0
4361	0.0
4362	0.0
4363	0.0
4364	0.0
4365	0.0
4366	0.0
4367	0.0
4368	0.0
4369	0.0
437	0.0146
4370	0.0
4371	0.0
4372	0.0
4373	0.0
4374	0.0
4375	0.0
4376	0.0
4377	0.0
4378	0.0
4379	0.0
438	0.0146
4380	0.0
4381	0.0
4382	0.0
4383	0.0
4384	0.0
4385	0.0
4386	0.0
4387	0.0
4388	0.0
4389	0.0
439	0.0146
4390	0.0
4391	0.0
4392	0.0
4393	0.0
4394	0.0
4395	0.0
4396	0.0
4397	0.0
4398	0.0
4399	0.0
44	3.498
440	0.0147
4400	0.0
4401	0.0
4402	0.0
4403	0.0
4404	0.0
4405	0.0
4406	0.0
4407	0.0
4408	0.0
4409	0.0
441	0.0016
4410	0.0
4411	0.0
4412	0.0
4413	0.0
4414	0.0
4415	0.0
4416	0.0
4417	0.0
4418	0.0
4419	0.0
442	0.002
4420	0.0
4421	0.0
4422	0.0
4423	0.0
4424	0.0
4425	0.0
4426	0.0
4427	0.0
4428	0.0
4429	0.0
443	0.002
4430	0.0
4431	0.0
4432	0.0
4433	0.0
4434	0.0
4435	0.0
4436	1.0E-4
4437	1.0E-4
4438	1.0E-4
4439	1.0E-4
444	0.002
4440	1.0E-4
4441	1.0E-4
4442	1.0E-4
4443	1.0E-4
4444	1.0E-4
4445	1.0E-4
4446	1.0E-4
4447	2.0E-4
4448	1.0E-4
4449	1.0E-4
445	0.0213
4450	0.0
4451	0.0
4452	0.0
4453	0.0
4454	0.0
4455	0.0
4456	0.0
4457	0.0
4458	3.6371
4459	0.0
446	0.0216
4460	0.0
4461	0.0
4462	0.0
4463	0.0
4464	0.0
4465	0.0
4466	0.0
4467	0.0
4468	0.0
4469	0.0
447	0.0213
4470	0.0
4471	0.0
4472	0.0
4473	0.0
4474	0.0
4475	0.0
4476	0.0
4477	0.0
4478	0.0
4479	0.0
448	0.0371
4480	0.0
4481	0.0
4482	0.0
4483	0.0
4484	0.0935
4485	1.0153
4486	0.0
4487	0.0
4488	0.0
4489	0.0
449	0.0204
4490	0.0
4491	0.0
4492	0.0
4493	0.0
4494	0.0
4495	0.0
4496	0.0
4497	0.0
4498	0.0
4499	0.0
45	1.7223
450	0.0149
4500	0.0
4501	0.0
4502	0.0
4503	0.0
4504	0.0
4505	0.0
4506	0.0
4507	0.0
4508	0.0
4509	0.0
451	0.0142
4510	0.0
4511	0.0
4512	0.0
4513	0.0
4514	0.0
4515	0.0
4516	0.0
4517	0.0
4518	0.0
4519	0.0
452	0.0117
4520	0.0
4521	0.0
4522	0.0
4523	0.0
4524	0.0
4525	0.0
4526	0.0
4527	0.0
4528	0.0
4529	0.0
453	0.0109
4530	0.0
4531	0.0
4532	0.0
4533	0.0
4534	0.0
4535	0.0
4536	0.0
4537	0.0
4538	0.0
4539	0.0
454	0.0109
4540	0.0
4541	0.0
4542	0.0
4543	0.0
4544	0.0
4545	0.0
4546	0.0
4547	0.0
4548	0.0
4549	0.0
455	0.0109
4550	0.0
4551	0.0
4552	0.0
4553	0.0
4554	0.0
4555	0.0
4556	0.0
4557	0.0
4558	0.0
4559	0.0
456	0.0109
4560	0.0
4561	0.0
4562	0.0
4563	0.0
4564	0.0
4565	0.0
4566	0.0
4567	0.0
4568	0.0
4569	0.0
457	0.082
4570	0.0
4571	0.0
4572	0.0
4573	0.0
4574	0.0
4575	0.0
4576	0.0
4577	0.0
4578	0.0
4579	0.0
458	0.082
4580	0.0
4581	0.0
4582	0.0
4583	0.0
4584	0.0
4585	0.0
4586	0.0
4587	0.0
4588	0.0
4589	0.0
459	0.082
4590	0.0
4591	0.0
4592	0.0
4593	0.0
4594	0.0
4595	0.0
4596	0.0
4597	0.0
4598	0.0
4599	0.0
46	3.6941
460	0.0747
4600	0.0
4601	0.0
4602	0.0
4603	0.0
4604	0.0
4605	0.0
4606	0.0
4607	0.0
4608	0.0
4609	0.0
461	0.082
4610	0.0
4611	0.0
4612	0.0
4613	0.0
4614	0.0
4615	0.0
4616	0.0
4617	0.0
4618	0.0
4619	0.0
462	0.0826
4620	0.0
4621	0.0
4622	0.0
4623	0.0
4624	0.0
4625	0.0
4626	0.0
4627	0.0
4628	0.0
4629	0.0
463	0.0826
4630	0.0
4631	0.0
4632	0.0
4633	0.0
4634	0.0
4635	0.0
4636	0.0
4637	0.0
4638	0.0
4639	0.0
464	0.0826
4640	0.0
4641	0.0
4642	0.0
4643	0.0
4644	0.0
4645	0.0
4646	0.0
4647	0.0
4648	0.0
4649	0.0
465	0.082
4650	0.0
4651	0.0
4652	0.0
4653	0.0
4654	0.0
4655	0.0
4656	0.0
4657	0.0
4658	0.0
4659	0.0
466	0.082
4660	0.0
4661	0.0
4662	0.0
4663	0.0
4664	0.0
4665	0.0
4666	0.0
4667	0.0
4668	0.0
4669	0.0
467	0.09
4670	0.0
4671	0.0
4672	0.0
4673	0.0
4674	0.0
4675	0.0
4676	0.0
4677	0.0
4678	0.0
4679	0.0
468	0.09
4680	0.0
4681	0.0
4682	0.0
4683	0.0
4684	0.0
4685	0.0
4686	0.0
4687	0.0
4688	0.0
4689	0.0
469	0.03
4690	0.0
4691	0.0
4692	0.0
4693	0.0
4694	0.0
4695	0.0
4696	0.0
4697	0.0
4698	0.0
4699	0.0
47	0.9772
470	0.028
4700	0.0
4701	0.0
4702	0.0
4703	0.0
4704	0.0
4705	0.0
4706	0.0
4707	0.0
4708	0.0
4709	0.0
471	0.028
4710	0.0
4711	0.0
4712	0.0
4713	0.0
4714	0.0
4715	0.0
4716	0.0
4717	0.0
4718	0.0
4719	0.0
472	0.028
4720	0.0
4721	0.0
4722	0.0
4723	0.0
4724	0.0
4725	0.0
4726	0.0
4727	0.0
4728	0.0
4729	0.0
473	0.0259
4730	0.0
4731	0.0
4732	0.0
4733	0.0
4734	0.0
4735	0.0
4736	0.0
4737	0.0
4738	0.0
4739	0.0
474	0.0168
4740	0.0
4741	0.0
4742	0.0
4743	0.0
4744	0.0
4745	0.0
4746	0.0
4747	0.0
4748	0.0
4749	0.0
475	0.0033
4750	0.0
4751	0.0
4752	0.0
4753	0.0
4754	0.0
4755	0.0
4756	0.0
4757	0.0
4758	0.0
4759	0.0
476	0.0032
4760	0.0
4761	0.0
4762	1.0E-4
4763	1.0E-4
4764	0.0
4765	1.0E-4
4766	1.0E-4
4767	1.0E-4
4768	1.0E-4
4769	0.0
477	0.0032
4770	0.0
4771	0.0
4772	0.0
4773	1.0E-4
4774	0.1476
4775	0.1323
4776	0.5343
4777	0.5343
4778	0.0933
4779	0.0933
478	0.0032
4780	0.0933
4781	0.0781
4782	0.0781
4783	0.0781
4784	0.0842
4785	0.1
4786	0.1
4787	0.1032
4788	0.1032
4789	0.0781
479	0.1127
4790	0.0858
4791	0.0781
4792	0.0858
4793	0.0018
4794	0.0017
4795	0.0017
4796	0.0017
4797	0.0017
4798	0.0017
4799	0.0125
48	2.227
480	0.1613
4800	0.0017
4801	0.0038
4802	0.0061
4803	0.0061
4804	0.0061
4805	0.0537
4806	1.1776
4807	0.0268
4808	0.0268
4809	0.0537
481	0.1122
4810	2.5905
4811	0.0358
4812	0.156
4813	0.005
4814	0.0057
4815	0.2597
4816	0.0146
4817	0.0146
4818	0.0146
4819	1.2128
482	0.0148
4820	0.0146
4821	0.0038
4822	0.0038
4823	0.0038
4824	0.0038
4825	0.0038
4826	0.0038
4827	0.0038
4828	0.0186
4829	0.0186
483	0.0144
4830	0.0081
4831	0.0054
4832	0.0054
4833	0.0243
4834	0.0243
4835	0.0243
4836	0.0243
4837	0.0243
4838	0.0265
4839	0.0046
484	0.0144
4840	0.0185
4841	0.0185
4842	0.0185
4843	0.0063
4844	0.0156
4845	0.0031
4846	0.0031
4847	0.0031
4848	0.3539
4849	0.3539
485	0.0124
4850	0.3539
4851	0.2658
4852	0.2658
4853	0.2658
4854	0.0066
4855	0.0066
4856	0.0066
4857	0.0556
4858	0.0556
4859	0.0556
486	0.0114
4860	0.1671
4861	0.1671
4862	0.0925
4863	0.0012
4864	0.0012
4865	0.0031
4866	0.0012
4867	0.0029
4868	0.0023
4869	0.0031
487	0.0114
4870	0.0031
4871	0.0
4872	0.0
4873	0.0
4874	0.0
4875	0.0
4876	0.0
4877	0.0
4878	0.0
4879	0.0
488	0.0114
4880	0.0
4881	0.0
4882	0.0
4883	0.0
4884	0.0
4885	0.0
4886	0.0
4887	0.0
4888	0.0
4889	0.0
489	0.0114
4890	0.0
4891	0.0
4892	0.0
4893	0.0
4894	0.0
4895	0.0
4896	0.0
4897	0.0
4898	0.0
4899	0.0
49	0.9767
490	0.0114
4900	0.0
4901	0.0
4902	0.0
4903	0.0
4904	0.0
4905	0.0
4906	0.0
4907	0.0
4908	0.0
4909	0.0
491	0.0114
4910	0.0
4911	0.0
4912	0.0
4913	0.0
4914	0.0
4915	0.0
4916	0.0
4917	0.0
4918	0.0
4919	0.0
492	0.018
4920	0.0
4921	0.0
4922	0.0
4923	0.0
4924	1.0E-4
4925	1.0E-4
4926	1.0E-4
4927	1.0E-4
4928	1.0E-4
4929	4.0E-4
493	0.0114
4930	0.1691
4931	0.1691
4932	0.1691
4933	0.1691
4934	0.1691
4935	0.1691
4936	0.1691
4937	0.0104
4938	0.0104
4939	0.0104
494	3.0E-4
4940	0.0104
4941	0.0104
4942	0.0104
4943	0.0104
4944	0.0104
4945	0.0104
4946	0.0104
4947	0.0104
4948	0.0104
4949	0.0104
495	3.0E-4
4950	0.0104
4951	0.0104
4952	0.0104
4953	0.0104
4954	0.0104
4955	0.0104
4956	0.0104
4957	0.0104
4958	0.0104
4959	0.0104
496	0.001
4960	0.0104
4961	0.0104
4962	0.0104
4963	0.0147
4964	0.0104
4965	0.0104
4966	0.0104
4967	0.0104
4968	0.0104
4969	0.0104
497	3.0E-4
4970	0.0104
4971	0.0104
4972	9.0E-4
4973	9.0E-4
4974	9.0E-4
4975	9.0E-4
4976	9.0E-4
4977	9.0E-4
4978	9.0E-4
4979	9.0E-4
498	0.004
4980	9.0E-4
4981	9.0E-4
4982	9.0E-4
4983	9.0E-4
4984	9.0E-4
4985	9.0E-4
4986	9.0E-4
4987	9.0E-4
4988	9.0E-4
4989	9.0E-4
499	0.0027
4990	9.0E-4
4991	9.0E-4
4992	9.0E-4
4993	9.0E-4
4994	9.0E-4
4995	9.0E-4
4996	9.0E-4
4997	9.0E-4
4998	9.0E-4
4999	9.0E-4
5	0.0056
50	0.9767
500	0.2578
5000	9.0E-4
5001	0.0084
5002	0.0084
5003	0.0084
5004	0.0084
5005	0.0084
5006	0.0084
5007	0.0084
5008	0.3366
5009	0.3366
501	0.2505
5010	0.3366
5011	0.3366
5012	0.3366
5013	0.0017
5014	0.0017
5015	0.0017
5016	0.0017
5017	0.0017
5018	0.0017
5019	0.0017
502	0.2464
5020	0.0017
5021	0.0017
5022	0.0017
5023	0.0017
5024	0.0017
5025	0.0017
5026	0.0017
5027	0.0017
5028	0.0017
5029	0.0017
503	0.0993
5030	0.0017
5031	0.0017
5032	0.0017
5033	9.0E-4
5034	9.0E-4
5035	0.628
5036	0.0
5037	0.0
5038	0.0
5039	0.0
504	0.0993
5040	0.0
5041	0.0
5042	0.0
5043	0.0
5044	0.0
5045	0.0
5046	0.0
5047	0.0
5048	0.0
5049	0.0
505	0.2844
5050	0.0
5051	4.3633
5052	2.2761
5053	1.0577
5054	0.6028
5055	0.4705
5056	0.4326
5057	0.4208
5058	0.4178
5059	0.4176
506	0.0071
5060	0.4204
5061	0.4323
5062	0.479
5063	0.6822
5064	1.3741
5065	3.3755
5066	0.0
5067	0.0
5068	0.0
5069	0.0
507	0.0071
5070	0.0
5071	0.0
5072	7.8336
5073	5.5313
5074	2.3927
5075	0.8225
5076	0.3436
5077	0.1921
5078	0.1479
5079	0.1334
508	0.0071
5080	0.1295
5081	0.1282
5082	0.1279
5083	0.1278
5084	0.1278
5085	0.1278
5086	0.1278
5087	0.1278
5088	0.1278
5089	0.1278
509	0.0071
5090	0.1278
5091	0.1278
5092	0.1278
5093	0.1278
5094	0.1278
5095	0.1278
5096	0.1278
5097	0.1278
5098	0.1278
5099	0.1278
510	0.0071
5100	0.1278
5101	0.1278
5102	0.1279
5103	0.1281
5104	0.1291
5105	0.1322
5106	0.1434
5107	0.1782
5108	0.2906
5109	0.6226
511	0.0071
5110	1.5169
5111	2.3954
5112	6.0592
5113	4.3062
5114	1.8836
5115	0.6663
5116	0.2945
5117	0.1767
5118	0.1424
5119	0.131
512	0.0071
5120	0.1281
5121	0.127
5122	0.1268
5123	0.1267
5124	0.1267
5125	0.1267
5126	0.1267
5127	0.1267
5128	0.1267
5129	0.1267
513	0.0071
5130	0.1267
5131	0.1267
5132	0.1267
5133	0.1268
5134	0.1269
5135	0.1277
5136	0.1301
5137	0.1388
5138	0.1659
5139	0.2531
514	0.0071
5140	0.5105
5141	1.202
5142	1.8678
5143	1.9139
5144	1.4373
5145	0.6862
5146	0.2948
5147	0.1764
5148	0.1467
5149	0.1636
515	0.0071
5150	0.2426
5151	0.4591
5152	0.6313
5153	4.2836
5154	3.0794
5155	1.373
5156	0.509
5157	0.2444
5158	0.1605
5159	0.1359
516	0.0071
5160	0.1278
5161	0.1257
5162	0.125
5163	0.1248
5164	0.1248
5165	0.1248
5166	0.1249
5167	0.1255
5168	0.1272
5169	0.1334
517	0.0071
5170	0.1527
5171	0.2148
5172	0.3973
5173	0.8859
5174	1.3394
5175	6.6506
5176	4.7146
5177	2.0534
5178	0.7184
5179	0.3109
518	0.0071
5180	0.1819
5181	0.1442
5182	0.1319
5183	0.1286
5184	0.1275
5185	0.1272
5186	0.1271
5187	0.1271
5188	0.1271
5189	0.1271
519	0.1158
5190	0.1271
5191	0.1271
5192	0.1271
5193	0.1271
5194	0.1271
5195	0.1271
5196	0.1271
5197	0.1271
5198	0.1271
5199	0.1272
52	15.4241
520	0.1158
5200	0.1274
5201	0.1282
5202	0.1309
5203	0.1404
5204	0.17
5205	0.2656
5206	0.5479
5207	1.307
5208	2.0438
5209	3.2967
521	0.0846
5210	2.3968
5211	1.0883
5212	0.4206
5213	0.2156
5214	0.1506
5215	0.1315
5216	0.1252
5217	0.1237
5218	0.1235
5219	0.1247
522	0.0889
5220	0.1295
5221	0.1445
5222	0.1926
5223	0.3337
5224	0.7093
5225	1.0452
5226	5.4672
5227	3.8974
5228	1.7135
5229	0.6139
523	0.2717
5230	0.2779
5231	0.1714
5232	0.1403
5233	0.1301
5234	0.1274
5235	0.1265
5236	0.1262
5237	0.1262
5238	0.1262
5239	0.1262
524	0.0889
5240	0.1262
5241	0.1262
5242	0.1262
5243	0.1262
5244	0.1262
5245	0.1264
5246	0.1271
5247	0.1293
5248	0.1372
5249	0.1616
525	0.0889
5250	0.2405
5251	0.4729
5252	1.0968
5253	1.6918
5254	10.3985
5255	7.3015
5256	3.128
5257	1.0477
5258	0.4141
5259	0.2136
526	2.7406
5260	0.1553
5261	0.1361
5262	0.131
5263	0.1293
5264	0.1289
5265	0.1288
5266	0.1288
5267	0.1288
5268	0.1288
5269	0.1288
527	0.07
5270	0.1288
5271	0.1288
5272	0.1288
5273	0.1288
5274	0.1288
5275	0.1288
5276	0.1288
5277	0.1288
5278	0.1288
5279	0.1288
528	0.0678
5280	0.1288
5281	0.1288
5282	0.1288
5283	0.1288
5284	0.1288
5285	0.1288
5286	0.1287
5287	0.1288
5288	0.1288
5289	0.1288
529	0.0631
5290	0.1288
5291	0.1288
5292	0.1288
5293	0.1288
5294	0.1288
5295	0.1288
5296	0.1288
5297	0.1289
5298	0.1291
5299	0.1305
53	0.3784
530	0.0631
5300	0.1345
5301	0.1494
5302	0.1952
5303	0.344
5304	0.784
5305	1.9714
5306	3.1577
5307	4.8755
5308	3.4886
5309	1.5434
531	4.0E-4
5310	0.5616
5311	0.2612
5312	0.1661
5313	0.1382
5314	0.129
5315	0.1266
5316	0.1258
5317	0.1256
5318	0.1255
5319	0.1255
532	0.004
5320	0.1255
5321	0.1255
5322	0.1256
5323	0.1257
5324	0.1264
5325	0.1283
5326	0.1354
5327	0.1572
5328	0.2277
5329	0.4352
533	4.0E-4
5330	0.9914
5331	1.5156
5332	2.9019
5333	2.1233
5334	0.974
5335	0.3849
5336	0.2038
5337	0.1463
5338	0.1295
5339	0.1243
534	4.0E-4
5340	0.124
5341	0.1278
5342	0.141
5343	0.1833
5344	0.3077
5345	0.6383
5346	0.9273
5347	3.1534
5348	2.2905
5349	1.0469
535	4.0E-4
5350	0.4168
5351	0.2248
5352	0.1646
5353	0.1471
5354	0.1417
5355	0.1414
5356	0.1454
5357	0.1593
5358	0.2047
5359	0.3391
536	1.4112
5360	0.6994
5361	1.0181
5362	0.0
5363	0.0
5364	0.0
5365	0.0
5366	0.0
5367	0.0
5368	0.0
5369	0.0
537	1.4112
5370	0.0
5371	0.0
5372	0.0
5373	0.0
5374	0.0
5375	0.0
5376	0.0
5377	1.0E-4
5378	0.0
5379	0.0
538	1.4112
5380	0.0
5381	0.0
5382	0.0
5383	0.0
5384	0.0
5385	0.0
5386	0.0
5387	0.0
5388	0.0
5389	0.0
539	1.442
5390	0.0
5391	0.0
5392	0.0
5393	0.0
5394	0.0
5395	0.0
5396	0.0
5397	4.3633
5398	2.2761
5399	1.0577
54	0.3627
540	1.4112
5400	0.6028
5401	0.4705
5402	0.4326
5403	0.4208
5404	0.4178
5405	0.4176
5406	0.4204
5407	0.4323
5408	0.479
5409	0.6822
541	1.442
5410	1.3741
5411	3.3755
5412	0.0
5413	0.0
5414	0.0
5415	0.0
5416	0.0
5417	0.0
5418	0.0557
5419	0.0557
542	1.4112
5420	0.0557
5421	0.0
5422	0.0718
5423	0.0718
5424	0.0334
5425	0.0334
5426	0.0093
5427	0.0093
5428	0.0093
5429	3.0E-4
543	1.4109
5430	3.0E-4
5431	3.0E-4
5432	4.0E-4
5433	4.0E-4
5434	4.0E-4
5435	0.0176
5436	9.0E-4
5437	9.0E-4
5438	0.0018
5439	4.0E-4
544	1.4112
5440	4.0E-4
5441	4.0E-4
5442	0.0054
5443	0.0054
5444	6.0E-4
5445	6.0E-4
5446	6.0E-4
5447	0.0289
5448	0.0289
5449	1.1487
545	1.4561
5450	1.1487
5451	1.1487
5452	1.1487
5453	1.3474
5454	1.2081
5455	1.0589
5456	4.7031
5457	0.7144
5458	0.7144
5459	0.0385
546	1.4112
5460	0.0153
5461	0.0153
5462	0.0153
5463	0.0153
5464	0.0027
5465	0.0027
5466	0.002
5467	0.002
5468	1.4874
5469	0.0157
547	0.1383
5470	1.1624
5471	0.0157
5472	5.0E-4
5473	5.0E-4
5474	5.0E-4
5475	5.0E-4
5476	5.0E-4
5477	5.0E-4
5478	5.0E-4
5479	5.0E-4
548	0.0833
5480	0.0014
5481	0.0014
5482	0.0014
5483	0.0613
5484	0.02
5485	0.0043
5486	0.0014
5487	0.0014
5488	0.0014
5489	0.0014
549	0.0158
5490	0.0036
5491	0.0036
5492	0.0036
5493	0.0036
5494	0.004
5495	0.0036
5496	0.0036
5497	0.0087
5498	0.005
5499	0.005
55	0.36
550	0.1828
5500	0.005
5501	0.005
5502	0.0069
5503	0.013
5504	0.013
5505	0.013
5506	0.0557
5507	0.0557
5508	0.0557
5509	0.0017
551	0.1937
5510	0.001
5511	9.0E-4
5512	0.0011
5513	0.0
5514	0.0
5515	0.0
5516	0.0
5517	0.0
5518	0.0
5519	0.0
552	0.1828
5520	0.0
5521	0.0
5522	0.0
5523	3.1534
5524	2.2905
5525	1.0469
5526	0.4168
5527	0.2248
5528	0.1646
5529	0.147
553	0.192
5530	0.1417
5531	0.1414
5532	0.1454
5533	0.1593
5534	0.2047
5535	0.3391
5536	0.6993
5537	1.0181
5538	0.0
5539	0.0
554	0.204
5540	0.0
5541	0.0
5542	0.0
5543	0.0
5544	0.0
5545	0.0
5546	0.0
5547	0.0
5548	0.0
5549	0.0
555	0.2048
5550	0.0
5551	0.0
5552	0.0
5553	0.0
5554	0.0
5555	0.0
5556	0.0
5557	0.0
5558	0.0
5559	0.0
556	0.2048
5560	0.0
5561	0.0
5562	0.0
5563	0.0
5564	0.0
5565	0.0
5566	0.0
5567	0.0
5568	0.0
5569	0.0
557	0.419
5570	0.0
5571	0.0
5572	0.0
5573	0.0
5574	0.0
5575	0.0
5576	0.0
5577	0.0
5578	0.0
5579	0.0
558	0.1321
5580	0.0
5581	0.0
5582	0.0
5583	0.0
5584	0.0
5585	0.0
5586	0.0
5587	0.0
5588	0.0
5589	0.0
559	0.1321
5590	0.0
5591	0.0
5592	0.0
5593	0.0
5594	0.0
5595	0.0
5596	0.0
5597	0.0
5598	0.0
5599	0.0
56	0.3324
560	0.1321
5600	0.0
5601	0.0
5602	0.0
5603	0.0
5604	0.0
5605	0.0
5606	0.0
5607	0.0
5608	0.0
5609	0.0
561	0.1254
5610	0.0
5611	0.0
5612	0.0
5613	0.0
5614	0.0
5615	0.0
5616	0.0
5617	0.0
5618	0.0
5619	0.0
562	0.1254
5620	0.0
5621	0.0
5622	0.0
5623	0.0
5624	0.0
5625	0.0
5626	0.0
5627	0.0
5628	0.0
5629	0.0
563	0.1254
5630	0.0
5631	0.0
5632	0.0
5633	0.0
5634	0.0
5635	0.0
5636	0.0
5637	0.0
5638	0.0
5639	0.0
564	0.1254
5640	0.0
5641	0.0
5642	0.0
5643	0.0
5644	0.0
5645	0.0
5646	0.0
5647	0.0
5648	0.0
5649	0.0
565	0.1321
5650	0.0
5651	0.0
5652	0.0
5653	0.0
5654	0.0
5655	0.0
5656	0.0
5657	0.0
5658	0.0
5659	0.0
566	0.002
5660	0.0
5661	0.0
5662	0.0
5663	0.0
5664	0.0
5665	0.0
5666	0.0
5667	0.0
5668	0.0
5669	0.0
567	0.002
5670	0.0
5671	0.0
5672	0.0
5673	0.0
5674	0.0
5675	0.0
5676	0.0
5677	0.0
5678	0.0
5679	0.0
568	0.002
5680	0.0
5681	0.0
5682	0.0
5683	0.0
5684	0.0
5685	0.0
5686	0.0
5687	0.0
5688	0.0
5689	0.0
569	0.0044
5690	0.0
5691	0.0
5692	0.0
5693	0.0
5694	0.0
5695	0.0
5696	0.0
5697	0.0
5698	0.0
5699	0.0
57	0.3225
570	0.002
5700	0.0
5701	0.0
5702	0.0
5703	0.0
5704	0.0
5705	0.0
5706	0.0
5707	0.0
5708	0.0
5709	0.0
571	0.002
5710	0.0
5711	0.0
5712	0.0
5713	0.0
5714	0.0
5715	0.0
5716	0.0
5717	0.0
5718	0.0
5719	0.0
572	0.002
5720	0.0
5721	0.0
5722	0.0
5723	0.0
5724	0.0
5725	0.0
5726	0.0
5727	0.0
5728	0.0
5729	0.0
573	0.002
5730	0.0
5731	0.0
5732	0.0
5733	0.0
5734	0.0
5735	0.0
5736	0.0
5737	0.0
5738	0.0
5739	0.0
574	0.002
5740	0.0
5741	0.0
5742	0.0
5743	0.0
5744	0.0
5745	0.0
5746	0.0
5747	0.0
5748	0.0
5749	0.0
575	0.002
5750	0.0
5751	0.0
5752	0.0
5753	0.0
5754	0.0
5755	0.0
5756	0.0
5757	0.0
5758	0.0
5759	0.0
576	0.002
5760	0.0
5761	0.0
5762	0.0
5763	0.0
5764	0.0
5765	0.0
5766	0.0
5767	0.0
5768	0.0
5769	0.0
577	0.002
5770	0.0
5771	0.0
5772	0.0
5773	0.0
5774	0.0
5775	0.0
5776	0.0
5777	0.0
5778	0.0
5779	0.0
578	1.2542
5780	0.0
5781	0.0
5782	0.0
5783	0.0
5784	0.0
5785	3.1534
5786	2.2905
5787	1.0469
5788	0.4167
5789	0.2248
579	0.1813
5790	0.1646
5791	0.1471
5792	0.1417
5793	0.1414
5794	0.1454
5795	0.1593
5796	0.2047
5797	0.3391
5798	0.6994
5799	1.0181
58	0.3609
580	0.1813
5800	0.0
5801	0.0
5802	0.0
5803	0.0
5804	0.0
5805	0.0
5806	0.0
5807	0.0
5808	0.0
5809	0.0
581	0.191
5810	0.0
5811	0.0
5812	0.0
5813	0.0
5814	0.0
5815	0.012
5816	0.012
5817	1.0E-4
5818	0.002
5819	0.0026
582	0.0024
5820	0.6992
5821	0.6992
5822	0.1393
5823	1.478
5824	0.1436
5825	0.7006
5826	0.6034
5827	0.6034
5828	0.9398
5829	0.6034
583	0.0024
5830	0.6034
5831	0.6034
5832	0.7117
5833	0.7117
5834	0.0414
5835	0.2189
5836	0.2189
5837	0.2189
5838	0.2189
5839	0.2189
584	0.0019
5840	0.2189
5841	0.2189
5842	0.0357
5843	0.0357
5844	0.0024
5845	4.0E-4
5846	4.0E-4
5847	4.0E-4
5848	4.0E-4
5849	4.0E-4
585	0.0024
5850	4.0E-4
5851	4.0E-4
5852	4.0E-4
5853	4.0E-4
5854	4.0E-4
5855	4.0E-4
5856	4.0E-4
5857	4.0E-4
5858	5.0E-4
5859	4.0E-4
586	0.0024
5860	5.0E-4
5861	4.0E-4
5862	4.0E-4
5863	4.0E-4
5864	4.0E-4
5865	4.0E-4
5866	4.0E-4
5867	0.0148
5868	0.0023
5869	0.0023
587	0.0024
5870	0.0023
5871	0.0023
5872	0.0023
5873	0.0023
5874	0.0023
5875	0.0049
5876	0.0023
5877	1.0596
5878	0.0023
5879	0.0023
588	0.0019
5880	0.0023
5881	0.0023
5882	0.0023
5883	0.0023
5884	0.0023
5885	0.0023
5886	0.0023
5887	0.0023
5888	0.0023
5889	0.0023
589	0.0028
5890	0.0023
5891	0.0023
5892	0.0
5893	1.0E-4
5894	0.0
5895	0.0
5896	0.0
5897	0.0
5898	0.0
5899	0.0
59	0.3579
590	0.0028
5900	0.0
5901	0.0
5902	0.0
5903	0.0
5904	0.0
5905	0.0
5906	0.0
5907	0.0
5908	0.0
5909	0.0
591	0.0028
5910	0.0
5911	0.0
5912	0.0
5913	0.0
5914	0.0
5915	0.0
5916	0.0
5917	0.0
5918	0.0
5919	0.0
592	0.0028
5920	0.0021
5921	0.0017
5922	0.0907
5923	0.0907
5924	0.0907
5925	0.0907
5926	0.0907
5927	0.0907
5928	0.0907
5929	0.0907
593	6.1188
5930	1.3593
5931	1.3593
5932	1.3592
5933	1.3593
5934	1.3592
5935	1.3592
5936	0.0788
5937	0.0745
5938	0.3445
5939	0.0444
594	0.0029
5940	0.0
5941	0.0
5942	0.0
5943	0.0
5944	0.0
5945	0.0
5946	0.0
5947	1.0E-4
5948	1.0E-4
5949	1.0E-4
595	0.002
5950	1.0E-4
5951	0.0154
5952	3.0E-4
5953	6.0E-4
5954	7.0E-4
5955	0.3599
5956	1.0434
5957	7.0E-4
5958	0.0
5959	0.0
596	0.002
5960	0.0
5961	0.0
5962	0.0
5963	0.0
5964	0.0
5965	0.0
5966	0.0
5967	0.0
5968	0.0
5969	0.0
597	0.002
5970	0.0
5971	0.0
5972	0.0
5973	0.0
5974	0.0023
5975	0.0118
5976	0.0452
5977	0.0452
5978	0.0043
5979	0.0043
598	0.0273
5980	0.0043
5981	0.0043
5982	0.0043
5983	0.0043
5984	0.0043
5985	0.0043
5986	0.0043
5987	0.0043
5988	0.0043
5989	0.0043
599	0.0137
5990	0.0043
5991	0.0043
5992	0.0477
5993	0.0
5994	0.0
5995	0.0
5996	2.0E-4
5997	2.0E-4
5998	2.0E-4
5999	2.0E-4
6	0.0056
60	0.3329
600	0.0017
6000	2.0E-4
6001	9.0E-4
6002	9.0E-4
6003	9.0E-4
6004	0.3605
6005	0.4098
6006	0.0
6007	0.0
6008	0.0
6009	0.0
601	0.0017
6010	0.0
6011	0.0
6012	0.1544
602	0.0017
603	0.0017
604	0.0017
605	0.0017
606	0.0017
607	0.0017
608	0.0017
609	0.0017
61	16.1933
610	0.0017
611	0.026
612	0.0374
613	0.0169
614	0.1482
615	0.0131
616	0.0138
617	0.019
618	0.019
619	0.019
62	0.0627
620	0.0345
621	0.0946
622	0.0128
623	0.0127
624	0.0125
625	0.052
626	0.052
627	0.0211
628	0.0038
629	0.0038
63	0.3081
630	0.1164
631	0.0171
632	0.0
633	0.0
634	0.0
635	0.0
636	0.0
637	0.0
638	0.0
639	0.0
64	0.222
640	0.0
641	0.0
642	0.0
643	0.0
644	0.0
645	0.0
646	0.0
647	0.0
648	0.0063
649	0.0063
65	0.2498
650	0.0063
651	0.0063
652	0.0063
653	0.0063
654	0.0063
655	0.0063
656	0.0063
657	0.0063
658	0.0
659	0.0
66	0.2228
660	0.0
661	0.0
662	0.0
663	0.0
664	0.0
665	0.0
666	0.0
667	0.0082
668	0.0051
669	0.0243
67	0.2164
670	0.0241
671	0.0213
672	0.0213
673	0.0217
674	0.025
675	0.0194
676	0.0195
677	0.0197
678	0.023
679	0.0
68	0.31
680	0.0
681	0.0
682	0.0
683	0.0
684	0.0
685	0.0
686	0.0195
687	0.0215
688	0.0215
689	0.0215
69	0.3249
690	0.0
691	0.0
692	0.0
693	0.0
694	0.0
695	0.0
696	0.0
697	0.0
698	0.0
699	0.0
7	0.0537
70	0.237
700	0.0
701	0.0
702	0.0
703	0.0
704	0.0
705	0.0
706	0.0
707	0.0
708	0.0
709	0.0177
71	0.3501
710	4.0E-4
711	2.0E-4
712	4.0E-4
713	2.0E-4
714	2.0E-4
715	2.0E-4
716	2.0E-4
717	2.0E-4
718	2.0E-4
719	2.0E-4
72	0.4567
720	2.0E-4
721	2.0E-4
722	0.001
723	2.0E-4
724	0.001
725	2.0E-4
726	2.0E-4
727	2.0E-4
728	2.0E-4
729	2.0E-4
73	6.3225
730	2.0E-4
731	2.0E-4
732	2.0E-4
733	2.0E-4
734	2.0E-4
735	2.0E-4
736	2.0E-4
737	2.0E-4
738	2.0E-4
739	2.0E-4
74	2.2069
740	2.0E-4
741	2.0E-4
742	2.0E-4
743	2.0E-4
744	2.0E-4
745	4.0E-4
746	2.0E-4
747	2.0E-4
748	2.0E-4
749	2.0E-4
75	1.1757
750	2.0E-4
751	0.0285
752	2.0E-4
753	2.0E-4
754	2.0E-4
755	0.0152
756	0.0152
757	0.0152
758	0.0152
759	0.0152
76	1.3532
760	0.0152
761	0.0152
762	0.0152
763	0.0078
764	0.0078
765	0.0078
766	0.0085
767	0.0082
768	0.006
769	0.0078
77	0.3902
770	0.0078
771	0.0
772	0.0074
773	0.0074
774	0.007
775	0.0075
776	0.0075
777	0.007
778	0.0049
779	0.0049
78	1.3637
780	0.0074
781	0.0074
782	3.0E-4
783	0.006
784	0.0075
785	0.0075
786	0.0075
787	0.0075
788	0.0069
789	0.0069
79	0.9161
790	0.0069
791	0.0074
792	0.0074
793	0.0074
794	0.0075
795	0.0075
796	0.007
797	0.0069
798	0.0069
799	0.0069
8	0.008
80	5.4198
800	0.006
801	0.0371
802	0.0563
803	0.0539
804	0.0516
805	0.0516
806	0.0516
807	0.0516
808	0.061
809	0.061
81	7.7766
810	0.0487
811	0.0488
812	0.0487
813	0.0487
814	0.0487
815	0.0487
816	0.0508
817	0.0491
818	0.0628
819	0.0625
82	3.1484
820	0.0625
821	0.0625
822	4.7242
823	0.9138
824	0.1015
825	0.0764
826	0.2064
827	0.1798
828	4.7811
829	0.0299
83	2.2987
830	0.05
831	0.0171
832	0.0171
833	0.0171
834	0.0171
835	0.0171
836	0.0011
837	0.0776
838	0.0476
839	0.0634
84	2.869
840	0.0817
841	0.05
842	0.0624
843	0.0397
844	0.0397
845	0.0397
846	0.0397
847	0.0397
848	0.0397
849	0.0397
85	0.0379
850	0.0397
851	0.0397
852	0.0397
853	0.0397
854	0.0397
855	0.0397
856	0.0397
857	0.0397
858	0.0397
859	0.0397
86	0.0292
860	0.0397
861	0.0397
862	0.0397
863	0.0397
864	0.0397
865	0.0397
866	0.0397
867	0.0397
868	0.0397
869	0.0502
87	0.036
870	0.0094
871	0.0094
872	0.013
873	0.0231
874	0.0207
875	0.0062
876	0.0224
877	0.022
878	0.022
879	0.0188
88	0.0379
880	0.185
881	0.0173
882	0.0173
883	0.0173
884	0.0173
885	0.0173
886	0.0173
887	0.0279
888	0.0173
889	5.0E-4
89	0.0301
890	6.0E-4
891	5.0E-4
892	0.3652
893	0.5693
894	0.3652
895	0.3652
896	6.0E-4
897	6.0E-4
898	6.0E-4
899	6.0E-4
9	0.0056
90	0.0399
900	1.0E-4
901	1.0E-4
902	1.0E-4
903	1.0E-4
904	1.0E-4
905	1.0E-4
906	1.0E-4
907	1.0E-4
908	1.0E-4
909	1.0E-4
91	0.0399
910	1.0E-4
911	1.0E-4
912	1.0E-4
913	1.0E-4
914	1.0E-4
915	1.0E-4
916	1.0E-4
917	1.0E-4
918	0.0044
919	1.0E-4
92	0.0527
920	0.0044
921	1.0E-4
922	1.0E-4
923	3.0E-4
924	1.0E-4
925	1.0E-4
926	1.0E-4
927	1.0E-4
928	1.0E-4
929	1.0E-4
93	0.0318
930	1.0E-4
931	3.0E-4
932	1.0E-4
933	1.0E-4
934	1.0E-4
935	1.0E-4
936	1.0E-4
937	1.0E-4
938	5.0E-4
939	2.0E-4
94	3.0E-4
940	2.0E-4
941	2.0E-4
942	2.0E-4
943	0.0867
944	0.0867
945	0.0212
946	0.0214
947	0.0076
948	0.0076
949	0.0071
95	3.0E-4
950	0.0076
951	0.0076
952	0.0077
953	0.0086
954	0.0086
955	0.0086
956	0.0088
957	0.0158
958	0.0103
959	0.0103
96	3.0E-4
960	0.0102
961	0.0103
962	0.0103
963	0.0111
964	0.0102
965	0.0102
966	0.0102
967	0.0102
968	0.0137
969	0.0137
97	3.0E-4
970	0.183
971	0.0102
972	0.0115
973	0.0115
974	0.0114
975	0.0114
976	0.0115
977	0.0114
978	0.0114
979	0.0202
98	3.0E-4
980	0.0093
981	0.1172
982	0.0099
983	0.0098
984	0.0099
985	0.0104
986	0.0098
987	0.0082
988	0.0081
989	0.0073
99	3.0E-4
990	0.0155
991	0.0591
992	0.0258
993	0.1447
994	0.0155
995	0.6761
996	0.0085
997	0.0085
998	0.0107
999	0.0107
