1	0.0825
10	0.9441
100	2.0E-4
1000	0.0072
1001	0.0072
1002	0.0069
1003	0.0047
1004	0.0054
1005	0.0047
1006	0.0065
1007	0.0064
1008	0.0069
1009	0.0063
101	2.0E-4
1010	0.0058
1011	0.0058
1012	0.006
1013	0.006
1014	0.006
1015	0.0072
1016	0.0071
1017	0.0071
1018	0.0063
1019	0.0064
102	0.0063
1020	0.7909
1021	0.2625
1022	0.0049
1023	2.0E-4
1024	6.0E-4
1025	0.0629
1026	0.0629
1027	0.0141
1028	0.0041
1029	0.0054
103	2.0E-4
1030	0.007
1031	7.0E-4
1032	1.0E-4
1033	0.007
1034	0.3814
1035	0.0044
1036	0.0044
1037	0.0044
1038	0.0071
1039	1.0736
104	2.0E-4
1040	1.0736
1041	1.0736
1042	1.0736
1043	1.0736
1044	1.0736
1045	1.0736
1046	1.0736
1047	1.0736
1048	1.0736
1049	1.0736
105	2.0E-4
1050	1.0736
1051	1.0736
1052	1.0736
1053	1.0736
1054	1.0736
1055	1.0736
1056	1.0736
1057	1.0736
1058	1.0736
1059	1.0736
106	1.7326
1060	1.0736
1061	1.0736
1062	1.0736
1063	1.0736
1064	1.0736
1065	1.0736
1066	1.0E-4
1067	1.0E-4
1068	1.0E-4
1069	1.0E-4
107	0.5761
1070	1.0E-4
1071	1.0E-4
1072	1.0E-4
1073	1.0E-4
1074	1.0E-4
1075	1.0E-4
1076	1.0E-4
1077	1.0E-4
1078	1.0E-4
1079	1.0E-4
108	0.3242
1080	1.0E-4
1081	1.0E-4
1082	1.0E-4
1083	1.0E-4
1084	1.0E-4
1085	1.0E-4
1086	1.0E-4
1087	1.0E-4
1088	1.0E-4
1089	1.0E-4
109	0.2955
1090	1.0E-4
1091	1.0E-4
1092	1.0E-4
1093	1.0E-4
1094	1.0E-4
1095	1.0E-4
1096	1.0E-4
1097	5.0E-4
1098	6.0E-4
1099	6.0E-4
11	0.0037
110	0.2955
1100	0.0284
1101	0.033
1102	0.0559
1103	0.0559
1104	0.0559
1105	0.0559
1106	0.0559
1107	0.0559
1108	0.0559
1109	0.0559
111	1.134
1110	0.0559
1111	0.0559
1112	0.0559
1113	0.0559
1114	0.0559
1115	0.0559
1116	0.0559
1117	0.0559
1118	0.0559
1119	0.0559
112	1.1795
1120	0.0559
1121	0.0559
1122	0.0559
1123	0.0559
1124	0.0559
1125	0.0559
1126	0.0559
1127	0.0559
1128	0.0559
1129	0.0559
113	0.5025
1130	0.0559
1131	0.0559
1132	0.0559
1133	0.0559
1134	0.0559
1135	0.0559
1136	0.0559
1137	0.0559
1138	0.0559
1139	0.0559
114	0.2991
1140	0.0559
1141	0.0559
1142	0.0559
1143	0.0559
1144	0.0559
1145	0.0559
1146	0.0559
1147	0.0559
1148	0.0559
1149	0.0559
115	0.5448
1150	0.0559
1151	0.0559
1152	0.0559
1153	0.0559
1154	0.0559
1155	0.0559
1156	0.0559
1157	0.0559
1158	0.0559
1159	0.0
116	0.936
1160	0.0
1161	3.0E-4
1162	0.0
1163	0.0
1164	0.0
1165	0.0
1166	0.0
1167	0.0
1168	0.0
1169	0.0
117	0.384
1170	0.0
1171	0.0
1172	0.0
1173	0.0
1174	0.0
1175	0.0
1176	0.0
1177	8.0E-4
1178	0.0042
1179	0.0
118	0.9675
1180	0.0
1181	0.0
1182	0.0
1183	0.0
1184	0.0
1185	0.0
1186	0.0
1187	6.0E-4
1188	6.0E-4
1189	6.0E-4
119	2.3332
1190	6.0E-4
1191	6.0E-4
1192	6.0E-4
1193	0.0019
1194	0.002
1195	0.0019
1196	8.0E-4
1197	8.0E-4
1198	4.0E-4
1199	0.1305
12	0.0048
120	1.0313
1200	4.0E-4
1201	4.0E-4
1202	4.0E-4
1203	4.0E-4
1204	4.0E-4
1205	4.0E-4
1206	4.0E-4
1207	2.0E-4
1208	3.0E-4
1209	3.0E-4
121	0.9415
1210	2.0E-4
1211	2.0E-4
1212	2.0E-4
1213	0.0041
1214	5.0E-4
1215	0.1945
1216	0.2952
1217	0.1945
1218	0.1945
1219	7.0E-4
122	1.0313
1220	7.0E-4
1221	0.0
1222	0.0
1223	0.0
1224	0.0
1225	6.0E-4
1226	6.0E-4
1227	0.0038
1228	0.0038
1229	0.0038
123	1.6126
1230	0.0038
1231	0.0038
1232	0.0038
1233	0.0038
1234	0.0
1235	0.0
1236	0.0
1237	0.0
1238	0.0
1239	0.0
124	1.3428
1240	0.0
1241	0.0
1242	0.0
1243	0.0
1244	0.0
1245	0.0
1246	0.0
1247	0.0
1248	0.0
1249	0.0
125	1.3505
1250	0.0
1251	0.0
1252	0.0
1253	0.0
1254	0.0
1255	0.0
1256	0.0
1257	0.0
1258	0.0
1259	0.0
126	1.357
1260	0.0
1261	0.0
1262	0.0
1263	0.0
1264	0.0
1265	0.0
1266	0.0
1267	0.0
1268	0.0
1269	0.0047
127	0.4214
1270	0.0047
1271	0.0047
1272	0.0047
1273	0.0047
1274	0.0047
1275	0.0047
1276	0.0047
1277	0.0047
1278	0.0047
1279	0.0041
128	0.4214
1280	0.0041
1281	0.0041
1282	0.0041
1283	0.0041
1284	0.0
1285	0.0
1286	0.0
1287	0.0
1288	0.0116
1289	0.0116
129	0.3968
1290	0.0116
1291	0.0176
1292	0.0076
1293	0.0495
1294	0.0495
1295	0.0021
1296	0.0021
1297	0.0
1298	0.0
1299	0.0
13	0.0038
130	0.3754
1300	2.0E-4
1301	0.0
1302	0.0
1303	0.0
1304	0.0
1305	2.0E-4
1306	2.0E-4
1307	2.0E-4
1308	0.0
1309	0.0012
131	0.3117
1310	0.0
1311	7.0E-4
1312	3.0E-4
1313	3.0E-4
1314	3.0E-4
1315	3.0E-4
1316	3.0E-4
1317	3.0E-4
1318	3.0E-4
1319	3.0E-4
132	3.8525
1320	3.0E-4
1321	3.0E-4
1322	3.0E-4
1323	3.0E-4
1324	2.0E-4
1325	2.0E-4
1326	2.0E-4
1327	2.0E-4
1328	2.0E-4
1329	2.0E-4
133	0.1279
1330	2.0E-4
1331	2.0E-4
1332	2.0E-4
1333	2.0E-4
1334	2.0E-4
1335	2.0E-4
1336	2.0E-4
1337	2.0E-4
1338	2.0E-4
1339	2.0E-4
134	0.1171
1340	4.0E-4
1341	3.0E-4
1342	0.0011
1343	0.0011
1344	4.0E-4
1345	0.0067
1346	0.0014
1347	0.0014
1348	0.0014
1349	0.0014
135	0.1394
1350	0.0014
1351	0.0014
1352	0.0014
1353	0.0014
1354	0.0014
1355	0.0014
1356	0.0014
1357	0.0014
1358	0.0014
1359	0.0014
136	0.1486
1360	0.0014
1361	0.0014
1362	1.0E-4
1363	0.019
1364	0.019
1365	0.0013
1366	0.0013
1367	0.0013
1368	0.0013
1369	0.0013
137	0.1593
1370	0.367
1371	0.0326
1372	0.0112
1373	0.0145
1374	0.0261
1375	0.0102
1376	0.0064
1377	0.0064
1378	0.0025
1379	0.4719
138	0.1846
1380	0.0023
1381	0.0023
1382	0.0013
1383	0.0013
1384	0.0013
1385	0.0013
1386	0.0013
1387	0.0013
1388	0.0013
1389	0.0013
139	0.0425
1390	0.0
1391	1.0E-4
1392	0.0
1393	0.0
1394	0.0
1395	0.0
1396	1.0E-4
1397	1.0E-4
1398	2.0E-4
1399	1.0E-4
14	0.4112
140	0.0405
1400	1.0E-4
1401	1.0E-4
1402	0.0
1403	0.0
1404	0.0
1405	0.0
1406	0.0
1407	0.0
1408	0.0114
1409	0.0298
141	0.0373
1410	0.0298
1411	0.0298
1412	0.0298
1413	0.0298
1414	0.0298
1415	0.0298
1416	0.0357
1417	0.0459
1418	0.0298
1419	0.0453
142	0.1733
1420	0.0453
1421	0.0298
1422	1.0E-4
1423	1.0E-4
1424	1.0E-4
1425	1.0E-4
1426	1.0E-4
1427	1.0E-4
1428	1.0E-4
1429	1.0E-4
143	0.2407
1430	1.0E-4
1431	1.0E-4
1432	1.0E-4
1433	0.0083
1434	0.0083
1435	0.0083
1436	0.0083
1437	0.0083
1438	2.0E-4
1439	2.0E-4
144	0.0597
1440	0.0011
1441	0.0014
1442	0.0059
1443	0.3596
1444	0.0012
1445	3.0E-4
1446	2.0E-4
1447	2.0E-4
1448	2.0E-4
1449	2.0E-4
145	0.4557
1450	2.0E-4
1451	2.0E-4
1452	2.0E-4
1453	2.0E-4
1454	2.0E-4
1455	2.0E-4
1456	2.0E-4
1457	0.0011
1458	4.0E-4
1459	8.0E-4
146	0.0373
1460	9.0E-4
1461	0.0088
1462	0.0088
1463	0.0088
1464	0.0088
1465	0.0088
1466	0.0088
1467	1.0312
1468	4.0E-4
1469	0.0034
147	0.0373
1470	0.0034
1471	0.0034
1472	0.0036
1473	2.0E-4
1474	2.0E-4
1475	2.0E-4
1476	2.0E-4
1477	2.0E-4
1478	2.0E-4
1479	2.0E-4
148	0.1655
1480	2.0E-4
1481	2.0E-4
1482	2.0E-4
1483	1.0E-4
1484	1.0E-4
1485	1.0E-4
1486	1.0E-4
1487	0.0015
1488	0.0011
1489	0.0015
149	0.0514
1490	0.0011
1491	9.0E-4
1492	9.0E-4
1493	9.0E-4
1494	0.0012
1495	2.0E-4
1496	2.0E-4
1497	2.0E-4
1498	2.0E-4
1499	9.0E-4
15	0.0039
150	0.051
1500	2.0E-4
1501	2.0E-4
1502	9.0E-4
1503	9.0E-4
1504	2.0E-4
1505	9.0E-4
1506	6.0E-4
1507	0.0066
1508	7.0E-4
1509	1.0E-4
151	0.0541
1510	1.0E-4
1511	1.0E-4
1512	1.0E-4
1513	1.0E-4
1514	1.0E-4
1515	1.0E-4
1516	1.0E-4
1517	3.0E-4
1518	5.0E-4
1519	6.0E-4
152	0.0336
1520	1.0E-4
1521	1.0E-4
1522	1.0E-4
1523	1.0E-4
1524	1.0E-4
1525	1.0E-4
1526	1.0E-4
1527	1.0E-4
1528	1.0E-4
1529	1.0E-4
153	0.0559
1530	1.0E-4
1531	1.0E-4
1532	1.0E-4
1533	0.0057
1534	0.0
1535	1.0E-4
1536	1.0E-4
1537	2.0E-4
1538	0.4158
1539	0.6483
154	6.0E-4
1540	0.9072
1541	0.9022
1542	0.4158
1543	0.0029
1544	0.0
1545	0.0
1546	0.0
1547	0.0
1548	0.0
1549	0.0
155	0.2175
1550	0.0
1551	0.0
1552	1.0E-4
1553	1.0E-4
1554	1.0E-4
1555	1.0E-4
1556	1.0E-4
1557	1.0E-4
1558	1.0E-4
1559	1.0E-4
156	0.0908
1560	1.0E-4
1561	1.0E-4
1562	1.0E-4
1563	1.0E-4
1564	1.0E-4
1565	0.0
1566	0.0
1567	0.0
1568	0.0
1569	0.0
157	0.2239
1570	0.0
1571	0.0
1572	0.0
1573	0.0
1574	0.0
1575	0.0
1576	0.0
1577	0.0
1578	0.0
1579	0.0
158	0.2611
1580	0.0
1581	0.0
1582	0.0
1583	0.0
1584	0.0
1585	0.0
1586	0.0
1587	0.0
1588	0.0
1589	9.0E-4
159	0.2239
1590	7.0E-4
1591	7.0E-4
1592	0.0
1593	0.0
1594	0.0
1595	0.0
1596	0.0
1597	0.0
1598	0.0
1599	0.0
16	1.5999
160	0.2403
1600	0.0
1601	0.0
1602	0.0107
1603	0.0107
1604	0.0107
1605	0.0107
1606	0.0107
1607	2.0E-4
1608	0.1024
1609	0.1024
161	0.2306
1610	0.1024
1611	0.1024
1612	0.1024
1613	0.1024
1614	0.0041
1615	0.0041
1616	0.0041
1617	0.0041
1618	0.0041
1619	1.0E-4
162	0.2239
1620	0.1184
1621	0.0896
1622	0.0896
1623	0.0896
1624	0.0896
1625	0.0896
1626	0.0
1627	0.0
1628	0.0
1629	0.0
163	0.2175
1630	0.0
1631	0.0
1632	0.0
1633	0.0
1634	1.0E-4
1635	0.0
1636	0.0
1637	0.0
1638	0.0
1639	0.0
164	0.1319
1640	0.0
1641	0.0
1642	0.0
1643	0.0
1644	0.0
1645	0.0
1646	0.0
1647	0.0
1648	0.0
1649	0.0
165	0.2175
1650	0.0
1651	0.0
1652	0.0
1653	0.0
1654	0.0
1655	0.0
1656	0.0
1657	0.0
1658	0.0
1659	0.0
166	0.23
1660	0.0
1661	0.0
1662	0.0
1663	0.0
1664	0.0
1665	0.2423
1666	0.3687
1667	0.2423
1668	0.2423
1669	0.0143
167	0.2175
1670	0.0143
1671	0.0169
1672	0.0143
1673	0.0143
1674	0.0143
1675	0.0143
1676	0.0143
1677	0.0143
1678	0.6268
1679	0.004
168	0.1886
1680	1.0E-4
1681	2.0E-4
1682	2.0E-4
1683	0.0012
1684	2.0E-4
1685	2.0E-4
1686	2.0E-4
1687	1.0E-4
1688	9.0E-4
1689	1.0E-4
169	0.1886
1690	1.0E-4
1691	1.0E-4
1692	1.0E-4
1693	1.0E-4
1694	1.0E-4
1695	1.0E-4
1696	1.0E-4
1697	1.0E-4
1698	1.0E-4
1699	1.0E-4
17	0.004
170	0.1886
1700	1.0E-4
1701	1.0E-4
1702	1.0E-4
1703	1.0E-4
1704	1.0E-4
1705	1.0E-4
1706	1.0E-4
1707	1.0E-4
1708	1.0E-4
1709	1.0E-4
171	0.1892
1710	1.0E-4
1711	1.0E-4
1712	1.0E-4
1713	1.0E-4
1714	1.0E-4
1715	1.0E-4
1716	1.0E-4
1717	1.0E-4
1718	1.0E-4
1719	1.0E-4
172	0.1886
1720	1.0E-4
1721	1.0E-4
1722	1.0E-4
1723	0.0
1724	0.0
1725	0.0
1726	0.0
1727	0.0
1728	0.0
1729	0.0
173	0.1847
1730	0.0
1731	0.0
1732	0.0
1733	0.0
1734	0.0
1735	0.0
1736	0.0
1737	1.0E-4
1738	1.0E-4
1739	1.0E-4
174	0.1405
1740	1.0E-4
1741	0.0
1742	0.0
1743	0.0
1744	0.0
1745	0.0
1746	0.0
1747	0.0
1748	0.0
1749	0.0
175	0.2181
1750	1.0E-4
1751	1.0E-4
1752	1.0E-4
1753	1.0E-4
1754	1.0E-4
1755	1.0E-4
1756	1.0E-4
1757	1.0E-4
1758	1.0E-4
1759	1.0E-4
176	0.2377
1760	3.0E-4
1761	4.0E-4
1762	4.0E-4
1763	4.0E-4
1764	0.0015
1765	0.0015
1766	0.0
1767	0.0
1768	0.0
1769	0.0
177	0.1438
1770	0.0
1771	0.0
1772	0.0
1773	0.0
1774	0.0
1775	0.0
1776	0.0
1777	0.0
1778	0.0
1779	0.0
178	0.0436
1780	0.0
1781	0.0
1782	0.0
1783	0.0
1784	0.0
1785	0.0
1786	0.0
1787	0.0
1788	0.0
1789	1.0E-4
179	0.0778
1790	1.0E-4
1791	0.0
1792	0.0
1793	0.0
1794	0.0
1795	0.0
1796	0.0
1797	0.0
1798	0.0
1799	0.0
18	0.0627
180	0.0728
1800	0.0
1801	0.0
1802	0.0
1803	0.0
1804	0.0
1805	0.0
1806	0.0
1807	0.0
1808	0.0
1809	0.0
181	0.0731
1810	0.0
1811	0.0
1812	0.0
1813	0.0
1814	0.0
1815	1.0E-4
1816	1.0E-4
1817	0.0
1818	7.0E-4
1819	0.0037
182	0.0484
1820	0.0033
1821	0.0039
1822	0.0033
1823	0.0022
1824	0.0022
1825	0.0022
1826	0.0022
1827	0.0022
1828	0.0022
1829	0.0022
183	0.0728
1830	0.0027
1831	0.0035
1832	0.0022
1833	0.0035
1834	0.0035
1835	0.0022
1836	0.0023
1837	0.0011
1838	0.0028
1839	0.0028
184	0.0736
1840	0.0028
1841	0.0024
1842	0.0022
1843	0.0022
1844	0.0022
1845	0.0022
1846	0.0022
1847	0.0022
1848	0.0022
1849	8.0E-4
185	0.0727
1850	8.0E-4
1851	0.001
1852	8.0E-4
1853	6.0E-4
1854	1.0E-4
1855	0.0
1856	0.0
1857	0.0
1858	0.0
1859	0.0
186	0.0732
1860	3.0E-4
1861	0.0021
1862	0.0021
1863	0.0023
1864	0.0
1865	0.0
1866	0.0
1867	0.0
1868	0.0
1869	0.0
187	0.0731
1870	2.0E-4
1871	0.3939
1872	1.5121
1873	1.6594
1874	0.3927
1875	1.9602
1876	1.3134
1877	1.9602
1878	1.9777
1879	0.0759
188	0.0727
1880	0.0759
1881	0.0759
1882	0.0759
1883	1.7327
1884	0.3162
1885	0.3162
1886	0.3162
1887	0.3162
1888	0.3162
1889	0.3162
189	0.0884
1890	0.3162
1891	0.3162
1892	0.3162
1893	0.3162
1894	0.3162
1895	0.3162
1896	0.0
1897	0.0
1898	0.0
1899	0.0
19	0.0195
190	0.0021
1900	0.0
1901	0.0
1902	0.0
1903	0.0
1904	0.0
1905	0.0
1906	0.0
1907	0.0
1908	0.0
1909	0.0
191	0.0028
1910	0.0
1911	0.0
1912	0.0
1913	0.0
1914	0.0
1915	0.0
1916	0.0
1917	0.0
1918	0.0
1919	0.0
192	0.1825
1920	0.0
1921	0.0
1922	0.0
1923	0.0
1924	0.0
1925	0.0
1926	0.0
1927	0.0
1928	0.0
1929	0.0
193	1.1858
1930	0.0
1931	0.0
1932	0.0
1933	0.0
1934	0.0
1935	0.0
1936	0.0
1937	0.0
1938	0.0
1939	0.0
194	0.4441
1940	0.0
1941	0.0
1942	0.0
1943	0.0
1944	0.0
1945	0.0
1946	0.0
1947	0.0
1948	0.0
1949	0.0
195	0.605
1950	0.0
1951	0.0
1952	0.0
1953	0.0
1954	0.0
1955	0.0
1956	0.0
1957	0.0
1958	0.0
1959	0.0
196	0.6038
1960	0.0
1961	0.0
1962	0.0
1963	0.0
1964	0.0
1965	0.0
1966	0.0
1967	0.0
1968	0.0
1969	0.0
197	0.4118
1970	0.0
1971	0.0
1972	0.0
1973	0.0
1974	0.0
1975	0.0
1976	0.0
1977	0.0
1978	0.0
1979	0.0
198	0.4987
1980	0.0
1981	0.0
1982	0.0
1983	0.0
1984	0.0
1985	0.0
1986	0.0
1987	0.0
1988	0.0
1989	0.0
199	0.6015
1990	0.0
1991	0.0
1992	0.0
1993	0.0
1994	0.0
1995	1.0018
1996	0.0
1997	0.0
1998	0.0
1999	0.0
2	14.6681
20	0.0314
200	0.6699
2000	0.0
2001	0.0
2002	0.0
2003	0.0
2004	0.0
2005	0.0
2006	0.0
2007	0.0
2008	0.0
2009	0.0
201	1.2346
2010	0.0
2011	0.0
2012	0.0
2013	0.0
2014	0.0
2015	0.0
2016	0.0
2017	0.0
2018	0.0
2019	0.0
202	1.2634
2020	0.0
2021	0.0
2022	0.0
2023	0.0
2024	0.0
2025	0.0
2026	0.0
2027	0.0
2028	0.0
2029	0.0
203	0.4024
2030	0.0
2031	0.0
2032	0.0
2033	0.0
2034	0.0
2035	0.0
2036	0.0
2037	0.0
2038	0.0
2039	0.0
204	0.5844
2040	0.0
2041	0.0
2042	0.0
2043	0.0
2044	0.0
2045	0.0
2046	0.0
2047	0.0
2048	0.0
2049	0.0
205	0.4686
2050	0.0
2051	0.0
2052	0.0
2053	0.0
2054	0.0
2055	0.0
2056	0.0
2057	0.0
2058	0.0
2059	0.0
206	0.3884
2060	0.0
2061	0.0
2062	0.0
2063	0.0
2064	0.0
2065	0.0
2066	0.0
2067	0.0
2068	0.0
2069	0.0
207	0.0017
2070	0.0
2071	0.0
2072	0.0
2073	0.0
2074	0.0
2075	0.0
2076	0.0
2077	0.0
2078	0.0
2079	0.0
208	0.0018
2080	0.0023
2081	0.0017
2082	0.0023
2083	0.0017
2084	0.0014
2085	0.0018
2086	3.0E-4
2087	3.0E-4
2088	3.0E-4
2089	3.0E-4
209	0.0047
2090	0.0014
2091	3.0E-4
2092	3.0E-4
2093	0.0013
2094	0.0013
2095	3.0E-4
2096	0.0014
2097	9.0E-4
2098	0.0054
2099	0.0011
21	0.0189
210	0.0039
2100	0.6171
2101	0.0039
2102	0.0
2103	0.1447
2104	0.0
2105	0.0
2106	0.0
2107	4.0E-4
2108	4.0E-4
2109	4.0E-4
211	0.128
2110	4.0E-4
2111	4.0E-4
2112	4.0E-4
2113	4.0E-4
2114	4.0E-4
2115	5.0E-4
2116	4.0E-4
2117	4.0E-4
2118	4.0E-4
2119	4.0E-4
212	0.7378
2120	4.0E-4
2121	4.0E-4
2122	4.0E-4
2123	4.0E-4
2124	4.0E-4
2125	0.004
2126	0.004
2127	0.0027
2128	0.0045
2129	0.0027
213	0.7441
2130	0.0027
2131	0.0027
2132	0.0017
2133	0.0017
2134	0.0017
2135	0.0017
2136	0.0017
2137	0.0055
2138	0.0055
2139	0.0064
214	0.7429
2140	0.0055
2141	0.0055
2142	0.0055
2143	0.0055
2144	0.4639
2145	0.5494
2146	0.4505
2147	0.4505
2148	0.4639
2149	5.0E-4
215	0.7321
2150	5.0E-4
2151	5.0E-4
2152	5.0E-4
2153	5.0E-4
2154	5.0E-4
2155	5.0E-4
2156	5.0E-4
2157	5.0E-4
2158	5.0E-4
2159	7.0E-4
216	0.7413
2160	7.0E-4
2161	7.0E-4
2162	7.0E-4
2163	7.0E-4
2164	7.0E-4
2165	7.0E-4
2166	7.0E-4
2167	5.0E-4
2168	5.0E-4
2169	5.0E-4
217	0.7428
2170	5.0E-4
2171	0.0122
2172	0.3244
2173	5.0E-4
2174	5.0E-4
2175	5.0E-4
2176	5.0E-4
2177	5.0E-4
2178	5.0E-4
2179	5.0E-4
218	0.4902
2180	5.0E-4
2181	5.0E-4
2182	5.0E-4
2183	5.0E-4
2184	5.0E-4
2185	5.0E-4
2186	5.0E-4
2187	5.0E-4
2188	5.0E-4
2189	5.0E-4
219	0.1343
2190	5.0E-4
2191	5.0E-4
2192	5.0E-4
2193	0.7979
2194	0.7813
2195	0.7813
2196	0.7979
2197	0.7979
2198	0.7477
2199	0.1712
22	0.0037
220	0.1424
2200	0.1712
2201	0.1712
2202	0.1712
2203	0.1712
2204	0.1712
2205	0.1712
2206	0.1712
2207	0.1712
2208	0.1712
2209	6.0E-4
221	0.0044
2210	0.0
2211	1.0E-4
2212	2.0E-4
2213	1.0E-4
2214	0.0
2215	1.0E-4
2216	0.0
2217	0.0
2218	0.0
2219	1.0E-4
222	0.0044
2220	0.0
2221	1.0E-4
2222	1.0E-4
2223	0.0
2224	0.0
2225	0.0
2226	0.0
2227	0.0
2228	0.0
2229	1.0E-4
223	2.0E-4
2230	1.0E-4
2231	0.0
2232	0.0
2233	0.0
2234	0.0
2235	1.0E-4
2236	2.0E-4
2237	1.0E-4
2238	1.0E-4
2239	1.0E-4
224	1.027
2240	1.0E-4
2241	1.0E-4
2242	1.0E-4
2243	1.0E-4
2244	1.0E-4
2245	1.0E-4
2246	0.0
2247	0.0
2248	0.0
2249	1.0E-4
225	0.0011
2250	0.0
2251	0.0
2252	0.0
2253	0.0
2254	0.0
2255	0.0
2256	0.0
2257	0.0
2258	2.0E-4
2259	0.0
226	0.0012
2260	1.0E-4
2261	1.0E-4
2262	1.0E-4
2263	1.0E-4
2264	0.0
2265	0.0
2266	0.0
2267	1.0E-4
2268	2.0E-4
2269	0.0
227	0.0011
2270	0.0
2271	0.0
2272	0.0
2273	0.0
2274	0.0
2275	1.0E-4
2276	1.0E-4
2277	1.0E-4
2278	1.0E-4
2279	1.0E-4
228	0.0011
2280	1.0E-4
2281	1.0E-4
2282	2.0E-4
2283	2.0E-4
2284	1.0E-4
2285	0.0
2286	0.0
2287	0.0
2288	0.0
2289	0.0
229	0.0017
2290	2.0E-4
2291	0.0
2292	0.0
2293	0.0
2294	1.0E-4
2295	1.0E-4
2296	1.0E-4
2297	1.0E-4
2298	0.0
2299	0.0
23	0.0411
230	0.0011
2300	0.0
2301	0.0
2302	0.0
2303	0.0
2304	0.0
2305	0.0
2306	0.0
2307	0.0
2308	0.0
2309	0.0
231	0.1344
2310	0.0
2311	0.0
2312	0.0
2313	0.0
2314	0.0
2315	0.0
2316	0.0
2317	0.0
2318	0.0
2319	0.0
232	0.1028
2320	0.0
2321	0.0
2322	0.0
2323	0.0
2324	0.0
2325	0.0
2326	0.0
2327	0.0
2328	0.0
2329	0.0
233	0.1028
2330	0.0
2331	0.0
2332	0.0
2333	0.0
2334	0.0
2335	0.0
2336	0.0
2337	0.0
2338	0.0
2339	0.0
234	0.1028
2340	0.0
2341	0.0
2342	0.0
2343	0.0
2344	0.0
2345	0.0
2346	0.0
2347	0.0
2348	0.0
2349	0.0
235	0.1628
2350	0.0
2351	0.0
2352	0.0
2353	0.0
2354	0.0
2355	0.0
2356	0.0
2357	0.0
2358	0.0
2359	0.0
236	0.1746
2360	0.0
2361	0.0
2362	6.0E-4
2363	0.1007
2364	0.0
2365	0.0
2366	0.0
2367	0.0
2368	0.0
2369	0.0
237	0.1028
2370	0.0
2371	0.0
2372	0.0
2373	0.0
2374	0.0
2375	0.0
2376	0.0
2377	0.0
2378	0.0
2379	0.0
238	0.1028
2380	0.0
2381	0.0
2382	0.0
2383	0.0
2384	0.0
2385	0.0
2386	0.0
2387	0.0
2388	0.0
2389	0.0
239	0.1028
2390	0.0
2391	0.0
2392	0.0
2393	0.0
2394	0.0
2395	0.0
2396	0.0
2397	0.0
2398	0.0
2399	0.0
24	0.0041
240	0.1683
2400	0.0
2401	0.0
2402	2.0E-4
2403	0.0
2404	0.0
2405	0.0
2406	0.0
2407	0.0
2408	0.0
2409	0.0
241	0.1068
2410	0.0
2411	0.0
2412	0.0
2413	0.0
2414	0.0
2415	0.0
2416	0.0
2417	1.0E-4
2418	1.0E-4
2419	1.0E-4
242	0.1552
2420	0.0
2421	0.0
2422	0.0
2423	0.0
2424	0.0
2425	0.0
2426	0.0
2427	0.0
2428	0.0
2429	0.0
243	0.1028
2430	0.0
2431	0.0
2432	0.0
2433	0.0
2434	0.0
2435	0.0
2436	0.0
2437	0.0
2438	0.0
2439	0.0
244	0.1535
2440	0.0
2441	0.0
2442	0.0
2443	0.0
2444	0.0
2445	0.0
2446	0.0
2447	0.0
2448	0.0
2449	0.0
245	0.1535
2450	0.0
2451	0.0
2452	0.0091
2453	0.0055
2454	0.0055
2455	0.0023
2456	0.0055
2457	0.0059
2458	0.0055
2459	0.0023
246	0.14
2460	0.0011
2461	0.0011
2462	0.0011
2463	0.0011
2464	0.0011
2465	0.0011
2466	0.0011
2467	0.0011
2468	0.0011
2469	0.0011
247	0.1028
2470	0.0011
2471	0.0011
2472	0.0011
2473	0.0011
2474	0.0011
2475	0.0011
2476	0.0011
2477	0.0011
2478	0.0011
2479	0.0011
248	0.2226
2480	0.0011
2481	0.0011
2482	0.0064
2483	0.0036
2484	0.0036
2485	0.0129
2486	0.0129
2487	0.0013
2488	0.0013
2489	0.0013
249	0.6528
2490	0.0013
2491	0.0013
2492	0.0013
2493	0.0013
2494	0.0013
2495	0.0013
2496	0.0013
2497	0.0013
2498	0.0013
2499	0.0013
25	0.0037
250	0.136
2500	0.0013
2501	0.0013
2502	0.0013
2503	0.0013
2504	0.0013
2505	0.0013
2506	0.0013
2507	0.0013
2508	0.0013
2509	0.0013
251	0.1422
2510	0.0
2511	0.0
2512	0.0
2513	0.0
2514	0.0
2515	0.0
2516	0.0
2517	0.0
2518	0.0
2519	0.0
252	0.3271
2520	0.0
2521	0.0
2522	0.0
2523	0.0
2524	0.0
2525	0.0
2526	0.0
2527	0.0
2528	0.0
2529	0.0
253	0.109
2530	0.0
2531	0.0
2532	0.0
2533	0.0
2534	0.0
2535	3.0E-4
2536	0.0977
2537	0.2136
2538	0.2136
2539	0.0977
254	0.1934
2540	3.0E-4
2541	3.0E-4
2542	3.0E-4
2543	3.0E-4
2544	1.0E-4
2545	1.0E-4
2546	1.0E-4
2547	3.0E-4
2548	3.0E-4
2549	3.0E-4
255	0.249
2550	3.0E-4
2551	1.0187
2552	1.0187
2553	1.0187
2554	1.0187
2555	1.0E-4
2556	1.0E-4
2557	1.0E-4
2558	1.0E-4
2559	1.0E-4
256	0.2303
2560	1.0E-4
2561	1.0E-4
2562	1.0E-4
2563	2.0E-4
2564	0.0
2565	0.0
2566	0.0
2567	0.0
2568	0.0
2569	0.0
257	0.2877
2570	0.0
2571	0.0
2572	0.0
2573	0.0
2574	0.0
2575	0.0
2576	0.0
2577	0.0
2578	0.0
2579	0.0
258	0.6608
2580	0.0
2581	0.0
2582	0.0
2583	0.0
2584	0.0
2585	0.0
2586	0.0
2587	0.0
2588	0.0012
2589	2.0E-4
259	0.6608
2590	2.0E-4
2591	2.0E-4
2592	2.0E-4
2593	2.0E-4
2594	2.0E-4
2595	2.0E-4
2596	2.0E-4
2597	2.0E-4
2598	8.0E-4
2599	0.0
26	0.647
260	0.6608
2600	0.0
2601	0.0
2602	0.0
2603	0.0
2604	0.0
2605	0.0
2606	0.0
2607	0.0
2608	0.0
2609	0.0
261	0.0609
2610	0.0
2611	0.0
2612	0.0
2613	0.0
2614	0.0
2615	0.0
2616	0.0
2617	0.0
2618	0.0
2619	0.0
262	0.0666
2620	0.0
2621	0.0
2622	0.0
2623	0.0
2624	0.0
2625	0.0
2626	0.0
2627	0.0
2628	0.0
2629	0.0
263	0.0632
2630	0.0
2631	0.0
2632	0.0
2633	0.0
2634	0.0
2635	0.0
2636	0.0
2637	0.0
2638	0.0
2639	0.0
264	0.0712
2640	0.0
2641	0.0
2642	0.0
2643	0.0
2644	0.0
2645	0.0
2646	0.0
2647	0.0
2648	0.0
2649	0.0
265	0.0645
2650	0.0
2651	0.0
2652	0.0
2653	0.0
2654	0.0
2655	0.0
2656	0.0
2657	0.0
2658	0.0
2659	0.0
266	0.0639
2660	0.0
2661	0.0
2662	0.0
2663	0.0
2664	0.0
2665	0.0
2666	0.0
2667	0.0
2668	0.0
2669	0.0
267	0.0687
2670	0.0
2671	1.0698
2672	1.0698
2673	1.0698
2674	1.0698
2675	1.0698
2676	1.0E-4
2677	0.0
2678	0.0
2679	0.0
268	0.0673
2680	0.0
2681	0.0
2682	0.0
2683	0.0
2684	0.0
2685	0.0
2686	0.0
2687	0.0
2688	0.0
2689	0.0
269	0.0632
2690	0.0
2691	0.0
2692	0.0
2693	0.0
2694	0.0
2695	0.0
2696	0.0
2697	0.0
2698	0.0
2699	0.0
27	8.5792
270	0.07
2700	0.0
2701	0.0
2702	0.0
2703	0.0
2704	0.0
2705	0.0
2706	0.0
2707	0.0
2708	0.0
2709	0.0
271	0.0592
2710	0.0
2711	0.0
2712	0.0
2713	0.0
2714	0.0
2715	0.0
2716	0.0
2717	0.0
2718	0.0
2719	0.0
272	0.0678
2720	0.0
2721	0.0
2722	0.0
2723	0.0
2724	0.0
2725	0.0
2726	0.0
2727	1.0E-4
2728	0.0
2729	0.0
273	0.0638
2730	0.0
2731	0.0
2732	0.0
2733	0.0
2734	0.0
2735	0.1264
2736	0.0
2737	0.0013
2738	0.0013
2739	0.0013
274	0.0598
2740	0.0013
2741	0.0013
2742	0.0013
2743	0.0013
2744	0.0013
2745	0.0013
2746	0.0013
2747	0.0013
2748	0.0
2749	0.0
275	0.066
2750	1.0E-4
2751	1.0E-4
2752	1.0E-4
2753	0.0091
2754	1.0E-4
2755	1.0E-4
2756	1.0E-4
2757	1.0E-4
2758	1.0E-4
2759	1.0E-4
276	0.0743
2760	1.0E-4
2761	1.0E-4
2762	1.0E-4
2763	0.0017
2764	0.0017
2765	0.0017
2766	0.0017
2767	0.0017
2768	0.0017
2769	0.0017
277	0.0647
2770	0.0017
2771	0.3172
2772	0.3172
2773	0.3172
2774	0.3172
2775	0.3172
2776	0.3172
2777	0.3172
2778	0.3172
2779	0.3172
278	0.0689
2780	0.3172
2781	0.3172
2782	0.3172
2783	0.0
2784	1.0E-4
2785	1.0E-4
2786	4.0E-4
2787	0.002
2788	0.002
2789	0.0
279	0.0636
2790	0.0
2791	0.0
2792	0.0
2793	0.0
2794	0.0
2795	0.0
2796	0.0
2797	1.0E-4
2798	8.0E-4
2799	0.0
28	6.5111
280	0.0915
2800	0.0
2801	0.0
2802	0.0
2803	0.0
2804	0.0
2805	0.0
2806	0.0
2807	0.0
2808	0.0
2809	0.0
281	0.0638
2810	0.0
2811	0.0
2812	0.0
2813	0.0
2814	0.0
2815	0.0
2816	0.0
2817	0.0
2818	0.0
2819	0.0
282	0.0656
2820	0.0
2821	0.0
2822	0.0
2823	0.0
2824	0.0
2825	0.0
2826	0.0
2827	0.0
2828	0.0
2829	0.0
283	0.0639
2830	0.0
2831	0.0
2832	0.0
2833	0.0
2834	0.0
2835	0.0
2836	0.0
2837	0.0
2838	0.0
2839	0.0
284	0.0646
2840	0.0
2841	0.0
2842	0.0
2843	0.0
2844	0.0
2845	0.0
2846	0.0
2847	0.0
2848	0.0
2849	0.0
285	0.064
2850	0.0
2851	0.0
2852	0.0
2853	0.0
2854	0.0
2855	0.0
2856	0.0
2857	0.0
2858	0.0
2859	0.0
286	0.0632
2860	0.0
2861	0.0
2862	0.0
2863	0.0
2864	0.0
2865	0.0
2866	0.0
2867	0.0
2868	0.0
2869	0.0
287	0.0632
2870	0.0
2871	0.0
2872	0.0
2873	0.0
2874	0.0
2875	0.0
2876	0.0
2877	0.0
2878	0.0
2879	0.0
288	0.0649
2880	0.0
2881	0.0
2882	0.0
2883	0.0
2884	0.0
2885	0.0
2886	0.0
2887	0.0
2888	0.0
2889	0.0
289	0.0639
2890	0.0
2891	0.0
2892	0.0
2893	0.0
2894	0.0
2895	0.0
2896	0.0
2897	0.0
2898	0.0
2899	0.0
29	6.6296
290	0.0642
2900	0.0
2901	0.0
2902	0.0
2903	0.0
2904	0.0
2905	0.0
2906	0.0
2907	0.0
2908	0.0
2909	0.0
291	0.0653
2910	0.0
2911	0.0
2912	0.0
2913	0.0
2914	0.0
2915	0.0
2916	0.0
2917	0.0
2918	0.0
2919	0.0
292	0.0651
2920	0.0
2921	0.0
2922	0.0
2923	0.0
2924	0.0
2925	0.0
2926	0.0
2927	0.0
2928	0.0
2929	0.0
293	0.0643
2930	0.0
2931	0.0
2932	0.0
2933	0.0
2934	0.0
2935	0.0
2936	0.0
2937	0.0
2938	0.0
2939	0.0
294	0.0885
2940	0.0
2941	0.0
2942	0.0
2943	0.0
2944	0.0
2945	0.0
2946	0.0
2947	0.0
2948	0.0
2949	0.0
295	0.0887
2950	0.0
2951	0.0
2952	0.0
2953	0.0
2954	0.0
2955	0.0
2956	0.0
2957	0.0
2958	0.0
2959	0.0
296	0.0883
2960	0.0
2961	0.0
2962	0.0
2963	0.0
2964	0.0
2965	0.0
2966	0.0
2967	0.0
2968	0.0
2969	0.0
297	0.0921
2970	0.0
2971	0.0
2972	0.0
2973	0.0
2974	0.0
2975	0.0
2976	0.0
2977	0.0
2978	0.0
2979	0.0
298	0.0923
2980	0.0
2981	0.0
2982	0.0
2983	0.005
2984	6.0E-4
2985	6.0E-4
2986	6.0E-4
2987	6.0E-4
2988	6.0E-4
2989	6.0E-4
299	0.0883
2990	7.0E-4
2991	4.0E-4
2992	4.0E-4
2993	4.0E-4
2994	2.0E-4
2995	4.0E-4
2996	5.0E-4
2997	4.0E-4
2998	2.0E-4
2999	1.0E-4
3	0.0067
30	1.7318
300	0.339
3000	1.0E-4
3001	1.0E-4
3002	1.0E-4
3003	1.0E-4
3004	1.0E-4
3005	1.0E-4
3006	1.0E-4
3007	1.0E-4
3008	1.0E-4
3009	1.0E-4
301	0.0883
3010	1.0E-4
3011	1.0E-4
3012	1.0E-4
3013	1.0E-4
3014	1.0E-4
3015	1.0E-4
3016	1.0E-4
3017	1.0E-4
3018	1.0E-4
3019	1.0E-4
302	0.2283
3020	1.0E-4
3021	1.0E-4
3022	1.0E-4
3023	1.0E-4
3024	1.0E-4
3025	1.0E-4
3026	5.0E-4
3027	5.0E-4
3028	3.0E-4
3029	3.0E-4
303	0.3018
3030	0.0011
3031	0.0011
3032	1.0E-4
3033	1.0E-4
3034	1.0E-4
3035	1.0E-4
3036	1.0E-4
3037	1.0E-4
3038	1.0E-4
3039	1.0E-4
304	0.004
3040	1.0E-4
3041	1.0E-4
3042	1.0E-4
3043	1.0E-4
3044	1.0E-4
3045	1.0E-4
3046	1.0E-4
3047	1.0E-4
3048	1.0E-4
3049	1.0E-4
305	0.0095
3050	1.0E-4
3051	1.0E-4
3052	1.0E-4
3053	1.0E-4
3054	1.0E-4
3055	0.0013
3056	0.001
3057	0.0013
3058	0.001
3059	2.0E-4
306	0.01
3060	2.0E-4
3061	2.0E-4
3062	2.0E-4
3063	2.0E-4
3064	2.0E-4
3065	8.0E-4
3066	8.0E-4
3067	2.0E-4
3068	5.0E-4
3069	2.0E-4
307	0.0107
3070	2.0E-4
3071	2.0E-4
3072	2.0E-4
3073	2.0E-4
3074	2.0E-4
3075	2.0E-4
3076	2.0E-4
3077	2.0E-4
3078	3.0E-4
3079	3.0E-4
308	0.0053
3080	3.0E-4
3081	3.0E-4
3082	3.0E-4
3083	3.0E-4
3084	3.0E-4
3085	3.0E-4
3086	3.0E-4
3087	3.0E-4
3088	0.367
3089	1.4421
309	0.5575
3090	0.1275
3091	0.1275
3092	0.1275
3093	0.1275
3094	0.1299
3095	0.2577
3096	0.1275
3097	0.1408
3098	0.226
3099	0.2108
31	0.9387
310	0.4681
3100	0.2108
3101	0.2108
3102	0.1413
3103	0.1413
3104	0.1565
3105	0.2108
3106	0.2108
3107	0.2151
3108	0.2108
3109	0.2651
311	0.4701
3110	0.2108
3111	0.7283
3112	0.1972
3113	0.1971
3114	0.0334
3115	0.0378
3116	0.0334
3117	0.0395
3118	0.0334
3119	0.1864
312	0.4922
3120	0.0364
3121	0.0
3122	0.0
3123	0.0
3124	0.0
3125	0.0
3126	0.0
3127	0.0
3128	0.0
3129	1.0063
313	0.4681
3130	4.0E-4
3131	4.0E-4
3132	4.0E-4
3133	3.0E-4
3134	3.0E-4
3135	3.0E-4
3136	3.0E-4
3137	3.0E-4
3138	3.0E-4
3139	0.0012
314	0.4681
3140	0.3169
3141	0.3169
3142	0.3169
3143	0.3169
3144	0.3169
3145	0.3169
3146	0.3169
3147	0.3169
3148	0.3169
3149	0.3169
315	0.4681
3150	0.3169
3151	0.3169
3152	5.0E-4
3153	2.0E-4
3154	2.0E-4
3155	2.0E-4
3156	0.0022
3157	5.0E-4
3158	3.0E-4
3159	4.0E-4
316	0.4681
3160	3.0E-4
3161	4.0E-4
3162	3.0E-4
3163	0.0918
3164	0.0126
3165	3.0E-4
3166	3.0E-4
3167	0.0011
3168	0.0011
3169	0.0027
317	0.4681
3170	0.0813
3171	0.0825
3172	0.0825
3173	0.0813
3174	2.0E-4
3175	2.0E-4
3176	2.0E-4
3177	0.0117
3178	0.0117
3179	0.0117
318	0.4681
3180	0.0152
3181	0.142
3182	2.3997
3183	0.0171
3184	1.4355
3185	0.0117
3186	4.0196
3187	0.0166
3188	2.3994
3189	0.3797
319	0.4681
3190	0.3797
3191	0.0154
3192	0.0117
3193	0.0117
3194	0.0117
3195	0.0117
3196	0.2321
3197	0.0
3198	0.0
3199	0.0
32	1.5783
320	0.5662
3200	0.0
3201	0.0
3202	0.0
3203	0.0
3204	0.0
3205	0.0
3206	0.0
3207	0.0
3208	0.0
3209	0.0
321	0.0533
3210	0.0
3211	0.0
3212	0.0
3213	0.0
3214	0.0
3215	0.0
3216	0.0
3217	0.0
3218	0.0
3219	0.0
322	0.0536
3220	8.9127
3221	6.8459
3222	2.0334
3223	4.7799
3224	7.5343
3225	3.6334
3226	6.1567
3227	11.9013
3228	5.4682
3229	3.1754
323	0.0536
3230	0.0
3231	0.0
3232	0.0
3233	1.0E-4
3234	1.0E-4
3235	1.0E-4
3236	0.0
3237	0.0
3238	1.0E-4
3239	1.0E-4
324	0.0157
3240	1.0E-4
3241	0.0
3242	0.0
3243	0.0
3244	0.0
3245	0.0
3246	0.0
3247	0.0
3248	0.0
3249	0.0
325	0.0154
3250	0.0
3251	0.0
3252	0.0
3253	0.0
3254	0.0
3255	0.0
3256	0.0
3257	0.0
3258	0.0
3259	0.0
326	0.0154
3260	0.0
3261	0.0
3262	0.0
3263	0.0
3264	0.0
3265	0.0
3266	0.0
3267	0.0
3268	0.0
3269	0.0
327	0.0154
3270	0.0
3271	0.0
3272	0.0
3273	0.0
3274	3.6371
3275	0.0
3276	0.0
3277	0.0
3278	0.0
3279	0.0
328	0.0154
3280	0.0
3281	0.0
3282	0.0
3283	0.0
3284	0.0
3285	0.0
3286	0.0
3287	0.0
3288	0.0
3289	0.0
329	0.0154
3290	0.0
3291	0.0
3292	0.0
3293	0.0
3294	0.0
3295	0.0
3296	0.0
3297	0.0
3298	0.0
3299	0.0
33	1.945
330	0.0154
3300	0.0015
3301	0.0015
3302	0.0015
3303	5.0E-4
3304	5.0E-4
3305	5.0E-4
3306	5.0E-4
3307	5.0E-4
3308	5.0E-4
3309	5.0E-4
331	0.0466
3310	5.0E-4
3311	5.0E-4
3312	5.0E-4
3313	4.0E-4
3314	4.0E-4
3315	4.0E-4
3316	4.0E-4
3317	4.0E-4
3318	4.0E-4
3319	4.0E-4
332	0.0541
3320	4.0E-4
3321	4.0E-4
3322	0.0132
3323	0.0132
3324	0.0132
3325	0.0132
3326	0.0132
3327	0.0132
3328	0.0132
3329	0.0
333	0.004
3330	0.0
3331	0.0
3332	0.0
3333	0.0
3334	0.0
3335	0.0
3336	0.0
3337	0.0
3338	0.0
3339	0.0
334	0.0903
3340	0.0
3341	0.0
3342	0.0
3343	0.0
3344	0.0
3345	0.0
3346	0.0
3347	0.0
3348	0.0
3349	0.0
335	0.0903
3350	0.0
3351	1.0E-4
3352	1.0E-4
3353	1.0E-4
3354	1.0E-4
3355	1.0E-4
3356	0.0
3357	0.0
3358	0.0
3359	0.0
336	0.0903
3360	0.0
3361	0.0
3362	0.0
3363	0.0
3364	0.0
3365	0.0
3366	0.0
3367	0.0
3368	0.0
3369	0.0
337	0.35
3370	0.0
3371	0.0
3372	0.0
3373	0.0
3374	0.0
3375	0.0
3376	0.0
3377	0.0
3378	0.0
3379	0.0
338	0.35
3380	0.0
3381	0.0
3382	0.0
3383	0.0
3384	0.0
3385	0.0
3386	0.0
3387	0.0
3388	0.0
3389	0.0
339	0.35
3390	0.0
3391	0.0
3392	0.0
3393	0.0
3394	0.0
3395	0.0
3396	0.0
3397	0.0
3398	0.0
3399	0.0
34	0.9683
340	0.0011
3400	0.0
3401	0.0
3402	0.0
3403	0.0
3404	0.0
3405	0.0
3406	0.0
3407	0.0
3408	0.0
3409	0.0
341	0.0056
3410	0.0
3411	0.0
3412	0.0
3413	0.0
3414	0.0
3415	0.0
3416	0.0
3417	0.0
3418	0.0
3419	0.0
342	2.0E-4
3420	0.0
3421	0.0
3422	0.0
3423	0.0
3424	0.0
3425	0.0
3426	0.0
3427	0.0
3428	0.0
3429	0.0
343	2.0E-4
3430	0.0
3431	0.0
3432	0.0
3433	0.0
3434	0.0
3435	0.0
3436	0.0
3437	0.0
3438	0.0
3439	0.0
344	0.0036
3440	0.0
3441	0.0
3442	0.0
3443	0.0
3444	0.0
3445	0.0
3446	0.0
3447	0.0
3448	0.0
3449	0.0
345	2.0E-4
3450	0.0
3451	0.0
3452	0.0
3453	0.0
3454	0.0
3455	0.0
3456	0.0
3457	0.0
3458	0.0
3459	0.0
346	2.0E-4
3460	0.0
3461	0.0
3462	0.0
3463	0.0
3464	0.0
3465	0.0
3466	0.0
3467	0.0
3468	0.0
3469	0.0
347	2.0E-4
3470	0.0
3471	0.0
3472	0.0
3473	0.0
3474	0.0
3475	0.0
3476	0.0
3477	0.0
3478	0.0
3479	1.0698
348	4.0E-4
3480	1.0698
3481	1.0698
3482	1.0698
3483	1.0698
3484	1.0698
3485	1.0698
3486	1.0698
3487	1.0698
3488	1.0698
3489	0.0
349	2.0E-4
3490	0.0
3491	0.0
3492	0.0
3493	0.0
3494	0.0
3495	0.0
3496	0.0
3497	0.0
3498	0.0
3499	0.0
35	1.1097
350	2.0E-4
3500	0.0
3501	0.0
3502	0.0
3503	0.0
3504	0.0
3505	0.0
3506	0.0
3507	0.0
3508	0.0
3509	0.0
351	2.0E-4
3510	0.0
3511	0.0049
3512	0.0368
3513	1.0E-4
3514	1.0154
3515	5.0E-4
3516	5.0E-4
3517	1.0E-4
3518	1.0E-4
3519	1.0E-4
352	2.0E-4
3520	0.0
3521	0.0
3522	0.0
3523	0.0
3524	0.0
3525	0.0
3526	0.0
3527	0.0
3528	0.0
3529	0.0
353	2.0E-4
3530	0.0
3531	0.0
3532	1.0E-4
3533	0.0
3534	1.0E-4
3535	0.0
3536	0.0
3537	0.0
3538	0.0
3539	0.0
354	2.0E-4
3540	0.0
3541	0.0
3542	0.0
3543	0.0
3544	0.0
3545	0.0
3546	0.0
3547	0.0
3548	0.0
3549	0.0
355	2.0E-4
3550	0.0
3551	0.0
3552	0.0
3553	0.0
3554	0.0
3555	0.0
3556	0.0
3557	0.0
3558	0.0
3559	0.0
356	1.1274
3560	0.0
3561	0.0
3562	0.0
3563	0.0
3564	0.0
3565	0.0
3566	0.0
3567	0.0
3568	0.0
3569	0.0
357	1.0269
3570	0.0
3571	0.0
3572	0.0
3573	0.0
3574	0.0
3575	0.0
3576	0.0
3577	0.0
3578	0.0
3579	0.0
358	0.2533
3580	0.0
3581	0.0
3582	0.0
3583	7.0E-4
3584	0.5995
3585	0.6916
3586	0.9093
3587	0.6916
3588	0.0155
3589	0.0155
359	0.3839
3590	0.0207
3591	0.0277
3592	0.0277
3593	0.0277
3594	0.0348
3595	0.0348
3596	0.0348
3597	0.0221
3598	0.0348
3599	0.0348
36	2.5321
360	0.2533
3600	0.5332
3601	0.0232
3602	0.1495
3603	0.0324
3604	0.0333
3605	0.1134
3606	0.1134
3607	0.007
3608	0.0172
3609	0.007
361	0.2533
3610	0.0172
3611	0.0105
3612	0.0105
3613	0.0711
3614	0.0172
3615	0.0578
3616	0.0756
3617	0.0142
3618	0.0142
3619	0.0142
362	1.087
3620	0.0142
3621	0.0142
3622	0.0142
3623	0.0142
3624	0.032
3625	0.0142
3626	0.0284
3627	0.0178
3628	0.0178
3629	0.0178
363	0.0068
3630	0.0178
3631	0.0178
3632	0.0178
3633	0.0178
3634	0.0227
3635	0.0227
3636	0.0227
3637	0.0359
3638	0.0081
3639	0.0081
364	0.0068
3640	0.0081
3641	0.0081
3642	0.0081
3643	2.1655
3644	2.1655
3645	2.0304
3646	2.0304
3647	2.0304
3648	2.0304
3649	0.0039
365	0.0108
3650	0.0039
3651	0.0039
3652	0.0039
3653	0.0039
3654	0.0039
3655	0.0039
3656	0.0039
3657	0.0039
3658	0.0039
3659	0.0149
366	0.0068
3660	0.0072
3661	0.0072
3662	0.0072
3663	0.0072
3664	0.3542
3665	0.0
3666	0.0
3667	0.0
3668	0.0
3669	0.0
367	0.0068
3670	0.0
3671	0.0
3672	0.0
3673	0.0
3674	0.0
3675	0.0
3676	0.0
3677	0.0
3678	0.0
3679	0.0
368	0.0068
3680	0.0
3681	0.0
3682	0.0
3683	0.0
3684	0.0
3685	0.0
3686	0.0
3687	0.0
3688	0.0
3689	0.0
369	0.7151
3690	0.0
3691	0.0
3692	0.0
3693	0.0
3694	0.0
3695	0.0
3696	0.0
3697	0.0
3698	0.0
3699	0.0
37	11.9977
370	2.0E-4
3700	0.0
3701	0.0
3702	0.0363
3703	2.0E-4
3704	4.0E-4
3705	0.0017
3706	9.0E-4
3707	4.0E-4
3708	4.0E-4
3709	2.0E-4
371	4.0E-4
3710	2.0E-4
3711	4.0E-4
3712	2.0E-4
3713	3.0E-4
3714	3.0E-4
3715	3.0E-4
3716	1.0E-4
3717	1.0E-4
3718	1.0E-4
3719	1.0E-4
372	2.0E-4
3720	1.0E-4
3721	1.0E-4
3722	1.0E-4
3723	1.0E-4
3724	1.0E-4
3725	1.0E-4
3726	2.0E-4
3727	2.0E-4
3728	2.0E-4
3729	1.1838
373	2.0E-4
3730	1.0E-4
3731	1.0E-4
3732	1.0E-4
3733	0.0193
3734	0.0826
3735	0.0206
3736	0.0193
3737	0.0013
3738	0.0042
3739	0.0048
374	2.0E-4
3740	0.0107
3741	0.0027
3742	1.6913
3743	0.0013
3744	0.0013
3745	0.0013
3746	0.0013
3747	0.0013
3748	5.0E-4
3749	7.0E-4
375	2.0E-4
3750	5.0E-4
3751	0.0022
3752	0.0022
3753	0.0022
3754	0.0022
3755	0.0022
3756	0.0022
3757	0.0022
3758	0.0022
3759	0.0074
376	2.0E-4
3760	0.0074
3761	0.0074
3762	0.0406
3763	0.0406
3764	0.0406
3765	0.0406
3766	1.3741
3767	1.3741
3768	0.0036
3769	0.0036
377	2.0E-4
3770	0.0036
3771	0.0036
3772	0.0036
3773	1.4281
3774	1.4281
3775	1.4281
3776	1.4281
3777	0.0049
3778	0.0049
3779	0.0049
378	2.0E-4
3780	0.0049
3781	0.8985
3782	1.2034
3783	0.8985
3784	0.8985
3785	0.8985
3786	0.8985
3787	0.0038
3788	0.0045
3789	1.2495
379	2.0E-4
3790	1.2495
3791	1.2495
3792	0.153
3793	0.153
3794	0.153
3795	0.153
3796	0.153
3797	0.153
3798	0.153
3799	0.153
38	11.0595
380	2.0E-4
3800	0.0
3801	0.0
3802	0.0
3803	0.0
3804	0.0
3805	0.0
3806	0.0
3807	0.0
3808	3.6371
3809	0.0
381	2.0E-4
3810	0.0
3811	0.0
3812	0.0
3813	0.0
3814	0.0
3815	0.0
3816	0.0
3817	0.0
3818	0.0
3819	0.0
382	0.0083
3820	0.0
3821	0.0
3822	0.0
3823	0.0
3824	0.0
3825	0.0
3826	0.0
3827	0.0
3828	0.0
3829	0.0
383	0.0083
3830	0.0
3831	0.0
3832	0.0
3833	0.0
3834	10.396
3835	4.9733
3836	1.9455
3837	0.8322
3838	0.5114
3839	0.4158
384	0.0158
3840	0.3874
3841	0.3785
3842	0.376
3843	0.3752
3844	0.3749
3845	0.3748
3846	0.3748
3847	0.3748
3848	0.3748
3849	0.3748
385	0.0158
3850	0.3748
3851	0.3748
3852	0.3748
3853	0.3748
3854	0.3748
3855	0.3748
3856	0.3748
3857	0.3748
3858	0.3748
3859	0.3748
386	0.0158
3860	0.3748
3861	0.3748
3862	0.3748
3863	0.3748
3864	0.3749
3865	0.3751
3866	0.3758
3867	0.378
3868	0.3861
3869	0.4151
387	0.0351
3870	0.5286
3871	1.0125
3872	2.7512
3873	7.9321
3874	0.218
3875	8.0306
3876	3.91
3877	1.5843
3878	0.7236
3879	0.4754
388	0.0094
3880	0.4013
3881	0.3792
3882	0.3724
3883	0.3704
3884	0.3697
3885	0.3695
3886	0.3695
3887	0.3695
3888	0.3694
3889	0.3694
389	0.0212
3890	0.3694
3891	0.3694
3892	0.3694
3893	0.3694
3894	0.3694
3895	0.3695
3896	0.3695
3897	0.3697
3898	0.3702
3899	0.372
39	2.869
390	3.0E-4
3900	0.3782
3901	0.4007
3902	0.4886
3903	0.8631
3904	2.1948
3905	6.1352
3906	0.2147
3907	2.5039
3908	1.3978
3909	0.7073
391	0.0046
3910	0.4374
3911	0.3608
3912	0.3443
3913	0.3652
3914	0.4817
3915	0.8665
3916	1.9333
3917	0.1869
3918	5.6639
3919	2.8424
392	3.0E-4
3920	1.2186
3921	0.6107
3922	0.435
3923	0.3826
3924	0.3669
3925	0.362
3926	0.3606
3927	0.3601
3928	0.36
3929	0.36
393	3.0E-4
3930	0.36
3931	0.3601
3932	0.3605
3933	0.3617
3934	0.3662
3935	0.3821
3936	0.4444
3937	0.7095
3938	1.6346
3939	4.3368
394	3.0E-4
3940	0.2089
3941	8.8186
3942	4.2645
3943	1.7049
3944	0.7601
3945	0.4877
3946	0.4064
3947	0.3822
3948	0.3747
3949	0.3725
395	3.0E-4
3950	0.3718
3951	0.3716
3952	0.3715
3953	0.3715
3954	0.3715
3955	0.3715
3956	0.3715
3957	0.3715
3958	0.3715
3959	0.3715
396	3.0E-4
3960	0.3715
3961	0.3715
3962	0.3715
3963	0.3715
3964	0.3715
3965	0.3716
3966	0.3718
3967	0.3723
3968	0.3743
3969	0.3811
397	3.0E-4
3970	0.4058
3971	0.5022
3972	0.9132
3973	2.3805
3974	6.7338
3975	0.216
3976	4.3481
3977	2.2456
3978	1.0113
3979	0.5439
398	3.0E-4
3980	0.4086
3981	0.3681
3982	0.356
3983	0.3523
3984	0.3512
3985	0.3512
3986	0.3521
3987	0.3555
3988	0.3678
3989	0.4158
399	4.0E-4
3990	0.62
3991	1.3196
3992	3.3365
3993	0.2032
3994	7.2416
3995	3.5546
3996	1.463
3997	0.6866
3998	0.4625
3999	0.3956
4	0.0037
40	3.8872
400	3.0E-4
4000	0.3757
4001	0.3695
4002	0.3677
4003	0.3672
4004	0.367
4005	0.3669
4006	0.3669
4007	0.3669
4008	0.3669
4009	0.3669
401	3.0E-4
4010	0.3669
4011	0.3669
4012	0.367
4013	0.3671
4014	0.3676
4015	0.3692
4016	0.3748
4017	0.3951
4018	0.4745
4019	0.8125
402	3.0E-4
4020	2.0086
4021	5.5357
4022	0.2132
4023	13.8147
4024	6.5076
4025	2.4645
4026	0.9861
4027	0.5605
4028	0.4338
4029	0.396
403	3.0E-4
4030	0.3844
4031	0.381
4032	0.3799
4033	0.3796
4034	0.3795
4035	0.3795
4036	0.3795
4037	0.3795
4038	0.3795
4039	0.3795
404	3.0E-4
4040	0.3795
4041	0.3795
4042	0.3795
4043	0.3795
4044	0.3795
4045	0.3795
4046	0.3795
4047	0.3795
4048	0.3795
4049	0.3795
405	3.0E-4
4050	0.3795
4051	0.3795
4052	0.3795
4053	0.3795
4054	0.3795
4055	0.3795
4056	0.3795
4057	0.3795
4058	0.3795
4059	0.3795
406	3.0E-4
4060	0.3795
4061	0.3795
4062	0.3795
4063	0.3795
4064	0.3795
4065	0.3795
4066	0.3796
4067	0.3798
4068	0.3807
4069	0.3837
407	3.0E-4
4070	0.3944
4071	0.4329
4072	0.5834
4073	1.2252
4074	3.5523
4075	10.5286
4076	0.2209
4077	6.4529
4078	3.1989
4079	1.3412
408	3.0E-4
4080	0.649
4081	0.4492
4082	0.3895
4083	0.3717
4084	0.3662
4085	0.3646
4086	0.3641
4087	0.3639
4088	0.3639
4089	0.3638
409	0.0103
4090	0.3638
4091	0.3638
4092	0.3639
4093	0.364
4094	0.3644
4095	0.3658
4096	0.3709
4097	0.3891
4098	0.4599
4099	0.7614
41	2.8037
410	0.0103
4100	1.822
4101	4.9364
4102	0.2113
4103	3.8216
4104	2.0055
4105	0.9268
4106	0.5156
4107	0.3965
4108	0.3608
4109	0.3502
411	0.0103
4110	0.3471
4111	0.347
4112	0.3497
4113	0.3605
4114	0.4028
4115	0.5826
4116	1.1922
4117	2.9361
4118	0.1999
4119	0.0
412	0.0103
4120	0.0
4121	1.0E-4
4122	0.0
4123	0.0
4124	0.0
4125	0.0
4126	0.0
4127	0.0
4128	0.0
4129	0.0
413	0.0103
4130	0.0
4131	0.0
4132	0.0
4133	0.0
4134	0.0
4135	0.0
4136	0.0
4137	0.0
4138	0.0
4139	4.3647
414	0.0103
4140	2.2739
4141	1.059
4142	0.6017
4143	0.4709
4144	0.4322
4145	0.4208
4146	0.4176
4147	0.4175
4148	0.4204
4149	0.4323
415	0.0074
4150	0.4794
4151	0.6823
4152	1.3749
4153	3.3753
4154	0.0
4155	0.0
4156	0.0
4157	0.0
4158	0.0
4159	0.0
416	0.0409
4160	0.0
4161	0.0
4162	0.0
4163	0.0
4164	0.0
4165	0.0
4166	0.0
4167	0.0
4168	0.0
4169	0.0
417	2.0E-4
4170	0.0
4171	0.0
4172	0.0
4173	0.0
4174	0.0
4175	0.0
4176	0.0
4177	0.0
4178	0.0
4179	0.0
418	2.0E-4
4180	0.0
4181	0.0
4182	0.0
4183	0.0
4184	0.0
4185	0.0
4186	0.0
4187	0.0
4188	0.0
4189	0.0
419	2.0E-4
4190	0.0
4191	0.0
4192	0.0
4193	0.0
4194	0.0
4195	0.0
4196	0.0
4197	0.0
4198	0.0
4199	0.0
42	3.6218
420	2.0E-4
4200	0.0
4201	0.0
4202	0.0
4203	0.0
4204	0.0
4205	0.0
4206	0.0
4207	0.0
4208	0.0
4209	0.0
421	2.0E-4
4210	0.0
4211	0.0
4212	0.0
4213	0.0
4214	0.0
4215	0.0
4216	0.0
4217	0.0
4218	0.0
4219	0.0
422	2.0E-4
4220	0.0
4221	0.0
4222	0.0
4223	0.0
4224	0.0
4225	0.0
4226	0.0
4227	0.0
4228	0.0
4229	0.0
423	2.0E-4
4230	0.0
4231	0.0
4232	0.0
4233	0.0
4234	0.0
4235	0.0
4236	0.0
4237	0.0
4238	0.0
4239	0.0
424	2.0E-4
4240	0.0
4241	0.0
4242	0.0
4243	0.0
4244	0.0
4245	0.0
4246	0.0
4247	0.0
4248	0.0
4249	0.0
425	0.6506
4250	0.0
4251	0.0
4252	0.0
4253	0.0
4254	0.0
4255	0.0
4256	0.0
4257	0.0
4258	0.0
4259	0.0
426	0.1927
4260	0.0
4261	0.0
4262	0.0
4263	0.0
4264	0.0
4265	0.0
4266	0.0
4267	0.0
4268	0.0
4269	0.0
427	0.1107
4270	0.0
4271	0.0
4272	0.0
4273	0.0
4274	0.0
4275	0.0
4276	0.0
4277	0.0
4278	0.0
4279	0.0
428	0.017
4280	0.0
4281	0.0
4282	0.0
4283	0.0
4284	0.0
4285	0.0
4286	0.0
4287	0.0
4288	0.0
4289	0.0
429	0.2225
4290	0.0
4291	0.0
4292	0.0
4293	0.0
4294	0.0
4295	0.0
4296	0.0
4297	0.0
4298	0.0
4299	0.0
43	9.1124
430	0.4409
4300	0.0
4301	0.0
4302	0.0
4303	0.0
4304	0.0
4305	0.0
4306	0.0
4307	0.0
4308	0.0
4309	0.0
431	0.0062
4310	0.0
4311	0.0
4312	0.0
4313	0.0
4314	0.0
4315	0.0
4316	0.0
4317	0.0
4318	0.0
4319	0.0
432	4.0E-4
4320	0.0
4321	0.0
4322	0.0
4323	0.0
4324	0.0
4325	0.0
4326	0.0
4327	0.0
4328	0.0
4329	0.0
433	0.0066
4330	0.0
4331	0.0
4332	0.0
4333	0.0
4334	0.0
4335	0.0
4336	0.0
4337	0.0
4338	0.0
4339	0.0
434	0.0066
4340	0.0
4341	0.0
4342	0.0
4343	0.0
4344	0.0
4345	0.0
4346	0.0
4347	0.0
4348	0.0
4349	0.0
435	0.0062
4350	0.0
4351	0.0
4352	0.0
4353	0.0
4354	0.0
4355	0.0
4356	0.0
4357	0.0
4358	0.0
4359	0.0
436	0.0062
4360	0.0
4361	0.0
4362	0.0
4363	0.0
4364	0.0
4365	0.0
4366	0.0
4367	0.0
4368	0.0
4369	0.0
437	0.0062
4370	0.0
4371	0.0
4372	0.0
4373	0.0
4374	0.0
4375	0.0
4376	0.0
4377	0.0
4378	0.0
4379	0.0
438	0.0062
4380	0.0
4381	0.0
4382	0.0
4383	0.0
4384	0.0
4385	0.0
4386	0.0
4387	0.0
4388	0.0
4389	0.0
439	0.0062
4390	0.0
4391	0.0
4392	0.0
4393	0.0
4394	0.0
4395	0.0
4396	0.0
4397	0.0
4398	0.0
4399	0.0
44	2.3484
440	0.0062
4400	0.0
4401	0.0
4402	0.0
4403	0.0
4404	0.0
4405	0.0
4406	0.0
4407	0.0
4408	0.0
4409	0.0
441	0.0011
4410	0.0
4411	0.0
4412	0.0
4413	0.0
4414	0.0
4415	0.0
4416	0.0
4417	0.0
4418	0.0
4419	0.0
442	0.0013
4420	0.0
4421	0.0
4422	0.0
4423	0.0
4424	0.0
4425	0.0
4426	0.0
4427	0.0
4428	0.0
4429	0.0
443	0.0013
4430	0.0
4431	0.0
4432	0.0
4433	0.0
4434	0.0
4435	0.0
4436	1.0E-4
4437	1.0E-4
4438	0.0
4439	1.0E-4
444	0.0013
4440	1.0E-4
4441	1.0E-4
4442	1.0E-4
4443	0.0
4444	0.0
4445	0.0
4446	1.0E-4
4447	1.0E-4
4448	0.0
4449	0.0
445	0.0089
4450	0.0
4451	0.0
4452	0.0
4453	0.0
4454	0.0
4455	0.0
4456	0.0
4457	0.0
4458	3.6371
4459	0.0
446	0.009
4460	0.0
4461	0.0
4462	0.0
4463	0.0
4464	0.0
4465	0.0
4466	0.0
4467	0.0
4468	0.0
4469	0.0
447	0.0089
4470	0.0
4471	0.0
4472	0.0
4473	0.0
4474	0.0
4475	0.0
4476	0.0
4477	0.0
4478	0.0
4479	0.0
448	0.0158
4480	0.0
4481	0.0
4482	0.0
4483	0.0
4484	0.3552
4485	2.0157
4486	0.0
4487	0.0
4488	0.0
4489	0.0
449	0.01
4490	0.0
4491	0.0
4492	0.0
4493	0.0
4494	0.0
4495	0.0
4496	0.0
4497	0.0
4498	0.0
4499	0.0
45	1.3072
450	0.0063
4500	0.0
4501	0.0
4502	0.0
4503	0.0
4504	0.0
4505	0.0
4506	0.0
4507	0.0
4508	0.0
4509	0.0
451	0.006
4510	0.0
4511	0.0
4512	0.0
4513	0.0
4514	0.0
4515	0.0
4516	0.0
4517	0.0
4518	0.0
4519	0.0
452	0.0045
4520	0.0
4521	0.0
4522	0.0
4523	0.0
4524	0.0
4525	0.0
4526	0.0
4527	0.0
4528	0.0
4529	0.0
453	0.0042
4530	0.0
4531	0.0
4532	0.0
4533	0.0
4534	0.0
4535	0.0
4536	0.0
4537	0.0
4538	0.0
4539	0.0
454	0.0042
4540	0.0
4541	0.0
4542	0.0
4543	0.0
4544	0.0
4545	0.0
4546	0.0
4547	0.0
4548	0.0
4549	0.0
455	0.0042
4550	0.0
4551	0.0
4552	0.0
4553	0.0
4554	0.0
4555	0.0
4556	0.0
4557	0.0
4558	0.0
4559	0.0
456	0.0042
4560	0.0
4561	0.0
4562	0.0
4563	0.0
4564	0.0
4565	0.0
4566	0.0
4567	0.0
4568	0.0
4569	0.0
457	0.0468
4570	0.0
4571	0.0
4572	0.0
4573	0.0
4574	0.0
4575	0.0
4576	0.0
4577	0.0
4578	0.0
4579	0.0
458	0.0468
4580	0.0
4581	0.0
4582	0.0
4583	0.0
4584	0.0
4585	0.0
4586	0.0
4587	0.0
4588	0.0
4589	0.0
459	0.0468
4590	0.0
4591	0.0
4592	0.0
4593	0.0
4594	0.0
4595	0.0
4596	0.0
4597	0.0
4598	0.0
4599	0.0
46	2.4489
460	0.0435
4600	0.0
4601	0.0
4602	0.0
4603	0.0
4604	0.0
4605	0.0
4606	0.0
4607	0.0
4608	0.0
4609	0.0
461	0.0468
4610	0.0
4611	0.0
4612	0.0
4613	0.0
4614	0.0
4615	0.0
4616	0.0
4617	0.0
4618	0.0
4619	0.0
462	0.047
4620	0.0
4621	0.0
4622	0.0
4623	0.0
4624	0.0
4625	0.0
4626	0.0
4627	0.0
4628	0.0
4629	0.0
463	0.047
4630	0.0
4631	0.0
4632	0.0
4633	0.0
4634	0.0
4635	0.0
4636	0.0
4637	0.0
4638	0.0
4639	0.0
464	0.047
4640	0.0
4641	0.0
4642	0.0
4643	0.0
4644	0.0
4645	0.0
4646	0.0
4647	0.0
4648	0.0
4649	0.0
465	0.0468
4650	0.0
4651	0.0
4652	0.0
4653	0.0
4654	0.0
4655	0.0
4656	0.0
4657	0.0
4658	0.0
4659	0.0
466	0.0468
4660	0.0
4661	0.0
4662	0.0
4663	0.0
4664	0.0
4665	0.0
4666	0.0
4667	0.0
4668	0.0
4669	0.0
467	0.0504
4670	0.0
4671	0.0
4672	0.0
4673	0.0
4674	0.0
4675	0.0
4676	0.0
4677	0.0
4678	0.0
4679	0.0
468	0.0504
4680	0.0
4681	0.0
4682	0.0
4683	0.0
4684	0.0
4685	0.0
4686	0.0
4687	0.0
4688	0.0
4689	0.0
469	0.0138
4690	0.0
4691	0.0
4692	0.0
4693	0.0
4694	0.0
4695	0.0
4696	0.0
4697	0.0
4698	0.0
4699	0.0
47	0.6473
470	0.0139
4700	0.0
4701	0.0
4702	0.0
4703	0.0
4704	0.0
4705	0.0
4706	0.0
4707	0.0
4708	0.0
4709	0.0
471	0.0139
4710	0.0
4711	0.0
4712	0.0
4713	0.0
4714	0.0
4715	0.0
4716	0.0
4717	0.0
4718	0.0
4719	0.0
472	0.0139
4720	0.0
4721	0.0
4722	0.0
4723	0.0
4724	0.0
4725	0.0
4726	0.0
4727	0.0
4728	0.0
4729	0.0
473	0.0126
4730	0.0
4731	0.0
4732	0.0
4733	0.0
4734	0.0
4735	0.0
4736	0.0
4737	0.0
4738	0.0
4739	0.0
474	0.0029
4740	0.0
4741	0.0
4742	0.0
4743	0.0
4744	0.0
4745	0.0
4746	0.0
4747	0.0
4748	0.0
4749	0.0
475	0.0013
4750	0.0
4751	0.0
4752	0.0
4753	0.0
4754	0.0
4755	0.0
4756	0.0
4757	0.0
4758	0.0
4759	0.0
476	0.0013
4760	0.0
4761	0.0
4762	0.0
4763	0.0
4764	0.0
4765	0.0
4766	0.0
4767	0.0
4768	0.0
4769	0.0
477	0.0013
4770	0.0
4771	0.0
4772	0.0
4773	0.0
4774	0.1027
4775	0.0921
4776	0.3719
4777	0.3719
4778	0.0649
4779	0.0649
478	0.0013
4780	0.0649
4781	0.0543
4782	0.0543
4783	0.0543
4784	0.0586
4785	0.0696
4786	0.0696
4787	0.0718
4788	0.0718
4789	0.0543
479	0.0768
4790	0.0597
4791	0.0543
4792	0.0597
4793	0.0013
4794	0.0012
4795	0.0012
4796	0.0012
4797	0.0012
4798	0.0012
4799	0.0036
48	1.5048
480	0.1074
4800	0.0012
4801	0.0025
4802	0.0043
4803	0.0043
4804	0.0043
4805	0.0374
4806	0.9729
4807	0.0187
4808	0.0187
4809	0.0374
481	0.0764
4810	2.774
4811	0.025
4812	0.1086
4813	0.0035
4814	0.004
4815	0.1806
4816	0.0102
4817	0.0102
4818	0.0102
4819	1.1979
482	0.0035
4820	0.0102
4821	0.0026
4822	0.0026
4823	0.0026
4824	0.0026
4825	0.0026
4826	0.0026
4827	0.0026
4828	0.013
4829	0.013
483	0.0034
4830	0.0056
4831	0.0038
4832	0.0038
4833	0.0202
4834	0.0202
4835	0.0202
4836	0.0202
4837	0.0202
4838	0.0185
4839	0.0032
484	0.0034
4840	0.0129
4841	0.0129
4842	0.0129
4843	0.0043
4844	0.0109
4845	0.0022
4846	0.0022
4847	0.0022
4848	0.3597
4849	0.3597
485	0.0029
4850	0.3597
4851	0.27
4852	0.27
4853	0.27
4854	0.0041
4855	0.0041
4856	0.0041
4857	0.0074
4858	0.0074
4859	0.0074
486	0.0027
4860	0.0224
4861	0.0224
4862	0.355
4863	2.0E-4
4864	2.0E-4
4865	5.0E-4
4866	2.0E-4
4867	5.0E-4
4868	4.0E-4
4869	5.0E-4
487	0.0027
4870	5.0E-4
4871	0.0
4872	0.0
4873	0.0
4874	0.0
4875	0.0
4876	0.0
4877	0.0
4878	0.0
4879	0.0
488	0.0027
4880	0.0
4881	0.0
4882	0.0
4883	0.0
4884	0.0
4885	0.0
4886	0.0
4887	0.0
4888	0.0
4889	0.0
489	0.0027
4890	0.0
4891	0.0
4892	0.0
4893	0.0
4894	0.0
4895	0.0
4896	0.0
4897	0.0
4898	0.0
4899	0.0
49	0.647
490	0.0027
4900	0.0
4901	0.0
4902	0.0
4903	0.0
4904	0.0
4905	0.0
4906	0.0
4907	0.0
4908	0.0
4909	0.0
491	0.0027
4910	0.0
4911	0.0
4912	0.0
4913	0.0
4914	0.0
4915	0.0
4916	0.0
4917	0.0
4918	0.0
4919	0.0
492	0.0042
4920	0.0
4921	0.0
4922	0.0
4923	0.0
4924	0.0
4925	0.0
4926	0.0
4927	0.0
4928	0.0
4929	1.0E-4
493	0.0027
4930	1.037
4931	1.037
4932	1.037
4933	1.037
4934	1.037
4935	1.037
4936	1.037
4937	0.0029
4938	0.0029
4939	0.0029
494	2.0E-4
4940	0.0029
4941	0.0029
4942	0.0029
4943	0.0029
4944	0.0029
4945	0.0029
4946	0.0029
4947	0.0029
4948	0.0029
4949	0.0029
495	2.0E-4
4950	0.0029
4951	0.0029
4952	0.0029
4953	0.0029
4954	0.0029
4955	0.0029
4956	0.0029
4957	0.0029
4958	0.0029
4959	0.0029
496	7.0E-4
4960	0.0029
4961	0.0029
4962	0.0029
4963	0.0042
4964	0.0029
4965	0.0029
4966	0.0029
4967	0.0029
4968	0.0029
4969	0.0029
497	2.0E-4
4970	0.0029
4971	0.0029
4972	2.0E-4
4973	2.0E-4
4974	2.0E-4
4975	2.0E-4
4976	2.0E-4
4977	2.0E-4
4978	2.0E-4
4979	2.0E-4
498	0.0012
4980	2.0E-4
4981	2.0E-4
4982	2.0E-4
4983	2.0E-4
4984	2.0E-4
4985	2.0E-4
4986	2.0E-4
4987	2.0E-4
4988	2.0E-4
4989	2.0E-4
499	0.0011
4990	2.0E-4
4991	2.0E-4
4992	2.0E-4
4993	2.0E-4
4994	2.0E-4
4995	2.0E-4
4996	2.0E-4
4997	2.0E-4
4998	2.0E-4
4999	2.0E-4
5	0.0037
50	0.647
500	0.1759
5000	2.0E-4
5001	0.0017
5002	0.0017
5003	0.0017
5004	0.0017
5005	0.0017
5006	0.0017
5007	0.0017
5008	1.1489
5009	1.1489
501	0.1713
5010	1.1489
5011	1.1489
5012	1.1489
5013	4.0E-4
5014	4.0E-4
5015	4.0E-4
5016	4.0E-4
5017	4.0E-4
5018	4.0E-4
5019	4.0E-4
502	0.1684
5020	4.0E-4
5021	4.0E-4
5022	4.0E-4
5023	4.0E-4
5024	4.0E-4
5025	4.0E-4
5026	4.0E-4
5027	4.0E-4
5028	4.0E-4
5029	4.0E-4
503	0.0682
5030	4.0E-4
5031	4.0E-4
5032	4.0E-4
5033	2.0E-4
5034	2.0E-4
5035	0.432
5036	0.0
5037	0.0
5038	0.0
5039	0.0
504	0.0682
5040	0.0
5041	0.0
5042	0.0
5043	0.0
5044	0.0
5045	0.0
5046	0.0
5047	0.0
5048	0.0
5049	0.0
505	0.195
5050	0.0
5051	4.3647
5052	2.2739
5053	1.059
5054	0.6017
5055	0.4709
5056	0.4322
5057	0.4208
5058	0.4176
5059	0.4175
506	0.0046
5060	0.4204
5061	0.4323
5062	0.4794
5063	0.6823
5064	1.3749
5065	3.3753
5066	0.0
5067	0.0
5068	0.0
5069	0.0
507	0.0046
5070	0.0
5071	0.0
5072	7.7196
5073	5.4595
5074	2.3531
5075	0.8143
5076	0.337
5077	0.1907
5078	0.1454
5079	0.1318
508	0.0046
5080	0.1275
5081	0.1262
5082	0.1258
5083	0.1257
5084	0.1257
5085	0.1257
5086	0.1256
5087	0.1256
5088	0.1256
5089	0.1256
509	0.0046
5090	0.1256
5091	0.1256
5092	0.1256
5093	0.1256
5094	0.1256
5095	0.1256
5096	0.1256
5097	0.1256
5098	0.1256
5099	0.1257
510	0.0046
5100	0.1257
5101	0.1257
5102	0.1258
5103	0.1261
5104	0.1271
5105	0.1306
5106	0.1415
5107	0.1769
5108	0.2871
5109	0.6164
511	0.0046
5110	1.4963
5111	2.3639
5112	5.947
5113	4.2332
5114	1.8451
5115	0.6568
5116	0.2877
5117	0.1745
5118	0.1394
5119	0.1288
512	0.0046
5120	0.1255
5121	0.1245
5122	0.1242
5123	0.1241
5124	0.1241
5125	0.1241
5126	0.124
5127	0.1241
5128	0.1241
5129	0.124
513	0.0046
5130	0.124
5131	0.1241
5132	0.1241
5133	0.1242
5134	0.1244
5135	0.1252
5136	0.1279
5137	0.1364
5138	0.1637
5139	0.2489
514	0.0046
5140	0.5032
5141	1.1807
5142	1.8357
5143	1.8128
5144	1.3631
5145	0.6489
5146	0.28
5147	0.1666
5148	0.1393
5149	0.1549
515	0.0046
5150	0.2302
5151	0.435
5152	0.5985
5153	4.1744
5154	3.0055
5155	1.3356
5156	0.4979
5157	0.2372
5158	0.157
5159	0.1322
516	0.0046
5160	0.1246
5161	0.1222
5162	0.1216
5163	0.1213
5164	0.1213
5165	0.1213
5166	0.1215
5167	0.122
5168	0.124
5169	0.13
517	0.0047
5170	0.1494
5171	0.2095
5172	0.3886
5173	0.8639
5174	1.3069
5175	6.5376
5176	4.6418
5177	2.0145
5178	0.7093
5179	0.3042
518	0.0046
5180	0.18
5181	0.1415
5182	0.1299
5183	0.1262
5184	0.1252
5185	0.1248
5186	0.1247
5187	0.1247
5188	0.1247
5189	0.1247
519	0.0796
5190	0.1247
5191	0.1247
5192	0.1247
5193	0.1247
5194	0.1247
5195	0.1247
5196	0.1247
5197	0.1247
5198	0.1247
5199	0.1248
52	10.3719
520	0.0796
5200	0.1251
5201	0.1259
5202	0.1289
5203	0.1382
5204	0.1682
5205	0.2617
5206	0.541
5207	1.286
5208	2.0118
5209	3.1897
521	0.0579
5210	2.3224
5211	1.0511
5212	0.4083
5213	0.2079
5214	0.1461
5215	0.1269
5216	0.1211
5217	0.1194
5218	0.1193
5219	0.1206
522	0.0609
5220	0.1252
5221	0.1401
5222	0.1864
5223	0.3238
5224	0.6867
5225	1.0124
5226	5.3559
5227	3.824
5228	1.6754
5229	0.604
523	0.187
5230	0.2711
5231	0.1689
5232	0.1371
5233	0.1276
5234	0.1246
5235	0.1237
5236	0.1234
5237	0.1234
5238	0.1234
5239	0.1234
524	0.0609
5240	0.1233
5241	0.1233
5242	0.1233
5243	0.1233
5244	0.1234
5245	0.1236
5246	0.1243
5247	0.1268
5248	0.1344
5249	0.1591
525	0.0609
5250	0.236
5251	0.4652
5252	1.0753
5253	1.6595
5254	10.2825
5255	7.2318
5256	3.0867
5257	1.0411
5258	0.4072
5259	0.2132
526	1.935
5260	0.1532
5261	0.1351
5262	0.1295
5263	0.1278
5264	0.1273
5265	0.1271
5266	0.1271
5267	0.1271
5268	0.1271
5269	0.1271
527	0.0475
5270	0.1271
5271	0.1271
5272	0.1271
5273	0.1271
5274	0.1271
5275	0.1271
5276	0.1271
5277	0.1271
5278	0.1271
5279	0.1271
528	0.046
5280	0.1271
5281	0.1271
5282	0.1271
5283	0.1271
5284	0.1271
5285	0.1271
5286	0.1271
5287	0.1271
5288	0.1271
5289	0.1271
529	0.0429
5290	0.1271
5291	0.1271
5292	0.1271
5293	0.1271
5294	0.1271
5295	0.1271
5296	0.1271
5297	0.1272
5298	0.1276
5299	0.129
53	0.2143
530	0.0429
5300	0.1335
5301	0.148
5302	0.1949
5303	0.3412
5304	0.7792
5305	1.9513
5306	3.1268
5307	4.7652
5308	3.4149
5309	1.5056
531	2.0E-4
5310	0.5511
5311	0.2543
5312	0.1631
5313	0.1348
5314	0.1262
5315	0.1236
5316	0.1227
5317	0.1225
5318	0.1224
5319	0.1224
532	0.0018
5320	0.1224
5321	0.1224
5322	0.1225
5323	0.1227
5324	0.1233
5325	0.1255
5326	0.1323
5327	0.1544
5328	0.2229
5329	0.427
533	2.0E-4
5330	0.9697
5331	1.4832
5332	2.7962
5333	2.0488
5334	0.9369
5335	0.3721
5336	0.1957
5337	0.1413
5338	0.1245
5339	0.1197
534	2.0E-4
5340	0.1194
5341	0.123
5342	0.136
5343	0.1767
5344	0.2973
5345	0.6153
5346	0.8945
5347	3.152
5348	2.2924
5349	1.0447
535	2.0E-4
5350	0.4177
5351	0.224
5352	0.1648
5353	0.1467
5354	0.1416
5355	0.1413
5356	0.1453
5357	0.1595
5358	0.2047
5359	0.3398
536	1.2772
5360	0.6994
5361	1.0187
5362	0.0
5363	0.0
5364	0.0
5365	0.0
5366	0.0
5367	0.0
5368	0.0
5369	0.0
537	1.2772
5370	0.0
5371	0.0
5372	0.0
5373	0.0
5374	0.0
5375	0.0
5376	0.0
5377	0.0
5378	0.0
5379	0.0
538	1.2772
5380	0.0
5381	0.0
5382	0.0
5383	0.0
5384	0.0
5385	0.0
5386	0.0
5387	0.0
5388	0.0
5389	0.0
539	1.3051
5390	0.0
5391	0.0
5392	0.0
5393	0.0
5394	0.0
5395	0.0
5396	0.0
5397	4.3647
5398	2.2739
5399	1.059
54	0.206
540	1.2772
5400	0.6017
5401	0.4709
5402	0.4322
5403	0.4208
5404	0.4176
5405	0.4175
5406	0.4204
5407	0.4323
5408	0.4794
5409	0.6823
541	1.3051
5410	1.3749
5411	3.3753
5412	0.0
5413	0.0
5414	0.0
5415	0.0
5416	0.0
5417	0.0
5418	0.0075
5419	0.0075
542	1.2772
5420	0.0075
5421	0.0
5422	0.05
5423	0.05
5424	0.0233
5425	0.0233
5426	0.0065
5427	0.0065
5428	0.0065
5429	2.0E-4
543	1.277
5430	2.0E-4
5431	2.0E-4
5432	3.0E-4
5433	3.0E-4
5434	3.0E-4
5435	0.007
5436	6.0E-4
5437	6.0E-4
5438	0.0013
5439	3.0E-4
544	1.2772
5440	3.0E-4
5441	3.0E-4
5442	0.0015
5443	0.0015
5444	4.0E-4
5445	4.0E-4
5446	4.0E-4
5447	0.0201
5448	0.0201
5449	0.9527
545	1.3179
5450	0.9527
5451	0.9527
5452	0.9527
5453	1.1176
5454	1.002
5455	1.0346
5456	4.4945
5457	0.6923
5458	0.6923
5459	0.0268
546	1.2772
5460	0.0106
5461	0.0106
5462	0.0106
5463	0.0106
5464	0.0019
5465	0.0019
5466	0.0014
5467	0.0014
5468	1.0479
5469	0.0109
547	0.0963
5470	1.2363
5471	0.0109
5472	3.0E-4
5473	3.0E-4
5474	3.0E-4
5475	3.0E-4
5476	3.0E-4
5477	3.0E-4
5478	3.0E-4
5479	3.0E-4
548	0.0583
5480	9.0E-4
5481	9.0E-4
5482	9.0E-4
5483	0.0357
5484	0.014
5485	0.003
5486	0.001
5487	0.001
5488	0.001
5489	0.001
549	0.0089
5490	0.0025
5491	0.0025
5492	0.0025
5493	0.0025
5494	0.0028
5495	0.0025
5496	0.0025
5497	0.0061
5498	0.0034
5499	0.0034
55	0.2048
550	0.1261
5500	0.0034
5501	0.0034
5502	0.0051
5503	0.0442
5504	0.0442
5505	0.0442
5506	0.0074
5507	0.0074
5508	0.0074
5509	3.0E-4
551	0.1337
5510	1.0E-4
5511	1.0E-4
5512	2.0E-4
5513	0.0
5514	0.0
5515	0.0
5516	0.0
5517	0.0
5518	0.0
5519	0.0
552	0.1261
5520	0.0
5521	0.0
5522	0.0
5523	3.152
5524	2.2924
5525	1.0447
5526	0.4177
5527	0.224
5528	0.1648
5529	0.1467
553	0.1328
5530	0.1416
5531	0.1413
5532	0.1453
5533	0.1596
5534	0.2047
5535	0.3398
5536	0.6994
5537	1.0187
5538	0.0
5539	0.0
554	0.1362
5540	0.0
5541	0.0
5542	0.0
5543	0.0
5544	0.0
5545	0.0
5546	0.0
5547	0.0
5548	0.0
5549	0.0
555	0.1369
5550	0.0
5551	0.0
5552	0.0
5553	0.0
5554	0.0
5555	0.0
5556	0.0
5557	0.0
5558	0.0
5559	0.0
556	0.1369
5560	0.0
5561	0.0
5562	0.0
5563	0.0
5564	0.0
5565	0.0
5566	0.0
5567	0.0
5568	0.0
5569	0.0
557	0.2869
5570	0.0
5571	0.0
5572	0.0
5573	0.0
5574	0.0
5575	0.0
5576	0.0
5577	0.0
5578	0.0
5579	0.0
558	0.0917
5580	0.0
5581	0.0
5582	0.0
5583	0.0
5584	0.0
5585	0.0
5586	0.0
5587	0.0
5588	0.0
5589	0.0
559	0.0917
5590	0.0
5591	0.0
5592	0.0
5593	0.0
5594	0.0
5595	0.0
5596	0.0
5597	0.0
5598	0.0
5599	0.0
56	0.192
560	0.0917
5600	0.0
5601	0.0
5602	0.0
5603	0.0
5604	0.0
5605	0.0
5606	0.0
5607	0.0
5608	0.0
5609	0.0
561	0.0872
5610	0.0
5611	0.0
5612	0.0
5613	0.0
5614	0.0
5615	0.0
5616	0.0
5617	0.0
5618	0.0
5619	0.0
562	0.0872
5620	0.0
5621	0.0
5622	0.0
5623	0.0
5624	0.0
5625	0.0
5626	0.0
5627	0.0
5628	0.0
5629	0.0
563	0.0872
5630	0.0
5631	0.0
5632	0.0
5633	0.0
5634	0.0
5635	0.0
5636	0.0
5637	0.0
5638	0.0
5639	0.0
564	0.0872
5640	0.0
5641	0.0
5642	0.0
5643	0.0
5644	0.0
5645	0.0
5646	0.0
5647	0.0
5648	0.0
5649	0.0
565	0.0919
5650	0.0
5651	0.0
5652	0.0
5653	0.0
5654	0.0
5655	0.0
5656	0.0
5657	0.0
5658	0.0
5659	0.0
566	7.0E-4
5660	0.0
5661	0.0
5662	0.0
5663	0.0
5664	0.0
5665	0.0
5666	0.0
5667	0.0
5668	0.0
5669	0.0
567	7.0E-4
5670	0.0
5671	0.0
5672	0.0
5673	0.0
5674	0.0
5675	0.0
5676	0.0
5677	0.0
5678	0.0
5679	0.0
568	7.0E-4
5680	0.0
5681	0.0
5682	0.0
5683	0.0
5684	0.0
5685	0.0
5686	0.0
5687	0.0
5688	0.0
5689	0.0
569	0.0016
5690	0.0
5691	0.0
5692	0.0
5693	0.0
5694	0.0
5695	0.0
5696	0.0
5697	0.0
5698	0.0
5699	0.0
57	0.1879
570	7.0E-4
5700	0.0
5701	0.0
5702	0.0
5703	0.0
5704	0.0
5705	0.0
5706	0.0
5707	0.0
5708	0.0
5709	0.0
571	7.0E-4
5710	0.0
5711	0.0
5712	0.0
5713	0.0
5714	0.0
5715	0.0
5716	0.0
5717	0.0
5718	0.0
5719	0.0
572	7.0E-4
5720	0.0
5721	0.0
5722	0.0
5723	0.0
5724	0.0
5725	0.0
5726	0.0
5727	0.0
5728	0.0
5729	0.0
573	7.0E-4
5730	0.0
5731	0.0
5732	0.0
5733	0.0
5734	0.0
5735	0.0
5736	0.0
5737	0.0
5738	0.0
5739	0.0
574	7.0E-4
5740	0.0
5741	0.0
5742	0.0
5743	0.0
5744	0.0
5745	0.0
5746	0.0
5747	0.0
5748	0.0
5749	0.0
575	7.0E-4
5750	0.0
5751	0.0
5752	0.0
5753	0.0
5754	0.0
5755	0.0
5756	0.0
5757	0.0
5758	0.0
5759	0.0
576	7.0E-4
5760	0.0
5761	0.0
5762	0.0
5763	0.0
5764	0.0
5765	0.0
5766	0.0
5767	0.0
5768	0.0
5769	0.0
577	7.0E-4
5770	0.0
5771	0.0
5772	0.0
5773	0.0
5774	0.0
5775	0.0
5776	0.0
5777	0.0
5778	0.0
5779	0.0
578	0.8969
5780	0.0
5781	0.0
5782	0.0
5783	0.0
5784	0.0
5785	3.152
5786	2.2924
5787	1.0447
5788	0.4177
5789	0.224
579	0.1258
5790	0.1648
5791	0.1467
5792	0.1416
5793	0.1413
5794	0.1453
5795	0.1595
5796	0.2047
5797	0.3398
5798	0.6994
5799	1.0187
58	0.2052
580	0.1258
5800	0.0
5801	0.0
5802	0.0
5803	0.0
5804	0.0
5805	0.0
5806	0.0
5807	0.0
5808	0.0
5809	0.0
581	0.1326
5810	0.0
5811	0.0
5812	0.0
5813	0.0
5814	0.0
5815	0.0083
5816	0.0083
5817	0.0
5818	0.0014
5819	6.0E-4
582	9.0E-4
5820	0.5802
5821	0.5802
5822	0.1156
5823	1.5498
5824	0.1192
5825	0.6861
5826	0.6674
5827	0.6674
5828	0.9825
5829	0.6674
583	9.0E-4
5830	0.6674
5831	0.6674
5832	0.6676
5833	0.6676
5834	0.0289
5835	0.1615
5836	0.1615
5837	0.1615
5838	0.1615
5839	0.1615
584	7.0E-4
5840	0.1615
5841	0.1615
5842	0.0195
5843	0.0195
5844	0.0016
5845	3.0E-4
5846	3.0E-4
5847	3.0E-4
5848	3.0E-4
5849	3.0E-4
585	9.0E-4
5850	3.0E-4
5851	3.0E-4
5852	3.0E-4
5853	3.0E-4
5854	3.0E-4
5855	3.0E-4
5856	3.0E-4
5857	3.0E-4
5858	3.0E-4
5859	3.0E-4
586	9.0E-4
5860	3.0E-4
5861	3.0E-4
5862	3.0E-4
5863	3.0E-4
5864	3.0E-4
5865	3.0E-4
5866	3.0E-4
5867	0.0055
5868	3.0E-4
5869	3.0E-4
587	8.0E-4
5870	3.0E-4
5871	3.0E-4
5872	3.0E-4
5873	3.0E-4
5874	3.0E-4
5875	7.0E-4
5876	3.0E-4
5877	1.0446
5878	3.0E-4
5879	3.0E-4
588	7.0E-4
5880	3.0E-4
5881	3.0E-4
5882	3.0E-4
5883	3.0E-4
5884	3.0E-4
5885	3.0E-4
5886	3.0E-4
5887	3.0E-4
5888	3.0E-4
5889	3.0E-4
589	0.001
5890	3.0E-4
5891	3.0E-4
5892	0.0
5893	0.0
5894	0.0
5895	0.0
5896	0.0
5897	0.0
5898	0.0
5899	0.0
59	0.2039
590	0.001
5900	0.0
5901	0.0
5902	0.0
5903	0.0
5904	0.0
5905	0.0
5906	0.0
5907	0.0
5908	0.0
5909	0.0
591	0.001
5910	0.0
5911	0.0
5912	0.0
5913	0.0
5914	0.0
5915	0.0
5916	0.0
5917	0.0
5918	0.0
5919	0.0
592	0.001
5920	0.0015
5921	4.0E-4
5922	0.0753
5923	0.0753
5924	0.0753
5925	0.0753
5926	0.0753
5927	0.0753
5928	0.0753
5929	0.0753
593	4.2301
5930	1.4512
5931	1.4512
5932	1.4512
5933	1.4512
5934	1.4512
5935	1.4512
5936	0.0654
5937	0.0619
5938	0.3422
5939	0.031
594	0.0011
5940	0.0
5941	0.0
5942	0.0
5943	0.0
5944	0.0
5945	0.0
5946	0.0
5947	0.0
5948	0.0
5949	0.0
595	7.0E-4
5950	0.0
5951	0.0058
5952	9.0E-4
5953	9.0E-4
5954	0.0018
5955	0.1963
5956	1.0635
5957	0.0018
5958	0.0
5959	0.0
596	7.0E-4
5960	0.0
5961	0.0
5962	0.0
5963	0.0
5964	0.0
5965	0.0
5966	0.0
5967	0.0
5968	0.0
5969	0.0
597	7.0E-4
5970	0.0
5971	0.0
5972	0.0
5973	0.0
5974	0.0016
5975	0.0098
5976	0.0375
5977	0.0375
5978	0.0036
5979	0.0036
598	0.0185
5980	0.0036
5981	0.0036
5982	0.0036
5983	0.0036
5984	0.0036
5985	0.0036
5986	0.0036
5987	0.0036
5988	0.0036
5989	0.0036
599	0.0093
5990	0.0036
5991	0.0036
5992	0.0334
5993	0.0
5994	0.0
5995	0.0
5996	0.0
5997	0.0
5998	0.0
5999	0.0
6	0.0037
60	0.1922
600	6.0E-4
6000	0.0
6001	1.0E-4
6002	1.0E-4
6003	2.0E-4
6004	0.1915
6005	0.2182
6006	1.0E-4
6007	1.0E-4
6008	1.0E-4
6009	1.0E-4
601	6.0E-4
6010	1.0E-4
6011	1.0E-4
6012	0.0829
602	6.0E-4
603	6.0E-4
604	6.0E-4
605	6.0E-4
606	6.0E-4
607	6.0E-4
608	6.0E-4
609	6.0E-4
61	10.9002
610	6.0E-4
611	0.0097
612	0.0134
613	0.0115
614	0.1086
615	0.0115
616	0.0117
617	0.0125
618	0.0125
619	0.0125
62	0.0271
620	0.0144
621	0.0279
622	0.0115
623	0.0114
624	0.0113
625	0.0352
626	0.0352
627	0.0072
628	8.0E-4
629	8.0E-4
63	0.1825
630	0.024
631	0.0036
632	0.0
633	0.0
634	0.0
635	0.0
636	0.0
637	0.0
638	0.0
639	0.0
64	0.1448
640	0.0
641	0.0
642	0.0
643	0.0
644	0.0
645	0.0
646	0.0
647	0.0
648	0.0042
649	0.0042
65	0.1565
650	0.0042
651	0.0042
652	0.0042
653	0.0042
654	0.0042
655	0.0042
656	0.0042
657	0.0042
658	0.0
659	0.0
66	0.1451
660	0.0
661	0.0
662	0.0
663	0.0
664	0.0
665	0.0
666	0.0
667	0.0077
668	0.0069
669	0.0164
67	0.1418
670	0.0163
671	0.0143
672	0.0143
673	0.0145
674	0.0161
675	0.0131
676	0.0131
677	0.0132
678	0.0148
679	0.0
68	0.1831
680	0.0
681	0.0
682	0.0
683	0.0
684	0.0
685	0.0
686	0.0132
687	0.0146
688	0.0146
689	0.0146
69	0.1931
690	0.0
691	0.0
692	0.0
693	0.0
694	0.0
695	0.0
696	0.0
697	0.0
698	0.0
699	0.0
7	0.0236
70	0.1545
700	0.0
701	0.0
702	0.0
703	0.0
704	0.0
705	0.0
706	0.0
707	0.0
708	0.0
709	0.0115
71	0.203
710	2.0E-4
711	1.0E-4
712	2.0E-4
713	1.0E-4
714	1.0E-4
715	1.0E-4
716	1.0E-4
717	1.0E-4
718	1.0E-4
719	1.0E-4
72	0.2828
720	1.0E-4
721	1.0E-4
722	6.0E-4
723	1.0E-4
724	6.0E-4
725	1.0E-4
726	1.0E-4
727	1.0E-4
728	1.0E-4
729	1.0E-4
73	4.2495
730	1.0E-4
731	1.0E-4
732	1.0E-4
733	1.0E-4
734	1.0E-4
735	1.0E-4
736	1.0E-4
737	1.0E-4
738	1.0E-4
739	1.0E-4
74	1.5052
740	1.0E-4
741	1.0E-4
742	1.0E-4
743	1.0E-4
744	1.0E-4
745	2.0E-4
746	1.0E-4
747	1.0E-4
748	1.0E-4
749	1.0E-4
75	0.8012
750	1.0E-4
751	0.0194
752	1.0E-4
753	1.0E-4
754	1.0E-4
755	0.0103
756	0.0103
757	0.0103
758	0.0103
759	0.0103
76	0.9207
760	0.0103
761	0.0103
762	0.0103
763	0.0052
764	0.0052
765	0.0052
766	0.0057
767	0.0055
768	0.004
769	0.0052
77	0.2644
770	0.0052
771	0.0
772	0.0049
773	0.0049
774	0.0047
775	0.005
776	0.005
777	0.0047
778	0.0033
779	0.0033
78	0.9245
780	0.0049
781	0.0049
782	2.0E-4
783	0.004
784	0.005
785	0.005
786	0.005
787	0.005
788	0.0047
789	0.0047
79	0.6251
790	0.0047
791	0.005
792	0.005
793	0.005
794	0.005
795	0.005
796	0.0047
797	0.0047
798	0.0047
799	0.0047
8	0.0046
80	3.7081
800	0.004
801	0.0248
802	0.0374
803	0.0358
804	0.0332
805	0.0332
806	0.0332
807	0.0332
808	0.0394
809	0.0394
81	5.3203
810	0.0336
811	0.0337
812	0.0336
813	0.0336
814	0.0336
815	0.0336
816	0.0351
817	0.0339
818	0.0429
819	0.0427
82	2.149
820	0.0427
821	0.0427
822	3.2865
823	0.6351
824	0.0622
825	0.0478
826	0.1259
827	0.1122
828	0.6193
829	0.0039
83	1.5683
830	0.0315
831	0.0112
832	0.0112
833	0.0112
834	0.0112
835	0.0112
836	7.0E-4
837	0.0367
838	0.0221
839	0.0297
84	1.9539
840	0.0382
841	0.0233
842	0.0287
843	0.0186
844	0.0186
845	0.0186
846	0.0186
847	0.0186
848	0.0186
849	0.0186
85	0.0163
850	0.0186
851	0.0186
852	0.0186
853	0.0186
854	0.0186
855	0.0186
856	0.0186
857	0.0186
858	0.0186
859	0.0186
86	0.0115
860	0.0186
861	0.0186
862	0.0186
863	0.0186
864	0.0186
865	0.0186
866	0.0186
867	0.0186
868	0.0186
869	0.0316
87	0.0153
870	0.0062
871	0.0062
872	0.0086
873	0.0142
874	0.013
875	0.0021
876	0.0052
877	0.0051
878	0.0051
879	0.0044
88	0.0163
880	0.0426
881	0.0041
882	0.0041
883	0.0041
884	0.0041
885	0.0041
886	0.0041
887	0.0065
888	0.0041
889	2.0E-4
89	0.012
890	2.0E-4
891	2.0E-4
892	0.2772
893	0.4219
894	0.2772
895	0.2772
896	2.0E-4
897	2.0E-4
898	2.0E-4
899	2.0E-4
9	0.0037
90	0.0171
900	0.0
901	0.0
902	0.0
903	0.0
904	0.0
905	0.0
906	0.0
907	0.0
908	0.0
909	0.0
91	0.0171
910	0.0
911	0.0
912	0.0
913	0.0
914	0.0
915	0.0
916	0.0
917	0.0
918	0.003
919	0.0
92	0.0281
920	0.003
921	0.0
922	0.0
923	2.0E-4
924	0.0
925	0.0
926	0.0
927	0.0
928	0.0
929	0.0
93	0.0126
930	0.0
931	1.0E-4
932	0.0
933	0.0
934	0.0
935	0.0
936	1.0E-4
937	1.0E-4
938	2.0E-4
939	1.0E-4
94	2.0E-4
940	1.0E-4
941	1.0E-4
942	1.0E-4
943	0.0593
944	0.0593
945	0.0144
946	0.0145
947	0.0052
948	0.0052
949	0.0048
95	2.0E-4
950	0.0052
951	0.0052
952	0.0052
953	0.0058
954	0.0058
955	0.0058
956	0.0059
957	0.0106
958	0.007
959	0.007
96	2.0E-4
960	0.0069
961	0.007
962	0.007
963	0.0075
964	0.007
965	0.007
966	0.007
967	0.007
968	0.0093
969	0.0093
97	2.0E-4
970	0.1179
971	0.0069
972	0.0078
973	0.0078
974	0.0078
975	0.0078
976	0.0078
977	0.0078
978	0.0078
979	0.0137
98	2.0E-4
980	0.0063
981	0.0795
982	0.0067
983	0.0066
984	0.0067
985	0.0071
986	0.0066
987	0.0056
988	0.0055
989	0.0049
99	2.0E-4
990	0.007
991	0.0173
992	0.0101
993	0.0359
994	0.007
995	0.5268
996	0.0057
997	0.0057
998	0.0073
999	0.0072
