1	0.1754
10	1.6017
100	4.0E-4
1000	0.0143
1001	0.0143
1002	0.0138
1003	0.0093
1004	0.0106
1005	0.0093
1006	0.0129
1007	0.0128
1008	0.0138
1009	0.0125
101	4.0E-4
1010	0.0115
1011	0.0115
1012	0.0121
1013	0.012
1014	0.012
1015	0.0142
1016	0.0141
1017	0.0141
1018	0.0125
1019	0.0126
102	0.0188
1020	0.9323
1021	4.1575
1022	0.0092
1023	5.0E-4
1024	0.0014
1025	0.1132
1026	0.1132
1027	0.0319
1028	0.0073
1029	0.0107
103	4.0E-4
1030	0.0137
1031	0.0022
1032	0.001
1033	0.0137
1034	0.8061
1035	0.0095
1036	0.0096
1037	0.0095
1038	0.0149
1039	1.0636
104	4.0E-4
1040	1.0636
1041	1.0636
1042	1.0636
1043	1.0636
1044	1.0636
1045	1.0636
1046	1.0636
1047	1.0636
1048	1.0636
1049	1.0636
105	4.0E-4
1050	1.0636
1051	1.0636
1052	1.0636
1053	1.0636
1054	1.0636
1055	1.0636
1056	1.0636
1057	1.0636
1058	1.0636
1059	1.0636
106	3.3634
1060	1.0636
1061	1.0636
1062	1.0636
1063	1.0636
1064	1.0636
1065	1.0636
1066	0.0018
1067	0.0018
1068	0.0018
1069	0.0018
107	1.1432
1070	0.0018
1071	0.0018
1072	0.0018
1073	0.0018
1074	0.0018
1075	0.0018
1076	0.0018
1077	0.0018
1078	0.0018
1079	0.0018
108	0.6435
1080	0.0018
1081	0.0018
1082	0.0018
1083	0.0018
1084	0.0018
1085	0.0018
1086	0.0018
1087	0.0018
1088	0.0018
1089	0.0018
109	0.5852
1090	0.0018
1091	0.0018
1092	0.0018
1093	0.0018
1094	0.0018
1095	0.0018
1096	0.0018
1097	0.0016
1098	0.0018
1099	0.0018
11	0.0081
110	0.5852
1100	0.0969
1101	0.1129
1102	0.0219
1103	0.0219
1104	0.0219
1105	0.0219
1106	0.0219
1107	0.0219
1108	0.0219
1109	0.0219
111	2.1858
1110	0.0219
1111	0.0219
1112	0.0219
1113	0.0219
1114	0.0219
1115	0.0219
1116	0.0219
1117	0.0219
1118	0.0219
1119	0.0219
112	2.2745
1120	0.0219
1121	0.0219
1122	0.0219
1123	0.0219
1124	0.0219
1125	0.0219
1126	0.0219
1127	0.0219
1128	0.0219
1129	0.0219
113	0.9907
1130	0.0219
1131	0.0219
1132	0.0219
1133	0.0219
1134	0.0219
1135	0.0219
1136	0.0219
1137	0.0219
1138	0.0219
1139	0.0219
114	0.5933
1140	0.0219
1141	0.0219
1142	0.0219
1143	0.0219
1144	0.0219
1145	0.0219
1146	0.0219
1147	0.0219
1148	0.0219
1149	0.0219
115	1.0741
1150	0.0219
1151	0.0219
1152	0.0219
1153	0.0219
1154	0.0219
1155	0.0219
1156	0.0219
1157	0.0219
1158	0.0219
1159	0.0
116	1.8008
1160	0.0
1161	6.0E-4
1162	0.0
1163	0.0
1164	0.0
1165	0.0
1166	0.0
1167	0.0
1168	0.0
1169	0.0
117	0.7555
1170	0.0
1171	0.0
1172	0.0
1173	0.0
1174	0.0
1175	0.0
1176	0.0
1177	0.0026
1178	0.0134
1179	0.0
118	1.8167
1180	0.0
1181	0.0
1182	0.0
1183	0.0
1184	0.0
1185	0.0
1186	0.0
1187	0.002
1188	0.002
1189	0.002
119	4.4499
1190	0.002
1191	0.0056
1192	0.0056
1193	0.0049
1194	0.0064
1195	0.0049
1196	0.0025
1197	0.0025
1198	0.0015
1199	0.2278
12	0.0227
120	1.933
1200	0.0015
1201	0.0015
1202	0.0017
1203	0.0015
1204	0.0015
1205	0.0015
1206	0.0015
1207	9.0E-4
1208	0.001
1209	9.0E-4
121	1.7687
1210	8.0E-4
1211	8.0E-4
1212	8.0E-4
1213	0.0137
1214	0.0014
1215	0.3105
1216	0.5056
1217	0.3105
1218	0.3105
1219	0.0021
122	1.933
1220	0.0021
1221	1.0E-4
1222	1.0E-4
1223	1.0E-4
1224	1.0E-4
1225	0.0017
1226	0.0017
1227	0.0072
1228	0.0072
1229	0.0072
123	2.7755
1230	0.0072
1231	0.0072
1232	0.0072
1233	0.0072
1234	0.0
1235	0.0
1236	0.0
1237	0.0
1238	0.0
1239	0.0
124	2.5417
1240	0.0
1241	0.0
1242	0.0
1243	0.0
1244	0.0
1245	0.0
1246	0.0
1247	0.0
1248	0.0
1249	0.0
125	2.5558
1250	0.0
1251	0.0
1252	0.0
1253	0.0
1254	0.0
1255	0.0
1256	0.0
1257	0.0
1258	0.0
1259	0.0
126	2.5687
1260	0.0
1261	0.0
1262	0.0
1263	0.0
1264	0.0
1265	0.0
1266	0.0
1267	0.0
1268	0.0
1269	0.0096
127	0.7961
1270	0.0096
1271	0.0096
1272	0.0096
1273	0.0096
1274	0.0096
1275	0.0096
1276	0.0096
1277	0.0096
1278	0.0096
1279	0.0079
128	0.7961
1280	0.0079
1281	0.0079
1282	0.0079
1283	0.0079
1284	0.0
1285	0.0
1286	0.0
1287	0.0
1288	0.0216
1289	0.0216
129	0.7501
1290	0.0216
1291	0.0324
1292	0.0138
1293	0.0882
1294	0.0882
1295	0.0041
1296	0.0041
1297	0.0
1298	0.0
1299	0.0
13	0.0082
130	0.7105
1300	4.0E-4
1301	0.0
1302	0.0
1303	0.0
1304	0.0
1305	4.0E-4
1306	4.0E-4
1307	4.0E-4
1308	0.0
1309	0.0026
131	0.5942
1310	1.0E-4
1311	0.0014
1312	6.0E-4
1313	5.0E-4
1314	5.0E-4
1315	5.0E-4
1316	5.0E-4
1317	5.0E-4
1318	5.0E-4
1319	5.0E-4
132	7.6546
1320	5.0E-4
1321	5.0E-4
1322	5.0E-4
1323	5.0E-4
1324	4.0E-4
1325	4.0E-4
1326	4.0E-4
1327	4.0E-4
1328	4.0E-4
1329	4.0E-4
133	0.2562
1330	4.0E-4
1331	4.0E-4
1332	4.0E-4
1333	4.0E-4
1334	4.0E-4
1335	4.0E-4
1336	4.0E-4
1337	4.0E-4
1338	4.0E-4
1339	4.0E-4
134	0.2347
1340	8.0E-4
1341	6.0E-4
1342	0.0144
1343	0.0144
1344	7.0E-4
1345	0.0137
1346	0.0027
1347	0.0027
1348	0.0027
1349	0.0027
135	0.2792
1350	0.0027
1351	0.0027
1352	0.0027
1353	0.0027
1354	0.0027
1355	0.0027
1356	0.0027
1357	0.0027
1358	0.0027
1359	0.0027
136	0.2976
1360	0.0027
1361	0.0027
1362	7.0E-4
1363	0.0338
1364	0.0338
1365	0.0024
1366	0.0023
1367	0.0024
1368	0.0024
1369	0.0024
137	0.319
1370	1.8061
1371	0.1424
1372	0.0459
1373	0.0622
1374	0.1005
1375	0.0459
1376	0.0273
1377	0.0273
1378	0.0092
1379	1.6691
138	0.4412
1380	0.0081
1381	0.0096
1382	0.0048
1383	0.0048
1384	0.0048
1385	0.0048
1386	0.0048
1387	0.0048
1388	0.0048
1389	0.0048
139	0.0829
1390	1.0E-4
1391	3.0E-4
1392	0.0
1393	0.0
1394	0.0
1395	0.0
1396	3.0E-4
1397	3.0E-4
1398	0.0011
1399	3.0E-4
14	0.8097
140	0.0794
1400	3.0E-4
1401	3.0E-4
1402	0.0
1403	1.0E-4
1404	1.0E-4
1405	1.0E-4
1406	0.0
1407	0.0
1408	0.0367
1409	0.0607
141	0.0717
1410	0.0607
1411	0.0607
1412	0.0607
1413	0.0607
1414	0.0607
1415	0.0607
1416	0.0729
1417	0.0942
1418	0.0607
1419	0.0931
142	0.3643
1420	0.0931
1421	0.0607
1422	8.0E-4
1423	8.0E-4
1424	0.001
1425	0.0014
1426	0.001
1427	0.0014
1428	0.001
1429	0.001
143	0.4778
1430	9.0E-4
1431	8.0E-4
1432	8.0E-4
1433	0.0264
1434	0.0264
1435	0.0264
1436	0.0264
1437	0.0264
1438	5.0E-4
1439	5.0E-4
144	0.1037
1440	0.0027
1441	0.0033
1442	0.0108
1443	0.7648
1444	0.0023
1445	6.0E-4
1446	5.0E-4
1447	5.0E-4
1448	5.0E-4
1449	5.0E-4
145	0.8746
1450	5.0E-4
1451	5.0E-4
1452	5.0E-4
1453	5.0E-4
1454	5.0E-4
1455	5.0E-4
1456	5.0E-4
1457	0.0021
1458	9.0E-4
1459	0.0016
146	0.0717
1460	0.0018
1461	0.0175
1462	0.0175
1463	0.0175
1464	0.0175
1465	0.0175
1466	0.0175
1467	4.0725
1468	9.0E-4
1469	0.0147
147	0.0717
1470	0.0147
1471	0.0147
1472	0.0158
1473	0.0029
1474	0.0029
1475	0.0029
1476	0.0029
1477	0.0029
1478	0.0029
1479	0.0029
148	0.3363
1480	0.0029
1481	0.0029
1482	0.0029
1483	0.001
1484	0.001
1485	0.001
1486	0.001
1487	0.0235
1488	0.0169
1489	0.0235
149	0.0932
1490	0.0169
1491	0.0132
1492	0.0132
1493	0.0137
1494	0.0174
1495	0.0033
1496	0.0033
1497	0.0033
1498	0.0033
1499	0.0137
15	0.0087
150	0.0935
1500	0.0033
1501	0.0033
1502	0.014
1503	0.014
1504	0.0033
1505	0.0137
1506	0.01
1507	0.1031
1508	0.0104
1509	0.0016
151	0.1972
1510	0.0016
1511	0.0016
1512	0.0016
1513	0.0016
1514	0.0016
1515	0.0016
1516	0.0016
1517	5.0E-4
1518	0.0024
1519	0.0034
152	0.0641
1520	0.0011
1521	0.0011
1522	0.0011
1523	0.0011
1524	0.0011
1525	0.0011
1526	0.0011
1527	0.0019
1528	0.0019
1529	0.0016
153	0.1993
1530	0.0014
1531	0.0012
1532	0.0011
1533	0.1202
1534	2.0E-4
1535	3.0E-4
1536	3.0E-4
1537	6.0E-4
1538	0.7347
1539	1.1945
154	0.0013
1540	1.5894
1541	1.6073
1542	0.7347
1543	0.0057
1544	0.0
1545	0.0
1546	0.0
1547	0.0
1548	0.0
1549	0.0
155	0.4434
1550	0.0
1551	3.0E-4
1552	7.0E-4
1553	0.001
1554	0.001
1555	0.001
1556	0.001
1557	0.001
1558	0.001
1559	0.001
156	0.1832
1560	0.001
1561	5.0E-4
1562	5.0E-4
1563	5.0E-4
1564	0.0011
1565	0.0
1566	0.0
1567	0.0
1568	0.0
1569	0.0
157	0.4562
1570	0.0
1571	0.0
1572	0.0
1573	0.0
1574	0.0
1575	0.0
1576	0.0
1577	0.0
1578	0.0
1579	0.0
158	0.5355
1580	0.0
1581	0.0
1582	0.0
1583	0.0
1584	0.0
1585	0.0
1586	0.0
1587	0.0
1588	0.0
1589	0.0016
159	0.4562
1590	0.0013
1591	0.0013
1592	0.0
1593	0.0
1594	0.0
1595	0.0
1596	0.0
1597	0.0
1598	0.0
1599	0.0
16	3.1691
160	0.4896
1600	0.0
1601	0.0
1602	0.0183
1603	0.0183
1604	0.0183
1605	0.0183
1606	0.0183
1607	4.0E-4
1608	0.1225
1609	0.1225
161	0.4699
1610	0.1225
1611	0.1225
1612	0.1225
1613	0.1225
1614	0.007
1615	0.007
1616	0.007
1617	0.007
1618	0.007
1619	1.0E-4
162	0.4562
1620	0.1416
1621	0.1072
1622	0.1072
1623	0.1072
1624	0.1072
1625	0.1072
1626	6.0E-4
1627	6.0E-4
1628	6.0E-4
1629	6.0E-4
163	0.4434
1630	6.0E-4
1631	6.0E-4
1632	6.0E-4
1633	6.0E-4
1634	0.001
1635	6.0E-4
1636	6.0E-4
1637	6.0E-4
1638	6.0E-4
1639	4.0E-4
164	0.2653
1640	5.0E-4
1641	5.0E-4
1642	5.0E-4
1643	5.0E-4
1644	5.0E-4
1645	6.0E-4
1646	5.0E-4
1647	5.0E-4
1648	4.0E-4
1649	4.0E-4
165	0.4434
1650	6.0E-4
1651	6.0E-4
1652	6.0E-4
1653	6.0E-4
1654	6.0E-4
1655	6.0E-4
1656	6.0E-4
1657	6.0E-4
1658	6.0E-4
1659	6.0E-4
166	0.4685
1660	6.0E-4
1661	6.0E-4
1662	6.0E-4
1663	6.0E-4
1664	6.0E-4
1665	0.3943
1666	0.6306
1667	0.3943
1668	0.3943
1669	0.0256
167	0.4434
1670	0.0256
1671	0.03
1672	0.0256
1673	0.0256
1674	0.0256
1675	0.0256
1676	0.0256
1677	0.0256
1678	6.041
1679	0.0384
168	0.4103
1680	0.0017
1681	0.0011
1682	0.0011
1683	0.0064
1684	0.0011
1685	0.0011
1686	0.0011
1687	5.0E-4
1688	0.0048
1689	5.0E-4
169	0.4103
1690	5.0E-4
1691	5.0E-4
1692	5.0E-4
1693	5.0E-4
1694	5.0E-4
1695	5.0E-4
1696	6.0E-4
1697	6.0E-4
1698	6.0E-4
1699	6.0E-4
17	0.0087
170	0.4103
1700	5.0E-4
1701	5.0E-4
1702	5.0E-4
1703	5.0E-4
1704	5.0E-4
1705	5.0E-4
1706	0.0011
1707	6.0E-4
1708	6.0E-4
1709	6.0E-4
171	0.4117
1710	6.0E-4
1711	6.0E-4
1712	6.0E-4
1713	6.0E-4
1714	6.0E-4
1715	6.0E-4
1716	6.0E-4
1717	6.0E-4
1718	6.0E-4
1719	6.0E-4
172	0.4103
1720	6.0E-4
1721	6.0E-4
1722	6.0E-4
1723	4.0E-4
1724	4.0E-4
1725	4.0E-4
1726	4.0E-4
1727	4.0E-4
1728	4.0E-4
1729	4.0E-4
173	0.4023
1730	4.0E-4
1731	4.0E-4
1732	4.0E-4
1733	4.0E-4
1734	4.0E-4
1735	4.0E-4
1736	4.0E-4
1737	6.0E-4
1738	6.0E-4
1739	6.0E-4
174	0.2901
1740	6.0E-4
1741	4.0E-4
1742	4.0E-4
1743	4.0E-4
1744	4.0E-4
1745	4.0E-4
1746	4.0E-4
1747	4.0E-4
1748	4.0E-4
1749	4.0E-4
175	0.4412
1750	7.0E-4
1751	7.0E-4
1752	7.0E-4
1753	7.0E-4
1754	7.0E-4
1755	7.0E-4
1756	7.0E-4
1757	7.0E-4
1758	7.0E-4
1759	7.0E-4
176	0.4955
1760	0.0038
1761	0.005
1762	0.005
1763	0.005
1764	0.0218
1765	0.0218
1766	6.0E-4
1767	6.0E-4
1768	6.0E-4
1769	6.0E-4
177	0.2971
1770	6.0E-4
1771	6.0E-4
1772	5.0E-4
1773	5.0E-4
1774	5.0E-4
1775	5.0E-4
1776	5.0E-4
1777	5.0E-4
1778	5.0E-4
1779	5.0E-4
178	0.0888
1780	5.0E-4
1781	5.0E-4
1782	4.0E-4
1783	4.0E-4
1784	4.0E-4
1785	4.0E-4
1786	4.0E-4
1787	4.0E-4
1788	4.0E-4
1789	0.0012
179	0.1597
1790	0.0012
1791	5.0E-4
1792	5.0E-4
1793	5.0E-4
1794	5.0E-4
1795	5.0E-4
1796	5.0E-4
1797	5.0E-4
1798	6.0E-4
1799	6.0E-4
18	0.3795
180	0.1493
1800	6.0E-4
1801	6.0E-4
1802	6.0E-4
1803	6.0E-4
1804	6.0E-4
1805	6.0E-4
1806	6.0E-4
1807	6.0E-4
1808	6.0E-4
1809	6.0E-4
181	0.15
1810	6.0E-4
1811	6.0E-4
1812	6.0E-4
1813	6.0E-4
1814	6.0E-4
1815	8.0E-4
1816	8.0E-4
1817	7.0E-4
1818	0.0101
1819	0.0476
182	0.0986
1820	0.009
1821	0.0101
1822	0.009
1823	0.0316
1824	0.0316
1825	0.0316
1826	0.0316
1827	0.0316
1828	0.0316
1829	0.0316
183	0.1493
1830	0.04
1831	0.0545
1832	0.0316
1833	0.0537
1834	0.0537
1835	0.0316
1836	0.0367
1837	0.0184
1838	0.0496
1839	0.0485
184	0.151
1840	0.0485
1841	0.0415
1842	0.0382
1843	0.0382
1844	0.0382
1845	0.0382
1846	0.0382
1847	0.0382
1848	0.0382
1849	0.0136
185	0.1492
1850	0.0136
1851	0.0173
1852	0.0136
1853	0.0103
1854	1.0E-4
1855	0.0
1856	0.0
1857	0.0
1858	0.0
1859	0.0
186	0.1501
1860	0.0022
1861	0.0054
1862	0.0054
1863	0.0058
1864	0.0
1865	0.0
1866	0.0
1867	3.0E-4
1868	3.0E-4
1869	0.0
187	0.1499
1870	5.0E-4
1871	0.7616
1872	2.8976
1873	3.1777
1874	0.7513
1875	3.7618
1876	2.5233
1877	3.7618
1878	3.7953
1879	0.1448
188	0.1492
1880	0.1448
1881	0.1448
1882	0.1448
1883	3.3262
1884	0.0906
1885	0.0906
1886	0.0906
1887	0.0906
1888	0.0906
1889	0.0906
189	0.182
1890	0.0906
1891	0.0906
1892	0.0906
1893	0.0906
1894	0.0906
1895	0.0906
1896	0.0
1897	0.0
1898	0.0
1899	0.0
19	0.1306
190	0.0045
1900	0.0
1901	0.0
1902	0.0
1903	0.0
1904	0.0
1905	0.0
1906	0.0
1907	0.0
1908	0.0
1909	0.0
191	0.0062
1910	0.0
1911	0.0
1912	0.0
1913	0.0
1914	0.0
1915	0.0
1916	0.0
1917	0.0
1918	0.0
1919	0.0
192	0.3727
1920	0.0
1921	0.0
1922	0.0
1923	0.0
1924	0.0
1925	0.0
1926	0.0
1927	0.0
1928	0.0
1929	0.0
193	2.6787
1930	0.0
1931	0.0
1932	0.0
1933	0.0
1934	0.0
1935	0.0
1936	0.0
1937	0.0
1938	0.0
1939	0.0
194	0.919
1940	0.0
1941	0.0
1942	0.0
1943	0.0
1944	0.0
1945	0.0
1946	0.0
1947	0.0
1948	0.0
1949	0.0
195	1.2438
1950	0.0
1951	0.0
1952	0.0
1953	0.0
1954	0.0
1955	0.0
1956	0.0
1957	0.0
1958	0.0
1959	0.0
196	1.2336
1960	0.0
1961	0.0
1962	0.0
1963	0.0
1964	0.0
1965	0.0
1966	0.0
1967	0.0
1968	0.0
1969	0.0
197	0.8525
1970	0.0
1971	0.0
1972	0.0
1973	0.0
1974	0.0
1975	0.0
1976	0.0
1977	0.0
1978	0.0
1979	0.0
198	1.0409
1980	0.0
1981	0.0
1982	0.0
1983	0.0
1984	0.0
1985	0.0
1986	0.0
1987	0.0
1988	0.0
1989	0.0
199	1.229
1990	0.0
1991	0.0
1992	0.0
1993	0.0
1994	0.0
1995	1.0063
1996	0.0
1997	0.0
1998	0.0
1999	0.0
2	30.7578
20	0.4213
200	1.5001
2000	0.0
2001	0.0
2002	0.0
2003	0.0
2004	0.0
2005	0.0
2006	0.0
2007	0.0
2008	0.0
2009	0.0
201	2.3834
2010	0.0
2011	0.0
2012	0.0
2013	0.0
2014	0.0
2015	0.0
2016	0.0
2017	0.0
2018	0.0
2019	0.0
202	2.4429
2020	0.0
2021	0.0
2022	0.0
2023	0.0
2024	0.0
2025	0.0
2026	0.0
2027	0.0
2028	0.0
2029	0.0
203	0.771
2030	0.0
2031	0.0
2032	0.0
2033	0.0
2034	0.0
2035	0.0
2036	0.0
2037	0.0
2038	0.0
2039	0.0
204	1.1043
2040	0.0
2041	0.0
2042	0.0
2043	0.0
2044	0.0
2045	0.0
2046	0.0
2047	0.0
2048	0.0
2049	0.0
205	0.9072
2050	0.0
2051	0.0
2052	0.0
2053	0.0
2054	0.0
2055	0.0
2056	0.0
2057	0.0
2058	0.0
2059	0.0
206	0.7495
2060	0.0
2061	0.0
2062	0.0
2063	0.0
2064	0.0
2065	0.0
2066	0.0
2067	0.0
2068	0.0
2069	0.0
207	0.0169
2070	0.0
2071	0.0
2072	0.0
2073	0.0
2074	0.0
2075	0.0
2076	0.0
2077	0.0
2078	0.0
2079	0.0
208	0.0177
2080	0.0339
2081	0.0251
2082	0.0339
2083	0.0251
2084	0.0208
2085	0.0265
2086	0.005
2087	0.005
2088	0.005
2089	0.005
209	0.0615
2090	0.0208
2091	0.005
2092	0.005
2093	0.0202
2094	0.0202
2095	0.005
2096	0.0208
2097	0.0137
2098	0.0773
2099	0.0159
21	0.1252
210	0.0485
2100	6.0361
2101	0.0378
2102	3.0E-4
2103	0.2683
2104	3.0E-4
2105	6.0E-4
2106	6.0E-4
2107	8.0E-4
2108	8.0E-4
2109	8.0E-4
211	0.2542
2110	8.0E-4
2111	8.0E-4
2112	8.0E-4
2113	8.0E-4
2114	8.0E-4
2115	0.001
2116	8.0E-4
2117	8.0E-4
2118	8.0E-4
2119	8.0E-4
212	1.8416
2120	8.0E-4
2121	8.0E-4
2122	8.0E-4
2123	8.0E-4
2124	8.0E-4
2125	0.0201
2126	0.0201
2127	0.0295
2128	0.0622
2129	0.0295
213	1.7657
2130	0.0295
2131	0.0295
2132	0.0107
2133	0.0107
2134	0.0107
2135	0.0107
2136	0.0107
2137	0.0267
2138	0.0267
2139	0.0306
214	1.7826
2140	0.0267
2141	0.0267
2142	0.0267
2143	0.0267
2144	0.7244
2145	0.8579
2146	0.7035
2147	0.7035
2148	0.7244
2149	9.0E-4
215	1.7562
2150	9.0E-4
2151	9.0E-4
2152	9.0E-4
2153	9.0E-4
2154	9.0E-4
2155	9.0E-4
2156	9.0E-4
2157	9.0E-4
2158	9.0E-4
2159	0.0014
216	1.7589
2160	0.0014
2161	0.0014
2162	0.0014
2163	0.0014
2164	0.0014
2165	0.0014
2166	0.0014
2167	0.001
2168	0.001
2169	0.001
217	1.8663
2170	0.001
2171	0.0565
2172	0.6884
2173	0.001
2174	0.001
2175	0.001
2176	0.001
2177	0.001
2178	0.001
2179	0.001
218	1.1468
2180	9.0E-4
2181	9.0E-4
2182	9.0E-4
2183	9.0E-4
2184	9.0E-4
2185	9.0E-4
2186	9.0E-4
2187	9.0E-4
2188	9.0E-4
2189	9.0E-4
219	0.292
2190	9.0E-4
2191	9.0E-4
2192	9.0E-4
2193	0.9349
2194	0.9155
2195	0.9155
2196	0.9349
2197	0.9349
2198	0.8762
2199	0.0422
22	0.0081
220	0.3098
2200	0.0422
2201	0.0422
2202	0.0422
2203	0.0422
2204	0.0422
2205	0.0422
2206	0.0422
2207	0.0422
2208	0.0422
2209	0.0032
221	0.0194
2210	3.0E-4
2211	0.0011
2212	0.0026
2213	9.0E-4
2214	5.0E-4
2215	7.0E-4
2216	3.0E-4
2217	3.0E-4
2218	3.0E-4
2219	9.0E-4
222	0.0194
2220	3.0E-4
2221	7.0E-4
2222	0.0015
2223	3.0E-4
2224	3.0E-4
2225	6.0E-4
2226	6.0E-4
2227	6.0E-4
2228	6.0E-4
2229	0.0011
223	9.0E-4
2230	8.0E-4
2231	4.0E-4
2232	4.0E-4
2233	4.0E-4
2234	4.0E-4
2235	8.0E-4
2236	0.0019
2237	8.0E-4
2238	0.0011
2239	0.0011
224	1.8687
2240	0.0011
2241	8.0E-4
2242	8.0E-4
2243	8.0E-4
2244	0.0011
2245	0.0011
2246	6.0E-4
2247	6.0E-4
2248	6.0E-4
2249	8.0E-4
225	0.0098
2250	2.0E-4
2251	2.0E-4
2252	2.0E-4
2253	2.0E-4
2254	2.0E-4
2255	2.0E-4
2256	2.0E-4
2257	2.0E-4
2258	0.0017
2259	6.0E-4
226	0.0102
2260	8.0E-4
2261	0.0011
2262	8.0E-4
2263	0.0011
2264	5.0E-4
2265	5.0E-4
2266	5.0E-4
2267	8.0E-4
2268	0.0017
2269	4.0E-4
227	0.0093
2270	5.0E-4
2271	5.0E-4
2272	5.0E-4
2273	5.0E-4
2274	5.0E-4
2275	0.0011
2276	0.0011
2277	0.0011
2278	0.0011
2279	8.0E-4
228	0.0098
2280	8.0E-4
2281	0.0011
2282	0.0019
2283	0.0027
2284	8.0E-4
2285	5.0E-4
2286	5.0E-4
2287	5.0E-4
2288	5.0E-4
2289	5.0E-4
229	0.0132
2290	0.0023
2291	6.0E-4
2292	6.0E-4
2293	6.0E-4
2294	0.0011
2295	0.0011
2296	0.0011
2297	0.0011
2298	3.0E-4
2299	3.0E-4
23	0.0799
230	0.0098
2300	3.0E-4
2301	3.0E-4
2302	3.0E-4
2303	3.0E-4
2304	3.0E-4
2305	3.0E-4
2306	0.0
2307	0.0
2308	0.0
2309	0.0
231	0.2928
2310	0.0
2311	0.0
2312	0.0
2313	0.0
2314	0.0
2315	0.0
2316	0.0
2317	0.0
2318	0.0
2319	0.0
232	0.2174
2320	0.0
2321	0.0
2322	0.0
2323	0.0
2324	0.0
2325	0.0
2326	0.0
2327	0.0
2328	0.0
2329	0.0
233	0.2174
2330	0.0
2331	0.0
2332	0.0
2333	0.0
2334	0.0
2335	0.0
2336	0.0
2337	0.0
2338	0.0
2339	0.0
234	0.2174
2340	0.0
2341	0.0
2342	0.0
2343	0.0
2344	0.0
2345	0.0
2346	0.0
2347	0.0
2348	0.0
2349	0.0
235	0.3662
2350	0.0
2351	0.0
2352	0.0
2353	0.0
2354	0.0
2355	0.0
2356	0.0
2357	0.0
2358	0.0
2359	0.0
236	0.3931
2360	0.0
2361	0.0
2362	0.0085
2363	0.1951
2364	0.0
2365	0.0
2366	0.0
2367	0.0
2368	0.0
2369	0.0
237	0.2174
2370	0.0
2371	0.0
2372	0.0
2373	0.0
2374	0.0
2375	0.0
2376	0.0
2377	0.0
2378	1.0E-4
2379	1.0E-4
238	0.2174
2380	1.0E-4
2381	1.0E-4
2382	1.0E-4
2383	1.0E-4
2384	1.0E-4
2385	0.0
2386	0.0
2387	0.0
2388	0.0
2389	0.0
239	0.2174
2390	0.0
2391	0.0
2392	0.0
2393	0.0
2394	0.0
2395	0.0
2396	0.0
2397	0.0
2398	0.0
2399	0.0
24	0.0089
240	0.4228
2400	0.0
2401	0.0
2402	0.0017
2403	0.0
2404	0.0
2405	0.0
2406	0.0
2407	0.0
2408	0.0
2409	0.0
241	0.2258
2410	0.0
2411	0.0
2412	0.0
2413	0.0
2414	0.0
2415	0.0
2416	0.0
2417	1.0E-4
2418	1.0E-4
2419	1.0E-4
242	0.3652
2420	1.0E-4
2421	1.0E-4
2422	1.0E-4
2423	1.0E-4
2424	1.0E-4
2425	1.0E-4
2426	1.0E-4
2427	0.0
2428	0.0
2429	0.0
243	0.2174
2430	0.0
2431	0.0
2432	0.0
2433	0.0
2434	0.0
2435	0.0
2436	0.0
2437	0.0
2438	0.0
2439	0.0
244	0.3394
2440	0.0
2441	0.0
2442	0.0
2443	0.0
2444	0.0
2445	0.0
2446	0.0
2447	0.0
2448	0.0
2449	0.0
245	0.3394
2450	0.0
2451	0.0
2452	0.019
2453	0.0115
2454	0.0115
2455	0.0048
2456	0.0115
2457	0.0122
2458	0.0115
2459	0.0048
246	0.3006
2460	0.0024
2461	0.0024
2462	0.0024
2463	0.0024
2464	0.0024
2465	0.0024
2466	0.0024
2467	0.0024
2468	0.0024
2469	0.0024
247	0.2174
2470	0.0024
2471	0.0024
2472	0.0024
2473	0.0024
2474	0.0024
2475	0.0024
2476	0.0024
2477	0.0024
2478	0.0024
2479	0.0024
248	0.7292
2480	0.0024
2481	0.0024
2482	0.0134
2483	0.0075
2484	0.0075
2485	0.0269
2486	0.0269
2487	0.0028
2488	0.0028
2489	0.0028
249	1.2579
2490	0.0028
2491	0.0028
2492	0.0028
2493	0.0028
2494	0.0028
2495	0.0028
2496	0.0028
2497	0.0028
2498	0.0028
2499	0.0028
25	0.0081
250	0.2926
2500	0.0028
2501	0.0028
2502	0.0028
2503	0.0028
2504	0.0028
2505	0.0028
2506	0.0028
2507	0.0028
2508	0.0028
2509	0.0028
251	0.3057
2510	5.0E-4
2511	4.0E-4
2512	4.0E-4
2513	4.0E-4
2514	4.0E-4
2515	1.0E-4
2516	1.0E-4
2517	1.0E-4
2518	1.0E-4
2519	1.0E-4
252	0.6718
2520	1.0E-4
2521	1.0E-4
2522	1.0E-4
2523	1.0E-4
2524	3.0E-4
2525	1.0E-4
2526	1.0E-4
2527	1.0E-4
2528	1.0E-4
2529	1.0E-4
253	0.2305
2530	1.0E-4
2531	1.0E-4
2532	3.0E-4
2533	3.0E-4
2534	3.0E-4
2535	6.0E-4
2536	0.2005
2537	0.4463
2538	0.4463
2539	0.2005
254	0.384
2540	6.0E-4
2541	6.0E-4
2542	6.0E-4
2543	6.0E-4
2544	2.0E-4
2545	2.0E-4
2546	2.0E-4
2547	5.0E-4
2548	5.0E-4
2549	5.0E-4
255	0.4908
2550	5.0E-4
2551	0.2571
2552	0.2571
2553	0.2571
2554	0.2571
2555	1.0E-4
2556	1.0E-4
2557	1.0E-4
2558	1.0E-4
2559	1.0E-4
256	0.4541
2560	1.0E-4
2561	1.0E-4
2562	1.0E-4
2563	0.0099
2564	3.0E-4
2565	3.0E-4
2566	3.0E-4
2567	3.0E-4
2568	3.0E-4
2569	1.0E-4
257	0.5706
2570	1.0E-4
2571	1.0E-4
2572	1.0E-4
2573	1.0E-4
2574	1.0E-4
2575	1.0E-4
2576	1.0E-4
2577	1.0E-4
2578	1.0E-4
2579	1.0E-4
258	1.267
2580	1.0E-4
2581	1.0E-4
2582	1.0E-4
2583	1.0E-4
2584	1.0E-4
2585	1.0E-4
2586	8.0E-4
2587	8.0E-4
2588	0.0183
2589	0.0038
259	1.267
2590	0.0038
2591	0.0038
2592	0.0034
2593	0.0034
2594	0.0034
2595	0.0034
2596	0.0034
2597	0.0034
2598	0.0138
2599	6.0E-4
26	1.3527
260	1.267
2600	6.0E-4
2601	6.0E-4
2602	6.0E-4
2603	6.0E-4
2604	3.0E-4
2605	3.0E-4
2606	3.0E-4
2607	3.0E-4
2608	3.0E-4
2609	3.0E-4
261	0.1201
2610	3.0E-4
2611	3.0E-4
2612	3.0E-4
2613	3.0E-4
2614	3.0E-4
2615	1.0E-4
2616	1.0E-4
2617	2.0E-4
2618	1.0E-4
2619	2.0E-4
262	0.1322
2620	1.0E-4
2621	1.0E-4
2622	1.0E-4
2623	1.0E-4
2624	1.0E-4
2625	1.0E-4
2626	1.0E-4
2627	1.0E-4
2628	1.0E-4
2629	1.0E-4
263	0.125
2630	0.0
2631	0.0
2632	0.0
2633	0.0
2634	0.0
2635	0.0
2636	0.0
2637	0.0
2638	0.0
2639	0.0
264	0.1406
2640	0.0
2641	0.0
2642	0.0
2643	0.0
2644	0.0
2645	0.0
2646	0.0
2647	0.0
2648	0.0
2649	0.0
265	0.1274
2650	1.0E-4
2651	1.0E-4
2652	1.0E-4
2653	1.0E-4
2654	1.0E-4
2655	1.0E-4
2656	1.0E-4
2657	1.0E-4
2658	1.0E-4
2659	1.0E-4
266	0.1263
2660	1.0E-4
2661	1.0E-4
2662	1.0E-4
2663	7.0E-4
2664	5.0E-4
2665	5.0E-4
2666	5.0E-4
2667	3.0E-4
2668	3.0E-4
2669	3.0E-4
267	0.1359
2670	3.0E-4
2671	1.0699
2672	1.0699
2673	1.0699
2674	1.0699
2675	1.0699
2676	0.0017
2677	0.0
2678	2.0E-4
2679	2.0E-4
268	0.1329
2680	3.0E-4
2681	1.0E-4
2682	1.0E-4
2683	1.0E-4
2684	1.0E-4
2685	0.0
2686	0.0
2687	0.0
2688	0.0
2689	0.0
269	0.125
2690	0.0
2691	0.0
2692	0.0
2693	0.0
2694	0.0
2695	0.0
2696	0.0
2697	0.0
2698	0.0
2699	0.0
27	16.9434
270	0.1386
2700	0.0
2701	0.0
2702	0.0
2703	0.0
2704	0.0
2705	0.0
2706	0.0
2707	0.0
2708	0.0
2709	0.0
271	0.1169
2710	1.0E-4
2711	0.0
2712	0.0
2713	0.0
2714	0.0
2715	0.0
2716	0.0
2717	1.0E-4
2718	0.0
2719	0.0
272	0.1343
2720	0.0
2721	0.0
2722	0.0
2723	0.0
2724	0.0
2725	1.0E-4
2726	1.0E-4
2727	5.0E-4
2728	1.0E-4
2729	1.0E-4
273	0.1261
2730	1.0E-4
2731	1.0E-4
2732	1.0E-4
2733	1.0E-4
2734	1.0E-4
2735	0.2363
2736	2.0E-4
2737	0.0022
2738	0.0022
2739	0.0022
274	0.1181
2740	0.0022
2741	0.0022
2742	0.0022
2743	0.0022
2744	0.0022
2745	0.0022
2746	0.0022
2747	0.0022
2748	2.0E-4
2749	3.0E-4
275	0.1309
2750	5.0E-4
2751	5.0E-4
2752	6.0E-4
2753	0.0157
2754	5.0E-4
2755	5.0E-4
2756	6.0E-4
2757	3.0E-4
2758	3.0E-4
2759	3.0E-4
276	0.1472
2760	0.001
2761	0.001
2762	0.0012
2763	0.003
2764	0.003
2765	0.003
2766	0.003
2767	0.003
2768	0.003
2769	0.003
277	0.1281
2770	0.003
2771	0.0917
2772	0.0917
2773	0.0917
2774	0.0917
2775	0.0917
2776	0.0917
2777	0.0917
2778	0.0917
2779	0.0917
278	0.139
2780	0.0917
2781	0.0917
2782	0.0917
2783	2.0E-4
2784	0.0012
2785	0.0012
2786	0.0076
2787	0.0304
2788	0.0304
2789	7.0E-4
279	0.1259
2790	7.0E-4
2791	7.0E-4
2792	7.0E-4
2793	7.0E-4
2794	8.0E-4
2795	8.0E-4
2796	9.0E-4
2797	0.0012
2798	0.0157
2799	4.0E-4
28	13.085
280	0.4087
2800	4.0E-4
2801	4.0E-4
2802	4.0E-4
2803	4.0E-4
2804	4.0E-4
2805	4.0E-4
2806	4.0E-4
2807	4.0E-4
2808	4.0E-4
2809	4.0E-4
281	0.1261
2810	4.0E-4
2811	4.0E-4
2812	4.0E-4
2813	4.0E-4
2814	4.0E-4
2815	4.0E-4
2816	4.0E-4
2817	4.0E-4
2818	4.0E-4
2819	4.0E-4
282	0.1296
2820	4.0E-4
2821	4.0E-4
2822	4.0E-4
2823	4.0E-4
2824	4.0E-4
2825	4.0E-4
2826	4.0E-4
2827	4.0E-4
2828	4.0E-4
2829	4.0E-4
283	0.1263
2830	4.0E-4
2831	4.0E-4
2832	4.0E-4
2833	4.0E-4
2834	4.0E-4
2835	4.0E-4
2836	4.0E-4
2837	4.0E-4
2838	4.0E-4
2839	4.0E-4
284	0.1278
2840	4.0E-4
2841	4.0E-4
2842	4.0E-4
2843	4.0E-4
2844	4.0E-4
2845	4.0E-4
2846	4.0E-4
2847	4.0E-4
2848	4.0E-4
2849	4.0E-4
285	0.1266
2850	4.0E-4
2851	4.0E-4
2852	4.0E-4
2853	4.0E-4
2854	4.0E-4
2855	4.0E-4
2856	4.0E-4
2857	4.0E-4
2858	4.0E-4
2859	4.0E-4
286	0.125
2860	4.0E-4
2861	4.0E-4
2862	4.0E-4
2863	4.0E-4
2864	4.0E-4
2865	4.0E-4
2866	4.0E-4
2867	4.0E-4
2868	4.0E-4
2869	4.0E-4
287	0.125
2870	4.0E-4
2871	4.0E-4
2872	4.0E-4
2873	4.0E-4
2874	4.0E-4
2875	4.0E-4
2876	4.0E-4
2877	4.0E-4
2878	4.0E-4
2879	4.0E-4
288	0.1284
2880	4.0E-4
2881	4.0E-4
2882	4.0E-4
2883	4.0E-4
2884	4.0E-4
2885	4.0E-4
2886	4.0E-4
2887	4.0E-4
2888	4.0E-4
2889	4.0E-4
289	0.1263
2890	4.0E-4
2891	4.0E-4
2892	4.0E-4
2893	4.0E-4
2894	4.0E-4
2895	4.0E-4
2896	4.0E-4
2897	4.0E-4
2898	4.0E-4
2899	4.0E-4
29	12.8577
290	0.1272
2900	4.0E-4
2901	4.0E-4
2902	4.0E-4
2903	4.0E-4
2904	4.0E-4
2905	4.0E-4
2906	4.0E-4
2907	4.0E-4
2908	4.0E-4
2909	4.0E-4
291	0.132
2910	4.0E-4
2911	4.0E-4
2912	4.0E-4
2913	4.0E-4
2914	4.0E-4
2915	4.0E-4
2916	4.0E-4
2917	4.0E-4
2918	4.0E-4
2919	4.0E-4
292	0.1286
2920	4.0E-4
2921	4.0E-4
2922	4.0E-4
2923	4.0E-4
2924	4.0E-4
2925	4.0E-4
2926	4.0E-4
2927	4.0E-4
2928	4.0E-4
2929	4.0E-4
293	0.127
2930	4.0E-4
2931	4.0E-4
2932	4.0E-4
2933	4.0E-4
2934	4.0E-4
2935	4.0E-4
2936	4.0E-4
2937	4.0E-4
2938	4.0E-4
2939	4.0E-4
294	0.1914
2940	4.0E-4
2941	4.0E-4
2942	4.0E-4
2943	4.0E-4
2944	4.0E-4
2945	4.0E-4
2946	4.0E-4
2947	4.0E-4
2948	4.0E-4
2949	4.0E-4
295	0.1918
2950	4.0E-4
2951	4.0E-4
2952	4.0E-4
2953	4.0E-4
2954	4.0E-4
2955	4.0E-4
2956	4.0E-4
2957	4.0E-4
2958	4.0E-4
2959	4.0E-4
296	0.191
2960	4.0E-4
2961	4.0E-4
2962	4.0E-4
2963	4.0E-4
2964	4.0E-4
2965	4.0E-4
2966	4.0E-4
2967	4.0E-4
2968	4.0E-4
2969	4.0E-4
297	0.1987
2970	4.0E-4
2971	4.0E-4
2972	4.0E-4
2973	4.0E-4
2974	4.0E-4
2975	4.0E-4
2976	4.0E-4
2977	4.0E-4
2978	4.0E-4
2979	4.0E-4
298	0.1991
2980	4.0E-4
2981	4.0E-4
2982	4.0E-4
2983	0.0101
2984	0.0011
2985	0.0011
2986	0.0011
2987	0.0011
2988	0.0011
2989	0.0011
299	0.191
2990	0.0129
2991	0.0079
2992	0.0079
2993	0.0079
2994	0.0033
2995	0.0079
2996	0.0084
2997	0.0079
2998	0.0033
2999	0.0016
3	0.0139
30	3.516
300	0.5926
3000	0.0016
3001	0.0016
3002	0.0016
3003	0.0016
3004	0.0016
3005	0.0016
3006	0.0016
3007	0.0016
3008	0.0016
3009	0.0016
301	0.191
3010	0.0016
3011	0.0016
3012	0.0016
3013	0.0016
3014	0.0016
3015	0.0016
3016	0.0016
3017	0.0016
3018	0.0016
3019	0.0016
302	0.4631
3020	0.0016
3021	0.0017
3022	0.0016
3023	0.0016
3024	0.0016
3025	0.0016
3026	0.0092
3027	0.0092
3028	0.0051
3029	0.0051
303	0.7342
3030	0.0192
3031	0.0192
3032	0.0019
3033	0.0019
3034	0.0019
3035	0.0019
3036	0.0019
3037	0.0019
3038	0.0019
3039	0.0019
304	0.0084
3040	0.0019
3041	0.0019
3042	0.0019
3043	0.0019
3044	0.0019
3045	0.0019
3046	0.0019
3047	0.0019
3048	0.0019
3049	0.0019
305	0.0195
3050	0.0019
3051	0.0019
3052	0.0019
3053	0.0019
3054	0.0019
3055	0.0235
3056	0.0168
3057	0.0235
3058	0.0168
3059	0.0033
306	0.0219
3060	0.0033
3061	0.0033
3062	0.0033
3063	0.0033
3064	0.0033
3065	0.014
3066	0.014
3067	0.0033
3068	0.01
3069	0.0038
307	0.0219
3070	0.0038
3071	0.0038
3072	0.0034
3073	0.0034
3074	0.0034
3075	0.0034
3076	0.0034
3077	0.0034
3078	4.0E-4
3079	4.0E-4
308	0.0104
3080	4.0E-4
3081	4.0E-4
3082	4.0E-4
3083	4.0E-4
3084	4.0E-4
3085	4.0E-4
3086	4.0E-4
3087	4.0E-4
3088	0.7029
3089	2.77
309	1.056
3090	0.2436
3091	0.2436
3092	0.2436
3093	0.2436
3094	0.2497
3095	0.4921
3096	0.2436
3097	0.2688
3098	0.4331
3099	0.4041
31	2.0055
310	0.8693
3100	0.4041
3101	0.4041
3102	0.2712
3103	0.2712
3104	0.3002
3105	0.4041
3106	0.4041
3107	0.4121
3108	0.4041
3109	0.5085
311	0.8729
3110	0.4041
3111	1.3984
3112	0.386
3113	0.3778
3114	0.0638
3115	0.072
3116	0.0638
3117	0.1624
3118	0.0638
3119	0.3572
312	0.9127
3120	0.3516
3121	9.0E-4
3122	2.0E-4
3123	3.0E-4
3124	2.0E-4
3125	7.0E-4
3126	5.0E-4
3127	5.0E-4
3128	6.0E-4
3129	1.0018
313	0.8693
3130	0.0057
3131	0.0057
3132	0.0057
3133	0.0052
3134	0.0052
3135	0.0052
3136	0.0052
3137	0.0052
3138	0.0052
3139	0.0183
314	0.8693
3140	0.0904
3141	0.0904
3142	0.0904
3143	0.0904
3144	0.0904
3145	0.0904
3146	0.0904
3147	0.0904
3148	0.0904
3149	0.0904
315	0.8693
3150	0.0904
3151	0.0904
3152	9.0E-4
3153	3.0E-4
3154	3.0E-4
3155	3.0E-4
3156	0.056
3157	0.0075
3158	0.0035
3159	0.0072
316	0.8693
3160	0.0035
3161	0.0067
3162	0.0035
3163	0.884
3164	0.203
3165	0.0035
3166	0.0035
3167	0.0154
3168	0.0154
3169	0.0348
317	0.8693
3170	0.1268
3171	0.1287
3172	0.1287
3173	0.1268
3174	4.0E-4
3175	4.0E-4
3176	4.0E-4
3177	0.0555
3178	0.0555
3179	0.0555
318	0.8693
3180	0.0654
3181	0.871
3182	2.6315
3183	0.0873
3184	1.4242
3185	0.0555
3186	5.7108
3187	0.0811
3188	3.6315
3189	1.6715
319	0.8693
3190	1.6715
3191	0.0661
3192	0.0555
3193	0.0555
3194	0.0555
3195	0.0555
3196	0.2716
3197	0.0
3198	0.0
3199	0.0
32	3.2234
320	1.0512
3200	0.0
3201	0.0
3202	0.0
3203	0.0
3204	0.0
3205	0.0
3206	0.0
3207	0.0
3208	0.0
3209	0.0
321	0.0965
3210	0.0
3211	0.0
3212	0.0
3213	0.0
3214	0.0
3215	0.0
3216	0.0
3217	0.0
3218	0.0
3219	0.0
322	0.097
3220	9.1375
3221	7.0696
3222	2.2398
3223	5.0006
3224	7.7591
3225	3.8508
3226	6.38
3227	12.1262
3228	5.6905
3229	3.3908
323	0.097
3230	0.0
3231	0.0
3232	0.0
3233	8.0E-4
3234	8.0E-4
3235	8.0E-4
3236	5.0E-4
3237	5.0E-4
3238	0.0094
3239	0.0067
324	0.1219
3240	0.0067
3241	6.0E-4
3242	6.0E-4
3243	6.0E-4
3244	6.0E-4
3245	6.0E-4
3246	6.0E-4
3247	6.0E-4
3248	6.0E-4
3249	6.0E-4
325	0.0254
3250	6.0E-4
3251	6.0E-4
3252	6.0E-4
3253	6.0E-4
3254	6.0E-4
3255	6.0E-4
3256	6.0E-4
3257	6.0E-4
3258	6.0E-4
3259	6.0E-4
326	0.0254
3260	6.0E-4
3261	6.0E-4
3262	6.0E-4
3263	6.0E-4
3264	6.0E-4
3265	6.0E-4
3266	6.0E-4
3267	0.0
3268	0.0
3269	0.0
327	0.0254
3270	0.0
3271	0.0
3272	0.0
3273	0.0
3274	3.6359
3275	0.0
3276	2.0E-4
3277	2.0E-4
3278	2.0E-4
3279	0.0
328	0.0254
3280	0.0
3281	0.0
3282	0.0
3283	0.0
3284	0.0
3285	0.0
3286	0.0
3287	0.0
3288	0.0
3289	0.0
329	0.0254
3290	0.0
3291	0.0
3292	0.0
3293	0.0
3294	0.0
3295	0.0
3296	0.0
3297	0.0
3298	0.0
3299	0.0
33	4.2273
330	0.0254
3300	0.0032
3301	0.0032
3302	0.0032
3303	0.0011
3304	0.0011
3305	0.0011
3306	0.0011
3307	0.0011
3308	0.0011
3309	0.0011
331	0.0912
3310	0.0011
3311	0.0011
3312	0.0011
3313	8.0E-4
3314	8.0E-4
3315	8.0E-4
3316	8.0E-4
3317	8.0E-4
3318	8.0E-4
3319	9.0E-4
332	0.1046
3320	9.0E-4
3321	0.001
3322	0.0286
3323	0.0286
3324	0.0286
3325	0.0286
3326	0.0286
3327	0.0286
3328	0.0286
3329	1.0E-4
333	0.0081
3330	1.0E-4
3331	1.0E-4
3332	1.0E-4
3333	1.0E-4
3334	1.0E-4
3335	1.0E-4
3336	1.0E-4
3337	1.0E-4
3338	1.0E-4
3339	1.0E-4
334	0.1764
3340	1.0E-4
3341	0.0
3342	0.0
3343	0.0
3344	0.0
3345	0.0
3346	0.0
3347	0.0
3348	0.0
3349	0.0
335	0.1764
3350	0.0
3351	1.0E-4
3352	1.0E-4
3353	1.0E-4
3354	1.0E-4
3355	1.0E-4
3356	1.0E-4
3357	0.0
3358	0.0
3359	0.0
336	0.1764
3360	0.0
3361	0.0
3362	0.0
3363	0.0
3364	0.0
3365	0.0
3366	0.0
3367	0.0
3368	0.0
3369	0.0
337	0.7137
3370	0.0
3371	0.0
3372	0.0
3373	0.0
3374	0.0
3375	0.0
3376	0.0
3377	0.0
3378	0.0
3379	0.0
338	0.7137
3380	0.0
3381	0.0
3382	0.0
3383	0.0
3384	0.0
3385	0.0
3386	0.0
3387	0.0
3388	0.0
3389	0.0
339	0.7137
3390	0.0
3391	0.0
3392	0.0
3393	0.0
3394	0.0
3395	0.0
3396	0.0
3397	0.0
3398	0.0
3399	0.0
34	1.9983
340	0.0098
3400	0.0
3401	0.0
3402	0.0
3403	0.0
3404	0.0
3405	0.0
3406	0.0
3407	0.0
3408	0.0
3409	0.0
341	0.0194
3410	0.0
3411	0.0
3412	0.0
3413	0.0
3414	0.0
3415	0.0
3416	0.0
3417	0.0
3418	0.0
3419	0.0
342	9.0E-4
3420	0.0
3421	0.0
3422	0.0
3423	0.0
3424	0.0
3425	0.0
3426	0.0
3427	0.0
3428	0.0
3429	0.0
343	9.0E-4
3430	0.0
3431	0.0
3432	0.0
3433	0.0
3434	0.0
3435	0.0
3436	0.0
3437	0.0
3438	0.0
3439	0.0
344	0.0373
3440	0.0
3441	0.0
3442	0.0
3443	0.0
3444	0.0
3445	0.0
3446	0.0
3447	0.0
3448	0.0
3449	0.0
345	3.0E-4
3450	0.0
3451	0.0
3452	0.0
3453	0.0
3454	0.0
3455	0.0
3456	0.0
3457	0.0
3458	0.0
3459	0.0
346	4.0E-4
3460	0.0
3461	0.0
3462	0.0
3463	0.0
3464	0.0
3465	0.0
3466	0.0
3467	0.0
3468	0.0
3469	0.0
347	4.0E-4
3470	0.0
3471	2.0E-4
3472	2.0E-4
3473	2.0E-4
3474	2.0E-4
3475	2.0E-4
3476	2.0E-4
3477	2.0E-4
3478	2.0E-4
3479	1.0697
348	8.0E-4
3480	1.0697
3481	1.0697
3482	1.0697
3483	1.0697
3484	1.0697
3485	1.0697
3486	1.0697
3487	1.0697
3488	1.0697
3489	0.0
349	4.0E-4
3490	0.0
3491	0.0
3492	1.0E-4
3493	1.0E-4
3494	1.0E-4
3495	0.0
3496	0.0
3497	0.0
3498	0.0
3499	0.0
35	2.3048
350	6.0E-4
3500	0.0
3501	0.0
3502	0.0
3503	0.0
3504	0.0
3505	0.0
3506	0.0
3507	0.0
3508	0.0
3509	0.0
351	4.0E-4
3510	0.0
3511	0.0081
3512	0.3525
3513	0.0017
3514	2.0152
3515	0.0015
3516	0.0015
3517	0.0028
3518	0.0028
3519	0.0028
352	3.0E-4
3520	5.0E-4
3521	2.0E-4
3522	5.0E-4
3523	2.0E-4
3524	2.0E-4
3525	2.0E-4
3526	2.0E-4
3527	2.0E-4
3528	2.0E-4
3529	2.0E-4
353	3.0E-4
3530	2.0E-4
3531	2.0E-4
3532	0.0012
3533	2.0E-4
3534	0.0012
3535	2.0E-4
3536	2.0E-4
3537	2.0E-4
3538	2.0E-4
3539	2.0E-4
354	3.0E-4
3540	2.0E-4
3541	2.0E-4
3542	2.0E-4
3543	2.0E-4
3544	2.0E-4
3545	2.0E-4
3546	2.0E-4
3547	2.0E-4
3548	2.0E-4
3549	2.0E-4
355	3.0E-4
3550	2.0E-4
3551	2.0E-4
3552	2.0E-4
3553	2.0E-4
3554	2.0E-4
3555	5.0E-4
3556	2.0E-4
3557	2.0E-4
3558	2.0E-4
3559	2.0E-4
356	2.1877
3560	2.0E-4
3561	2.0E-4
3562	2.0E-4
3563	2.0E-4
3564	9.0E-4
3565	9.0E-4
3566	9.0E-4
3567	9.0E-4
3568	9.0E-4
3569	9.0E-4
357	1.9937
3570	9.0E-4
3571	9.0E-4
3572	9.0E-4
3573	9.0E-4
3574	7.0E-4
3575	7.0E-4
3576	7.0E-4
3577	7.0E-4
3578	7.0E-4
3579	7.0E-4
358	0.3714
3580	7.0E-4
3581	7.0E-4
3582	8.0E-4
3583	0.0138
3584	1.1516
3585	1.3286
3586	1.7468
3587	1.3286
3588	0.0298
3589	0.0298
359	0.5991
3590	0.0478
3591	0.0528
3592	0.0528
3593	0.0528
3594	0.0665
3595	0.0665
3596	0.0665
3597	0.0423
3598	0.0665
3599	0.0665
36	5.1338
360	0.3714
3600	0.5195
3601	0.0444
3602	0.287
3603	0.062
3604	0.0636
3605	0.2168
3606	0.2168
3607	0.0134
3608	0.0328
3609	0.0134
361	0.3714
3610	0.0328
3611	0.0201
3612	0.0201
3613	0.35
3614	0.0328
3615	0.1106
3616	0.1447
3617	0.0271
3618	0.0271
3619	0.0271
362	1.1135
3620	0.0271
3621	0.0271
3622	0.0271
3623	0.0271
3624	0.0612
3625	0.0271
3626	0.0545
3627	0.0341
3628	0.0341
3629	0.0341
363	0.0285
3630	0.0341
3631	0.0341
3632	0.0341
3633	0.0341
3634	0.0434
3635	0.0434
3636	0.0434
3637	0.0684
3638	0.0155
3639	0.0155
364	0.0285
3640	0.0155
3641	0.0155
3642	0.0155
3643	2.0998
3644	2.0998
3645	1.9691
3646	1.9691
3647	1.9691
3648	1.9691
3649	0.0154
365	0.0505
3650	0.0154
3651	0.0154
3652	0.0154
3653	0.0154
3654	0.0154
3655	0.0154
3656	0.0154
3657	0.0154
3658	0.0154
3659	0.0283
366	0.0285
3660	0.0137
3661	0.0137
3662	0.0137
3663	0.0137
3664	0.1613
3665	0.0
3666	0.0
3667	0.0
3668	0.0
3669	0.0
367	0.0285
3670	0.0
3671	0.0
3672	0.0
3673	0.0
3674	0.0
3675	0.0
3676	0.0
3677	0.0
3678	0.0
3679	0.0
368	0.0285
3680	0.0
3681	0.0
3682	0.0
3683	0.0
3684	0.0
3685	0.0
3686	0.0
3687	0.0
3688	0.0
3689	0.0
369	1.3399
3690	0.0
3691	0.0
3692	0.0
3693	0.0
3694	0.0
3695	0.0
3696	0.0
3697	0.0
3698	0.0
3699	0.0
37	23.7887
370	4.0E-4
3700	3.0E-4
3701	9.0E-4
3702	0.3523
3703	3.0E-4
3704	0.0113
3705	0.0469
3706	0.0263
3707	0.0105
3708	0.0105
3709	0.0063
371	0.0033
3710	0.0054
3711	0.0105
3712	0.0054
3713	0.0085
3714	0.0085
3715	0.0085
3716	0.0021
3717	0.0021
3718	0.0034
3719	0.0032
372	4.0E-4
3720	0.0033
3721	0.0014
3722	0.0014
3723	8.0E-4
3724	8.0E-4
3725	8.0E-4
3726	0.003
3727	0.003
3728	0.003
3729	7.2577
373	4.0E-4
3730	8.0E-4
3731	8.0E-4
3732	8.0E-4
3733	0.1769
3734	0.7702
3735	0.1888
3736	0.1769
3737	0.0228
3738	0.0727
3739	0.082
374	4.0E-4
3740	0.1723
3741	0.0463
3742	5.7203
3743	0.0228
3744	0.0228
3745	0.0228
3746	0.0228
3747	0.0228
3748	0.006
3749	0.0093
375	4.0E-4
3750	0.006
3751	0.0051
3752	0.0051
3753	0.0051
3754	0.0051
3755	0.0051
3756	0.0051
3757	0.0051
3758	0.0051
3759	0.0206
376	4.0E-4
3760	0.0206
3761	0.0206
3762	0.1071
3763	0.1071
3764	0.1071
3765	0.1071
3766	1.1486
3767	1.1486
3768	0.01
3769	0.01
377	5.0E-4
3770	0.01
3771	0.01
3772	0.01
3773	1.3761
3774	1.3761
3775	1.3761
3776	1.3761
3777	0.0115
3778	0.0115
3779	0.0115
378	4.0E-4
3780	0.0115
3781	0.566
3782	0.7399
3783	0.566
3784	0.566
3785	0.566
3786	0.566
3787	0.0106
3788	0.0149
3789	0.7656
379	4.0E-4
3790	0.7656
3791	0.7656
3792	0.1942
3793	0.1942
3794	0.1942
3795	0.1942
3796	0.1942
3797	0.1942
3798	0.1942
3799	0.1942
38	21.8969
380	3.0E-4
3800	0.0
3801	0.0
3802	0.0
3803	0.0
3804	0.0
3805	0.0
3806	0.0
3807	0.0
3808	3.6359
3809	0.0
381	3.0E-4
3810	2.0E-4
3811	2.0E-4
3812	2.0E-4
3813	0.0
3814	0.0
3815	0.0
3816	0.0
3817	0.0
3818	0.0
3819	0.0
382	0.0349
3820	0.0
3821	0.0
3822	0.0
3823	0.0
3824	0.0
3825	0.0
3826	0.0
3827	0.0
3828	0.0
3829	0.0
383	0.0349
3830	0.0
3831	0.0
3832	0.0
3833	0.0
3834	10.6446
3835	5.1305
3836	1.9776
3837	0.8616
3838	0.5157
3839	0.4262
384	0.0671
3840	0.395
3841	0.3886
3842	0.3864
3843	0.3861
3844	0.386
3845	0.386
3846	0.386
3847	0.386
3848	0.386
3849	0.386
385	0.0671
3850	0.386
3851	0.386
3852	0.386
3853	0.386
3854	0.386
3855	0.386
3856	0.386
3857	0.386
3858	0.386
3859	0.386
386	0.0671
3860	0.386
3861	0.386
3862	0.386
3863	0.386
3864	0.386
3865	0.3861
3866	0.3863
3867	0.3882
3868	0.394
3869	0.4235
387	0.1477
3870	0.5323
3871	1.0317
3872	2.8027
3873	8.1346
3874	0.2233
3875	8.2827
3876	4.0618
3877	1.6231
3878	0.7538
3879	0.4846
388	0.0395
3880	0.4147
3881	0.3904
3882	0.3854
3883	0.3837
3884	0.3835
3885	0.3834
3886	0.3834
3887	0.3834
3888	0.3834
3889	0.3834
389	0.0816
3890	0.3834
3891	0.3834
3892	0.3834
3893	0.3834
3894	0.3834
3895	0.3834
3896	0.3834
3897	0.3835
3898	0.3836
3899	0.3851
39	5.7408
390	0.0019
3900	0.3896
3901	0.4127
3902	0.4976
3903	0.8869
3904	2.2532
3905	6.3376
3906	0.2215
3907	2.7547
3908	1.5462
3909	0.7761
391	0.0367
3910	0.4845
3911	0.3964
3912	0.3802
3913	0.4012
3914	0.5308
3915	0.9519
3916	2.1303
3917	0.2057
3918	5.9178
3919	2.9901
392	0.0013
3920	1.266
3921	0.6437
3922	0.4513
3923	0.4011
3924	0.3837
3925	0.3801
3926	0.3788
3927	0.3787
3928	0.3786
3929	0.3786
393	0.0013
3930	0.3786
3931	0.3787
3932	0.3788
3933	0.3799
3934	0.3831
3935	0.3997
3936	0.4607
3937	0.7397
3938	1.7012
3939	4.5384
394	0.0013
3940	0.2183
3941	9.0701
3942	4.4183
3943	1.7414
3944	0.7899
3945	0.4951
3946	0.4187
3947	0.3921
3948	0.3867
3949	0.3847
395	0.0013
3950	0.3845
3951	0.3844
3952	0.3844
3953	0.3844
3954	0.3844
3955	0.3844
3956	0.3844
3957	0.3844
3958	0.3844
3959	0.3844
396	0.0019
3960	0.3844
3961	0.3844
3962	0.3844
3963	0.3844
3964	0.3844
3965	0.3844
3966	0.3845
3967	0.3847
3968	0.3863
3969	0.3912
397	0.0013
3970	0.4164
3971	0.5094
3972	0.9353
3973	2.4366
3974	6.9368
3975	0.2222
3976	4.6024
3977	2.3922
3978	1.0653
3979	0.5803
398	0.0013
3980	0.4307
3981	0.3914
3982	0.3778
3983	0.375
3984	0.374
3985	0.374
3986	0.3748
3987	0.3774
3988	0.3903
3989	0.4381
399	0.0024
3990	0.6557
3991	1.3923
3992	3.5373
3993	0.2152
3994	7.4946
3995	3.7049
3996	1.5044
3997	0.7174
3998	0.4738
3999	0.4105
4	0.0081
40	8.2033
400	0.0013
4000	0.3885
4001	0.384
4002	0.3824
4003	0.3822
4004	0.3821
4005	0.3821
4006	0.3821
4007	0.3821
4008	0.3821
4009	0.3821
401	0.0013
4010	0.3821
4011	0.3821
4012	0.3821
4013	0.3822
4014	0.3824
4015	0.3837
4016	0.3878
4017	0.4087
4018	0.4857
4019	0.8381
402	0.0013
4020	2.0696
4021	5.7381
4022	0.2207
4023	14.0576
4024	6.6736
4025	2.4884
4026	1.016
4027	0.5591
4028	0.4414
4029	0.4
403	0.0013
4030	0.3918
4031	0.3888
4032	0.3885
4033	0.3883
4034	0.3883
4035	0.3883
4036	0.3883
4037	0.3883
4038	0.3883
4039	0.3883
404	0.0019
4040	0.3883
4041	0.3883
4042	0.3883
4043	0.3883
4044	0.3883
4045	0.3883
4046	0.3883
4047	0.3883
4048	0.3883
4049	0.3883
405	0.0013
4050	0.3883
4051	0.3883
4052	0.3883
4053	0.3883
4054	0.3883
4055	0.3883
4056	0.3883
4057	0.3883
4058	0.3883
4059	0.3883
406	0.0019
4060	0.3883
4061	0.3883
4062	0.3883
4063	0.3883
4064	0.3883
4065	0.3883
4066	0.3883
4067	0.3885
4068	0.3887
4069	0.3912
407	0.0013
4070	0.3987
4071	0.4377
4072	0.5809
4073	1.2394
4074	3.5953
4075	10.7308
4076	0.2248
4077	6.7067
4078	3.3478
4079	1.3854
408	0.0013
4080	0.6808
4081	0.4628
4082	0.406
4083	0.3863
4084	0.3822
4085	0.3808
4086	0.3807
4087	0.3806
4088	0.3806
4089	0.3806
409	0.0432
4090	0.3806
4091	0.3806
4092	0.3806
4093	0.3807
4094	0.3808
4095	0.382
4096	0.3857
4097	0.4044
4098	0.4734
4099	0.7891
41	5.6114
410	0.0432
4100	1.8857
4101	5.1386
4102	0.2197
4103	4.0756
4104	2.152
4105	0.9841
4106	0.5541
4107	0.4216
4108	0.3866
4109	0.3747
411	0.0432
4110	0.3722
4111	0.3721
4112	0.3743
4113	0.3857
4114	0.4282
4115	0.6212
4116	1.2679
4117	3.1363
4118	0.2133
4119	0.0
412	0.0432
4120	0.0
4121	0.0014
4122	0.0037
4123	0.0037
4124	0.0
4125	0.0
4126	0.0
4127	0.0
4128	0.0
4129	0.0
413	0.0432
4130	0.0
4131	0.0
4132	0.0
4133	0.0
4134	0.0
4135	0.0
4136	0.0
4137	0.0
4138	0.0
4139	4.3583
414	0.0432
4140	2.284
4141	1.0537
4142	0.6053
4143	0.4691
4144	0.4334
4145	0.4213
4146	0.4188
4147	0.4187
4148	0.421
4149	0.4328
415	0.0313
4150	0.4771
4151	0.6809
4152	1.3691
4153	3.3751
4154	6.0E-4
4155	6.0E-4
4156	6.0E-4
4157	6.0E-4
4158	6.0E-4
4159	6.0E-4
416	0.2187
4160	0.0
4161	0.0
4162	0.0
4163	0.0
4164	0.0
4165	0.0
4166	0.0
4167	0.0
4168	0.0
4169	0.0
417	5.0E-4
4170	0.0
4171	0.0
4172	0.0
4173	0.0
4174	0.0
4175	0.0
4176	0.0
4177	0.0
4178	0.0
4179	0.0
418	5.0E-4
4180	0.0
4181	0.0
4182	0.0
4183	0.0
4184	0.0
4185	0.0
4186	0.0
4187	0.0
4188	0.0
4189	0.0
419	5.0E-4
4190	0.0
4191	0.0
4192	0.0
4193	0.0
4194	0.0
4195	0.0
4196	0.0
4197	0.0
4198	0.0
4199	0.0
42	7.2029
420	5.0E-4
4200	0.0
4201	0.0
4202	0.0
4203	0.0
4204	0.0
4205	0.0
4206	0.0
4207	0.0
4208	0.0
4209	0.0
421	5.0E-4
4210	0.0
4211	0.0
4212	0.0
4213	0.0
4214	0.0
4215	0.0
4216	0.0
4217	0.0
4218	0.0
4219	0.0
422	5.0E-4
4220	0.0
4221	0.0
4222	0.0
4223	0.0
4224	0.0
4225	0.0
4226	0.0
4227	0.0
4228	0.0
4229	0.0
423	5.0E-4
4230	0.0
4231	0.0
4232	0.0
4233	0.0
4234	0.0
4235	0.0
4236	0.0
4237	0.0
4238	0.0
4239	0.0
424	5.0E-4
4240	0.0
4241	0.0
4242	0.0
4243	0.0
4244	0.0
4245	0.0
4246	0.0
4247	0.0
4248	0.0
4249	0.0
425	13.7272
4250	0.0
4251	0.0
4252	0.0
4253	0.0
4254	0.0
4255	0.0
4256	0.0
4257	0.0
4258	0.0
4259	0.0
426	0.4187
4260	0.0
4261	0.0
4262	0.0
4263	0.0
4264	0.0
4265	0.0
4266	0.0
4267	0.0
4268	0.0
4269	0.0
427	0.2491
4270	0.0
4271	0.0
4272	0.0
4273	0.0
4274	0.0
4275	0.0
4276	0.0
4277	0.0
4278	0.0
4279	0.0
428	0.0734
4280	0.0
4281	0.0
4282	0.0
4283	0.0
4284	0.0
4285	0.0
4286	0.0
4287	0.0
4288	0.0
4289	0.0
429	0.4345
4290	0.0
4291	0.0
4292	0.0
4293	0.0
4294	0.0
4295	0.0
4296	0.0
4297	0.0
4298	0.0
4299	0.0
43	17.9318
430	0.8903
4300	0.0
4301	0.0
4302	0.0
4303	0.0
4304	0.0
4305	0.0
4306	0.0
4307	0.0
4308	0.0
4309	0.0
431	0.0291
4310	0.0
4311	0.0
4312	0.0
4313	0.0
4314	0.0
4315	0.0
4316	0.0
4317	0.0
4318	0.0
4319	0.0
432	0.0016
4320	0.0
4321	0.0
4322	0.0
4323	0.0
4324	0.0
4325	0.0
4326	0.0
4327	0.0
4328	0.0
4329	0.0
433	0.0281
4330	0.0
4331	0.0
4332	0.0
4333	0.0
4334	0.0
4335	0.0
4336	0.0
4337	0.0
4338	0.0
4339	0.0
434	0.0281
4340	0.0
4341	0.0
4342	0.0
4343	0.0
4344	0.0
4345	0.0
4346	0.0
4347	0.0
4348	0.0
4349	0.0
435	0.0267
4350	0.0
4351	0.0
4352	0.0
4353	0.0
4354	0.0
4355	0.0
4356	0.0
4357	0.0
4358	0.0
4359	0.0
436	0.0267
4360	0.0
4361	0.0
4362	0.0
4363	0.0
4364	0.0
4365	0.0
4366	0.0
4367	0.0
4368	0.0
4369	0.0
437	0.0267
4370	0.0
4371	0.0
4372	0.0
4373	0.0
4374	0.0
4375	0.0
4376	0.0
4377	0.0
4378	0.0
4379	0.0
438	0.0267
4380	0.0
4381	0.0
4382	0.0
4383	0.0
4384	0.0
4385	0.0
4386	0.0
4387	0.0
4388	0.0
4389	0.0
439	0.0267
4390	0.0
4391	0.0
4392	0.0
4393	0.0
4394	0.0
4395	0.0
4396	0.0
4397	0.0
4398	0.0
4399	0.0
44	4.7265
440	0.0269
4400	0.0
4401	0.0
4402	0.0
4403	0.0
4404	0.0
4405	0.0
4406	0.0
4407	0.0
4408	0.0
4409	0.0
441	0.0024
4410	0.0
4411	0.0
4412	0.0
4413	0.0
4414	0.0
4415	0.0
4416	0.0
4417	0.0
4418	0.0
4419	0.0
442	0.0029
4420	0.0
4421	0.0
4422	0.0
4423	0.0
4424	0.0
4425	0.0
4426	0.0
4427	0.0
4428	0.0
4429	0.0
443	0.0029
4430	0.0
4431	0.0
4432	0.0
4433	0.0
4434	0.0
4435	0.0
4436	2.0E-4
4437	2.0E-4
4438	1.0E-4
4439	2.0E-4
444	0.0029
4440	2.0E-4
4441	2.0E-4
4442	2.0E-4
4443	1.0E-4
4444	1.0E-4
4445	1.0E-4
4446	1.0E-4
4447	3.0E-4
4448	1.0E-4
4449	1.0E-4
445	0.039
4450	1.0E-4
4451	0.0
4452	0.0
4453	0.0
4454	0.0
4455	0.0
4456	0.0
4457	0.0
4458	3.6359
4459	0.0
446	0.0394
4460	2.0E-4
4461	2.0E-4
4462	2.0E-4
4463	0.0
4464	0.0
4465	0.0
4466	0.0
4467	0.0
4468	0.0
4469	0.0
447	0.039
4470	0.0
4471	0.0
4472	0.0
4473	0.0
4474	0.0
4475	0.0
4476	0.0
4477	0.0
4478	0.0
4479	0.0
448	0.0682
4480	0.0
4481	0.0
4482	0.0
4483	0.0
4484	0.1623
4485	1.0147
4486	0.0
4487	0.0
4488	0.0
4489	0.0
449	0.0379
4490	0.0
4491	0.0
4492	0.0
4493	0.0
4494	0.0
4495	0.0
4496	0.0
4497	0.0
4498	0.0
4499	0.0
45	2.3435
450	0.0278
4500	0.0
4501	0.0
4502	0.0
4503	0.0
4504	0.0
4505	0.0
4506	0.0
4507	0.0
4508	0.0
4509	0.0
451	0.0263
4510	0.0
4511	0.0
4512	0.0
4513	0.0
4514	0.0
4515	0.0
4516	0.0
4517	0.0
4518	0.0
4519	0.0
452	0.0214
4520	0.0
4521	0.0
4522	0.0
4523	0.0
4524	0.0
4525	0.0
4526	0.0
4527	0.0
4528	0.0
4529	0.0
453	0.0199
4530	0.0
4531	0.0
4532	0.0
4533	0.0
4534	0.0
4535	0.0
4536	0.0
4537	0.0
4538	0.0
4539	0.0
454	0.0199
4540	0.0
4541	0.0
4542	0.0
4543	0.0
4544	0.0
4545	0.0
4546	0.0
4547	0.0
4548	0.0
4549	0.0
455	0.0199
4550	0.0
4551	0.0
4552	0.0
4553	0.0
4554	0.0
4555	0.0
4556	0.0
4557	0.0
4558	0.0
4559	0.0
456	0.0199
4560	0.0
4561	0.0
4562	0.0
4563	0.0
4564	0.0
4565	0.0
4566	0.0
4567	0.0
4568	0.0
4569	0.0
457	0.1641
4570	0.0
4571	0.0
4572	0.0
4573	0.0
4574	0.0
4575	0.0
4576	0.0
4577	0.0
4578	0.0
4579	0.0
458	0.1641
4580	0.0
4581	0.0
4582	0.0
4583	0.0
4584	0.0
4585	0.0
4586	0.0
4587	0.0
4588	0.0
4589	0.0
459	0.1641
4590	0.0
4591	0.0
4592	0.0
4593	0.0
4594	0.0
4595	0.0
4596	0.0
4597	0.0
4598	0.0
4599	0.0
46	5.1418
460	0.1497
4600	0.0
4601	0.0
4602	0.0
4603	0.0
4604	0.0
4605	0.0
4606	0.0
4607	0.0
4608	0.0
4609	0.0
461	0.1641
4610	0.0
4611	0.0
4612	0.0
4613	0.0
4614	0.0
4615	0.0
4616	0.0
4617	0.0
4618	0.0
4619	0.0
462	0.1652
4620	0.0
4621	0.0
4622	0.0
4623	0.0
4624	0.0
4625	0.0
4626	0.0
4627	0.0
4628	0.0
4629	0.0
463	0.1652
4630	0.0
4631	0.0
4632	0.0
4633	0.0
4634	0.0
4635	0.0
4636	0.0
4637	0.0
4638	0.0
4639	0.0
464	0.1652
4640	0.0
4641	0.0
4642	0.0
4643	0.0
4644	0.0
4645	0.0
4646	0.0
4647	0.0
4648	0.0
4649	0.0
465	0.1641
4650	0.0
4651	0.0
4652	0.0
4653	0.0
4654	0.0
4655	0.0
4656	0.0
4657	0.0
4658	0.0
4659	0.0
466	0.1641
4660	0.0
4661	0.0
4662	0.0
4663	0.0
4664	0.0
4665	0.0
4666	0.0
4667	0.0
4668	0.0
4669	0.0
467	0.1799
4670	0.0
4671	0.0
4672	0.0
4673	0.0
4674	0.0
4675	0.0
4676	0.0
4677	0.0
4678	0.0
4679	0.0
468	0.1799
4680	0.0
4681	0.0
4682	0.0
4683	0.0
4684	0.0
4685	0.0
4686	0.0
4687	0.0
4688	0.0
4689	0.0
469	0.0553
4690	0.0
4691	0.0
4692	0.0
4693	0.0
4694	0.0
4695	0.0
4696	0.0
4697	0.0
4698	0.0
4699	0.0
47	1.3536
470	0.0479
4700	0.0
4701	0.0
4702	0.0
4703	0.0
4704	0.0
4705	0.0
4706	0.0
4707	0.0
4708	0.0
4709	0.0
471	0.0479
4710	0.0
4711	0.0
4712	0.0
4713	0.0
4714	0.0
4715	0.0
4716	0.0
4717	0.0
4718	0.0
4719	0.0
472	0.0479
4720	0.0
4721	0.0
4722	0.0
4723	0.0
4724	0.0
4725	0.0
4726	0.0
4727	0.0
4728	0.0
4729	0.0
473	0.0443
4730	0.0
4731	0.0
4732	0.0
4733	0.0
4734	0.0
4735	0.0
4736	0.0
4737	0.0
4738	0.0
4739	0.0
474	0.0904
4740	0.0
4741	0.0
4742	0.0
4743	0.0
4744	0.0
4745	0.0
4746	0.0
4747	0.0
4748	0.0
4749	0.0
475	0.0116
4750	0.0
4751	0.0
4752	0.0
4753	0.0
4754	0.0
4755	0.0
4756	0.0
4757	0.0
4758	0.0
4759	0.0
476	0.0112
4760	0.0
4761	0.0
4762	2.0E-4
4763	2.0E-4
4764	1.0E-4
4765	2.0E-4
4766	2.0E-4
4767	2.0E-4
4768	2.0E-4
4769	1.0E-4
477	0.0112
4770	1.0E-4
4771	1.0E-4
4772	1.0E-4
4773	3.0E-4
4774	0.1974
4775	0.177
4776	0.7146
4777	0.7146
4778	0.1249
4779	0.1249
478	0.0112
4780	0.1249
4781	0.1045
4782	0.1045
4783	0.1045
4784	0.1125
4785	0.1338
4786	0.1338
4787	0.1381
4788	0.1381
4789	0.1045
479	0.1495
4790	0.1148
4791	0.1045
4792	0.1148
4793	0.0024
4794	0.0023
4795	0.0023
4796	0.0023
4797	0.0023
4798	0.0023
4799	0.0464
48	2.994
480	0.2219
4800	0.0023
4801	0.0061
4802	0.0081
4803	0.0081
4804	0.0081
4805	0.0714
4806	1.3699
4807	0.0357
4808	0.0357
4809	0.0714
481	0.1488
4810	2.873
4811	0.0477
4812	0.209
4813	0.0067
4814	0.0076
4815	0.3542
4816	0.0194
4817	0.0194
4818	0.0194
4819	1.1814
482	0.0503
4820	0.0194
4821	0.005
4822	0.005
4823	0.005
4824	0.005
4825	0.005
4826	0.005
4827	0.005
4828	0.0248
4829	0.0248
483	0.0492
4830	0.0107
4831	0.0072
4832	0.0072
4833	0.0374
4834	0.0374
4835	0.0374
4836	0.0374
4837	0.0374
4838	0.0352
4839	0.0061
484	0.0492
4840	0.0244
4841	0.0244
4842	0.0244
4843	0.0083
4844	0.0206
4845	0.0041
4846	0.0041
4847	0.0041
4848	0.3477
4849	0.3477
485	0.0421
4850	0.3477
4851	0.2612
4852	0.2612
4853	0.2612
4854	0.0153
4855	0.0153
4856	0.0153
4857	0.0699
4858	0.0699
4859	0.0699
486	0.0388
4860	0.2099
4861	0.2099
4862	0.1612
4863	0.0051
4864	0.0051
4865	0.0135
4866	0.0051
4867	0.0128
4868	0.0102
4869	0.0135
487	0.0388
4870	0.0135
4871	1.0E-4
4872	1.0E-4
4873	1.0E-4
4874	1.0E-4
4875	1.0E-4
4876	1.0E-4
4877	1.0E-4
4878	1.0E-4
4879	1.0E-4
488	0.0388
4880	1.0E-4
4881	1.0E-4
4882	1.0E-4
4883	1.0E-4
4884	1.0E-4
4885	1.0E-4
4886	1.0E-4
4887	1.0E-4
4888	1.0E-4
4889	1.0E-4
489	0.0388
4890	1.0E-4
4891	1.0E-4
4892	1.0E-4
4893	1.0E-4
4894	1.0E-4
4895	1.0E-4
4896	1.0E-4
4897	1.0E-4
4898	1.0E-4
4899	1.0E-4
49	1.3527
490	0.0388
4900	1.0E-4
4901	1.0E-4
4902	1.0E-4
4903	1.0E-4
4904	1.0E-4
4905	1.0E-4
4906	1.0E-4
4907	1.0E-4
4908	1.0E-4
4909	1.0E-4
491	0.0388
4910	1.0E-4
4911	1.0E-4
4912	1.0E-4
4913	1.0E-4
4914	1.0E-4
4915	1.0E-4
4916	1.0E-4
4917	1.0E-4
4918	1.0E-4
4919	1.0E-4
492	0.0614
4920	1.0E-4
4921	1.0E-4
4922	1.0E-4
4923	1.0E-4
4924	5.0E-4
4925	5.0E-4
4926	5.0E-4
4927	5.0E-4
4928	5.0E-4
4929	0.0014
493	0.0388
4930	0.1688
4931	0.1688
4932	0.1688
4933	0.1688
4934	0.1688
4935	0.1688
4936	0.1688
4937	0.0283
4938	0.0283
4939	0.0283
494	4.0E-4
4940	0.0283
4941	0.0283
4942	0.0283
4943	0.0283
4944	0.0283
4945	0.0283
4946	0.0283
4947	0.0283
4948	0.0283
4949	0.0283
495	4.0E-4
4950	0.0283
4951	0.0283
4952	0.0283
4953	0.0283
4954	0.0283
4955	0.0283
4956	0.0283
4957	0.0283
4958	0.0283
4959	0.0283
496	0.0029
4960	0.0283
4961	0.0283
4962	0.0283
4963	0.0402
4964	0.0283
4965	0.0283
4966	0.0283
4967	0.0283
4968	0.0283
4969	0.0283
497	4.0E-4
4970	0.0283
4971	0.0283
4972	0.0033
4973	0.0033
4974	0.0033
4975	0.0033
4976	0.0033
4977	0.0033
4978	0.0033
4979	0.0033
498	0.0052
4980	0.0033
4981	0.0033
4982	0.0033
4983	0.0033
4984	0.0033
4985	0.0033
4986	0.0033
4987	0.0033
4988	0.0033
4989	0.0033
499	0.0096
4990	0.0033
4991	0.0033
4992	0.0033
4993	0.0033
4994	0.0033
4995	0.0033
4996	0.0033
4997	0.0033
4998	0.0033
4999	0.0033
5	0.0081
50	1.3527
500	0.3377
5000	0.0033
5001	0.0303
5002	0.0303
5003	0.0303
5004	0.0303
5005	0.0303
5006	0.0303
5007	0.0303
5008	0.3318
5009	0.3318
501	0.3279
5010	0.3318
5011	0.3318
5012	0.3318
5013	0.0058
5014	0.0058
5015	0.0058
5016	0.0058
5017	0.0058
5018	0.0058
5019	0.0058
502	0.3225
5020	0.0058
5021	0.0058
5022	0.0058
5023	0.0058
5024	0.0058
5025	0.0058
5026	0.0058
5027	0.0058
5028	0.0058
5029	0.0058
503	0.129
5030	0.0058
5031	0.0058
5032	0.0058
5033	0.0033
5034	0.0033
5035	0.6474
5036	0.0
5037	0.0
5038	0.0
5039	0.0
504	0.129
5040	0.0
5041	0.0
5042	0.0
5043	0.0
5044	0.0
5045	0.0
5046	0.0
5047	0.0
5048	0.0
5049	0.0
505	0.3694
5050	0.0
5051	4.3583
5052	2.284
5053	1.0537
5054	0.6053
5055	0.4691
5056	0.4334
5057	0.4213
5058	0.4188
5059	0.4187
506	0.0111
5060	0.421
5061	0.4328
5062	0.4771
5063	0.6809
5064	1.3691
5065	3.3751
5066	6.0E-4
5067	6.0E-4
5068	6.0E-4
5069	6.0E-4
507	0.0111
5070	6.0E-4
5071	6.0E-4
5072	7.9407
5073	5.5785
5074	2.4403
5075	0.8203
5076	0.3495
5077	0.1897
5078	0.1496
5079	0.1351
508	0.0111
5080	0.1325
5081	0.1315
5082	0.1314
5083	0.1314
5084	0.1314
5085	0.1314
5086	0.1314
5087	0.1314
5088	0.1314
5089	0.1314
509	0.0111
5090	0.1314
5091	0.1314
5092	0.1314
5093	0.1314
5094	0.1314
5095	0.1314
5096	0.1314
5097	0.1314
5098	0.1314
5099	0.1314
510	0.0111
5100	0.1314
5101	0.1314
5102	0.1314
5103	0.1315
5104	0.1322
5105	0.1342
5106	0.1449
5107	0.1754
5108	0.2896
5109	0.6152
511	0.0111
5110	1.5265
5111	2.4099
5112	6.1617
5113	4.3571
5114	1.9266
5115	0.6674
5116	0.3006
5117	0.1763
5118	0.1449
5119	0.1337
512	0.0111
5120	0.1316
5121	0.1309
5122	0.1308
5123	0.1308
5124	0.1308
5125	0.1308
5126	0.1308
5127	0.1308
5128	0.1308
5129	0.1308
513	0.0111
5130	0.1308
5131	0.1308
5132	0.1308
5133	0.1308
5134	0.1309
5135	0.1315
5136	0.133
5137	0.1413
5138	0.1652
5139	0.2541
514	0.0111
5140	0.5074
5141	1.2141
5142	1.8856
5143	2.0015
5144	1.4973
5145	0.7213
5146	0.3065
5147	0.1858
5148	0.1527
5149	0.1715
515	0.0111
5150	0.2517
5151	0.4793
5152	0.6573
5153	4.3805
5154	3.1339
5155	1.4119
5156	0.5138
5157	0.2512
5158	0.1624
5159	0.1398
516	0.0111
5160	0.1318
5161	0.1303
5162	0.1298
5163	0.1297
5164	0.1297
5165	0.1297
5166	0.1297
5167	0.1302
5168	0.1313
5169	0.1373
517	0.0111
5170	0.1544
5171	0.218
5172	0.3988
5173	0.9007
5174	1.3605
5175	6.7545
5176	4.7642
5177	2.0979
5178	0.7184
5179	0.317
518	0.0111
5180	0.1808
5181	0.1465
5182	0.1342
5183	0.1319
5184	0.1311
5185	0.131
5186	0.131
5187	0.131
5188	0.131
5189	0.131
519	0.15
5190	0.131
5191	0.131
5192	0.131
5193	0.131
5194	0.131
5195	0.131
5196	0.131
5197	0.131
5198	0.131
5199	0.131
52	20.6106
520	0.15
5200	0.1311
5201	0.1317
5202	0.1334
5203	0.1425
5204	0.1686
5205	0.2659
5206	0.5434
5207	1.3182
5208	2.0605
5209	3.3905
521	0.1102
5210	2.4535
5211	1.1252
5212	0.4279
5213	0.2232
5214	0.1542
5215	0.1365
5216	0.1303
5217	0.1291
5218	0.129
5219	0.1298
522	0.1157
5220	0.1345
5221	0.148
5222	0.1974
5223	0.338
5224	0.726
5225	1.0683
5226	5.5678
5227	3.9495
5228	1.7551
5229	0.6163
523	0.3512
5230	0.2843
5231	0.1717
5232	0.1433
5233	0.1331
5234	0.1312
5235	0.1306
5236	0.1305
5237	0.1305
5238	0.1305
5239	0.1305
524	0.1157
5240	0.1305
5241	0.1305
5242	0.1305
5243	0.1305
5244	0.1305
5245	0.1306
5246	0.1311
5247	0.1325
5248	0.1401
5249	0.1617
525	0.1157
5250	0.2421
5251	0.4713
5252	1.1097
5253	1.7107
5254	10.5121
5255	7.3435
5256	3.1823
5257	1.0409
5258	0.4199
5259	0.2086
526	3.5066
5260	0.1559
5261	0.1368
5262	0.1333
5263	0.1321
5264	0.132
5265	0.1319
5266	0.1319
5267	0.1319
5268	0.1319
5269	0.1319
527	0.0935
5270	0.1319
5271	0.1319
5272	0.1319
5273	0.1319
5274	0.1319
5275	0.1319
5276	0.1319
5277	0.1319
5278	0.1319
5279	0.1319
528	0.0907
5280	0.1319
5281	0.1319
5282	0.1319
5283	0.1319
5284	0.1319
5285	0.1319
5286	0.1319
5287	0.1319
5288	0.1319
5289	0.1319
529	0.0837
5290	0.1319
5291	0.1319
5292	0.1319
5293	0.1319
5294	0.1319
5295	0.1319
5296	0.1319
5297	0.132
5298	0.1321
5299	0.1331
53	0.6829
530	0.0837
5300	0.1356
5301	0.1497
5302	0.1899
5303	0.3407
5304	0.7708
5305	1.9776
5306	3.1675
5307	4.9745
5308	3.5419
5309	1.5836
531	5.0E-4
5310	0.5651
5311	0.2678
5312	0.1671
5313	0.1416
5314	0.1325
5315	0.1308
5316	0.1302
5317	0.1302
5318	0.1302
5319	0.1302
532	0.0139
5320	0.1302
5321	0.1302
5322	0.1302
5323	0.1302
5324	0.1307
5325	0.1319
5326	0.1387
5327	0.1581
5328	0.2301
5329	0.4351
533	5.0E-4
5330	1.0053
5331	1.5357
5332	2.9941
5333	2.1809
5334	1.0102
5335	0.3934
5336	0.2118
5337	0.1507
5338	0.135
5339	0.1298
534	5.0E-4
5340	0.1295
5341	0.1333
5342	0.1452
5343	0.1889
5344	0.3134
5345	0.6559
5346	0.9512
5347	3.1595
5348	2.2855
5349	1.0547
535	5.0E-4
5350	0.4141
5351	0.2269
5352	0.1646
5353	0.1486
5354	0.1433
5355	0.143
5356	0.1469
5357	0.1592
5358	0.2047
5359	0.3354
536	1.5277
5360	0.6978
5361	1.0144
5362	1.0E-4
5363	1.0E-4
5364	1.0E-4
5365	1.0E-4
5366	1.0E-4
5367	1.0E-4
5368	1.0E-4
5369	1.0E-4
537	1.5277
5370	1.0E-4
5371	1.0E-4
5372	1.0E-4
5373	1.0E-4
5374	1.0E-4
5375	1.0E-4
5376	1.0E-4
5377	1.0E-4
5378	0.0
5379	0.0
538	1.528
5380	0.0
5381	0.0
5382	0.0
5383	0.0
5384	0.0
5385	0.0
5386	0.0
5387	0.0
5388	0.0
5389	0.0
539	1.5611
5390	0.0
5391	0.0
5392	0.0
5393	0.0
5394	0.0
5395	0.0
5396	0.0
5397	4.3583
5398	2.284
5399	1.0537
54	0.6535
540	1.5277
5400	0.6053
5401	0.4691
5402	0.4334
5403	0.4213
5404	0.4188
5405	0.4187
5406	0.421
5407	0.4328
5408	0.4771
5409	0.6809
541	1.5611
5410	1.3691
5411	3.3751
5412	6.0E-4
5413	6.0E-4
5414	6.0E-4
5415	6.0E-4
5416	6.0E-4
5417	6.0E-4
5418	0.07
5419	0.07
542	1.5277
5420	0.07
5421	1.0E-4
5422	0.096
5423	0.096
5424	0.0448
5425	0.0448
5426	0.0125
5427	0.0125
5428	0.0125
5429	4.0E-4
543	1.5275
5430	4.0E-4
5431	4.0E-4
5432	5.0E-4
5433	5.0E-4
5434	5.0E-4
5435	0.0535
5436	0.0012
5437	0.0012
5438	0.0024
5439	6.0E-4
544	1.5277
5440	6.0E-4
5441	6.0E-4
5442	0.0197
5443	0.0197
5444	8.0E-4
5445	8.0E-4
5446	8.0E-4
5447	0.0382
5448	0.0382
5449	1.3315
545	1.5764
5450	1.3315
5451	1.3315
5452	1.3315
5453	1.5617
5454	1.4003
5455	1.117
5456	4.8405
5457	0.7531
5458	0.7531
5459	0.051
546	1.5277
5460	0.0204
5461	0.0204
5462	0.0204
5463	0.0204
5464	0.0036
5465	0.0036
5466	0.0027
5467	0.0027
5468	1.9935
5469	0.0208
547	0.1778
5470	1.1286
5471	0.0208
5472	7.0E-4
5473	7.0E-4
5474	7.0E-4
5475	7.0E-4
5476	7.0E-4
5477	7.0E-4
5478	7.0E-4
5479	7.0E-4
548	0.1057
5480	0.0018
5481	0.0018
5482	0.0018
5483	0.119
5484	0.0265
5485	0.0057
5486	0.0019
5487	0.0019
5488	0.0019
5489	0.0019
549	0.0296
5490	0.0048
5491	0.0047
5492	0.0048
5493	0.0047
5494	0.0052
5495	0.0048
5496	0.0048
5497	0.0116
5498	0.0066
5499	0.0066
55	0.6487
550	0.2354
5500	0.0066
5501	0.0066
5502	0.0156
5503	0.0279
5504	0.0279
5505	0.0279
5506	0.07
5507	0.07
5508	0.07
5509	0.0077
551	0.2492
5510	0.0042
5511	0.0041
5512	0.0051
5513	2.0E-4
5514	1.0E-4
5515	1.0E-4
5516	1.0E-4
5517	1.0E-4
5518	1.0E-4
5519	1.0E-4
552	0.2354
5520	1.0E-4
5521	2.0E-4
5522	2.0E-4
5523	3.1595
5524	2.2855
5525	1.0547
5526	0.4141
5527	0.2269
5528	0.1646
5529	0.1486
553	0.247
5530	0.1433
5531	0.143
5532	0.1469
5533	0.1592
5534	0.2047
5535	0.3354
5536	0.6978
5537	1.0144
5538	1.0E-4
5539	1.0E-4
554	0.2644
5540	1.0E-4
5541	1.0E-4
5542	1.0E-4
5543	1.0E-4
5544	1.0E-4
5545	1.0E-4
5546	1.0E-4
5547	1.0E-4
5548	1.0E-4
5549	1.0E-4
555	0.2655
5550	1.0E-4
5551	1.0E-4
5552	1.0E-4
5553	0.0
5554	0.0
5555	0.0
5556	0.0
5557	0.0
5558	0.0
5559	0.0
556	0.2655
5560	0.0
5561	0.0
5562	0.0
5563	0.0
5564	0.0
5565	0.0
5566	0.0
5567	0.0
5568	0.0
5569	0.0
557	0.5596
5570	0.0
5571	0.0
5572	0.0
5573	0.0
5574	0.0
5575	0.0
5576	0.0
5577	0.0
5578	0.0
5579	0.0
558	0.1686
5580	0.0
5581	0.0
5582	0.0
5583	0.0
5584	0.0
5585	0.0
5586	0.0
5587	0.0
5588	0.0
5589	0.0
559	0.1686
5590	0.0
5591	0.0
5592	0.0
5593	0.0
5594	0.0
5595	0.0
5596	0.0
5597	0.0
5598	0.0
5599	0.0
56	0.5978
560	0.1686
5600	0.0
5601	0.0
5602	0.0
5603	0.0
5604	0.0
5605	0.0
5606	0.0
5607	0.0
5608	0.0
5609	0.0
561	0.16
5610	0.0
5611	0.0
5612	0.0
5613	0.0
5614	0.0
5615	0.0
5616	0.0
5617	0.0
5618	0.0
5619	0.0
562	0.16
5620	0.0
5621	0.0
5622	0.0
5623	0.0
5624	0.0
5625	0.0
5626	0.0
5627	0.0
5628	0.0
5629	0.0
563	0.16
5630	0.0
5631	0.0
5632	0.0
5633	0.0
5634	0.0
5635	0.0
5636	0.0
5637	0.0
5638	0.0
5639	0.0
564	0.16
5640	0.0
5641	0.0
5642	0.0
5643	0.0
5644	0.0
5645	0.0
5646	0.0
5647	0.0
5648	0.0
5649	0.0
565	0.1683
5650	0.0
5651	0.0
5652	0.0
5653	0.0
5654	0.0
5655	0.0
5656	0.0
5657	0.0
5658	0.0
5659	0.0
566	0.0075
5660	0.0
5661	0.0
5662	0.0
5663	0.0
5664	0.0
5665	0.0
5666	0.0
5667	0.0
5668	0.0
5669	0.0
567	0.0075
5670	0.0
5671	0.0
5672	0.0
5673	0.0
5674	0.0
5675	0.0
5676	0.0
5677	0.0
5678	0.0
5679	0.0
568	0.0075
5680	0.0
5681	0.0
5682	0.0
5683	0.0
5684	0.0
5685	0.0
5686	0.0
5687	0.0
5688	0.0
5689	0.0
569	0.0166
5690	0.0
5691	0.0
5692	0.0
5693	0.0
5694	0.0
5695	0.0
5696	0.0
5697	0.0
5698	0.0
5699	0.0
57	0.5798
570	0.0075
5700	0.0
5701	0.0
5702	0.0
5703	0.0
5704	0.0
5705	0.0
5706	0.0
5707	0.0
5708	0.0
5709	0.0
571	0.0075
5710	0.0
5711	0.0
5712	0.0
5713	0.0
5714	0.0
5715	0.0
5716	0.0
5717	0.0
5718	0.0
5719	0.0
572	0.0075
5720	0.0
5721	0.0
5722	0.0
5723	0.0
5724	0.0
5725	0.0
5726	0.0
5727	0.0
5728	0.0
5729	0.0
573	0.0075
5730	0.0
5731	0.0
5732	0.0
5733	0.0
5734	0.0
5735	0.0
5736	0.0
5737	0.0
5738	0.0
5739	0.0
574	0.0075
5740	0.0
5741	0.0
5742	0.0
5743	0.0
5744	0.0
5745	0.0
5746	0.0
5747	0.0
5748	0.0
5749	0.0
575	0.0075
5750	0.0
5751	0.0
5752	0.0
5753	0.0
5754	0.0
5755	0.0
5756	0.0
5757	0.0
5758	0.0
5759	0.0
576	0.0075
5760	0.0
5761	0.0
5762	0.0
5763	0.0
5764	0.0
5765	0.0
5766	0.0
5767	0.0
5768	0.0
5769	0.0
577	0.0075
5770	0.0
5771	0.0
5772	0.0
5773	0.0
5774	0.0
5775	0.0
5776	0.0
5777	0.0
5778	0.0
5779	0.0
578	1.6411
5780	0.0
5781	0.0
5782	0.0
5783	0.0
5784	0.0
5785	3.1595
5786	2.2855
5787	1.0547
5788	0.4141
5789	0.2269
579	0.2319
5790	0.1646
5791	0.1486
5792	0.1433
5793	0.143
5794	0.1469
5795	0.1592
5796	0.2047
5797	0.3354
5798	0.6978
5799	1.0144
58	0.6504
580	0.2319
5800	1.0E-4
5801	1.0E-4
5802	1.0E-4
5803	1.0E-4
5804	1.0E-4
5805	1.0E-4
5806	1.0E-4
5807	1.0E-4
5808	1.0E-4
5809	1.0E-4
581	0.2441
5810	1.0E-4
5811	1.0E-4
5812	1.0E-4
5813	1.0E-4
5814	1.0E-4
5815	0.0161
5816	0.0161
5817	1.0E-4
5818	0.0026
5819	0.0106
582	0.0092
5820	0.8099
5821	0.8099
5822	0.1614
5823	1.41
5824	0.1664
5825	0.6608
5826	0.5388
5827	0.5388
5828	0.8869
5829	0.5388
583	0.0092
5830	0.5388
5831	0.5388
5832	0.5785
5833	0.5785
5834	0.0547
5835	0.2738
5836	0.2738
5837	0.2738
5838	0.2738
5839	0.2738
584	0.0079
5840	0.2738
5841	0.2738
5842	0.075
5843	0.075
5844	0.0031
5845	5.0E-4
5846	5.0E-4
5847	5.0E-4
5848	6.0E-4
5849	5.0E-4
585	0.0092
5850	5.0E-4
5851	5.0E-4
5852	5.0E-4
5853	5.0E-4
5854	5.0E-4
5855	5.0E-4
5856	6.0E-4
5857	5.0E-4
5858	6.0E-4
5859	5.0E-4
586	0.0092
5860	6.0E-4
5861	5.0E-4
5862	6.0E-4
5863	5.0E-4
5864	5.0E-4
5865	5.0E-4
5866	6.0E-4
5867	0.0177
5868	0.0029
5869	0.0029
587	0.0106
5870	0.0029
5871	0.0029
5872	0.0029
5873	0.0029
5874	0.0029
5875	0.0061
5876	0.0029
5877	1.0547
5878	0.0029
5879	0.0029
588	0.0079
5880	0.0029
5881	0.0029
5882	0.0029
5883	0.0029
5884	0.0029
5885	0.0029
5886	0.0029
5887	0.0029
5888	0.0029
5889	0.0029
589	0.0106
5890	0.0029
5891	0.0029
5892	2.0E-4
5893	2.0E-4
5894	2.0E-4
5895	2.0E-4
5896	2.0E-4
5897	2.0E-4
5898	2.0E-4
5899	2.0E-4
59	0.645
590	0.0106
5900	2.0E-4
5901	2.0E-4
5902	2.0E-4
5903	2.0E-4
5904	2.0E-4
5905	2.0E-4
5906	2.0E-4
5907	2.0E-4
5908	2.0E-4
5909	2.0E-4
591	0.0106
5910	2.0E-4
5911	2.0E-4
5912	2.0E-4
5913	1.0E-4
5914	2.0E-4
5915	2.0E-4
5916	2.0E-4
5917	2.0E-4
5918	2.0E-4
5919	1.0E-4
592	0.0106
5920	0.0028
5921	0.0065
5922	0.105
5923	0.105
5924	0.105
5925	0.105
5926	0.105
5927	0.105
5928	0.105
5929	0.105
593	8.0703
5930	1.2724
5931	1.2724
5932	1.2724
5933	1.2724
5934	1.2724
5935	1.2724
5936	0.0912
5937	0.0862
5938	0.3639
5939	0.058
594	0.0106
5940	1.0E-4
5941	1.0E-4
5942	1.0E-4
5943	1.0E-4
5944	1.0E-4
5945	1.0E-4
5946	1.0E-4
5947	1.0E-4
5948	2.0E-4
5949	1.0E-4
595	0.0075
5950	1.0E-4
5951	0.0165
5952	9.0E-4
5953	0.0012
5954	0.0018
5955	0.6003
5956	1.0417
5957	0.0018
5958	0.0
5959	0.0
596	0.0075
5960	0.0
5961	0.0
5962	0.0
5963	0.0
5964	0.0
5965	0.0
5966	0.0
5967	0.0
5968	0.0
5969	0.0
597	0.0075
5970	0.0
5971	0.0
5972	0.0
5973	0.0
5974	0.0031
5975	0.0136
5976	0.0523
5977	0.0523
5978	0.005
5979	0.005
598	0.0369
5980	0.005
5981	0.005
5982	0.005
5983	0.005
5984	0.005
5985	0.005
5986	0.005
5987	0.005
5988	0.005
5989	0.005
599	0.0185
5990	0.005
5991	0.005
5992	0.0627
5993	0.0
5994	0.0
5995	0.0
5996	3.0E-4
5997	3.0E-4
5998	3.0E-4
5999	3.0E-4
6	0.0081
60	0.5988
600	0.007
6000	3.0E-4
6001	0.0011
6002	0.0011
6003	0.0012
6004	0.5922
6005	0.6755
6006	2.0E-4
6007	2.0E-4
6008	2.0E-4
6009	2.0E-4
601	0.007
6010	2.0E-4
6011	2.0E-4
6012	0.2558
602	0.007
603	0.007
604	0.007
605	0.007
606	0.007
607	0.007
608	0.007
609	0.007
61	21.5923
610	0.007
611	0.0985
612	0.1461
613	0.0228
614	0.1954
615	0.0174
616	0.0201
617	0.0268
618	0.0268
619	0.0268
62	0.1154
620	0.11
621	0.3582
622	0.0173
623	0.0172
624	0.017
625	0.0683
626	0.0683
627	0.0852
628	0.0132
629	0.0132
63	0.554
630	0.4107
631	0.0608
632	0.0
633	0.0
634	0.0
635	0.0
636	0.0
637	0.0
638	0.0
639	0.0
64	0.396
640	0.0
641	0.0
642	0.0
643	0.0
644	0.0
645	0.0
646	0.0
647	0.0
648	0.0088
649	0.0088
65	0.4467
650	0.0088
651	0.0088
652	0.0088
653	0.0088
654	0.0088
655	0.0088
656	0.0089
657	0.0088
658	0.0
659	0.0
66	0.3974
660	0.0
661	0.0
662	0.0
663	0.0
664	0.0
665	0.0
666	0.0
667	0.0109
668	0.0069
669	0.0329
67	0.3854
670	0.0327
671	0.0296
672	0.0296
673	0.031
674	0.0456
675	0.0269
676	0.0269
677	0.0279
678	0.0428
679	0.0
68	0.5574
680	0.0
681	0.0
682	0.0
683	0.0
684	0.0
685	0.0
686	0.0269
687	0.0293
688	0.0293
689	0.0293
69	0.585
690	0.0
691	0.0
692	0.0
693	0.0
694	0.0
695	0.0
696	0.0
697	0.0
698	0.0
699	0.0
7	0.1749
70	0.4256
700	0.0
701	0.0
702	0.0
703	0.0
704	0.0
705	0.0
706	0.0
707	0.0
708	0.0
709	0.0252
71	0.6329
710	8.0E-4
711	5.0E-4
712	8.0E-4
713	5.0E-4
714	5.0E-4
715	5.0E-4
716	5.0E-4
717	5.0E-4
718	5.0E-4
719	5.0E-4
72	0.7614
720	5.0E-4
721	5.0E-4
722	0.0016
723	5.0E-4
724	0.0016
725	5.0E-4
726	5.0E-4
727	5.0E-4
728	5.0E-4
729	5.0E-4
73	8.3954
730	5.0E-4
731	5.0E-4
732	5.0E-4
733	5.0E-4
734	5.0E-4
735	5.0E-4
736	5.0E-4
737	5.0E-4
738	5.0E-4
739	5.0E-4
74	2.9085
740	5.0E-4
741	5.0E-4
742	5.0E-4
743	5.0E-4
744	5.0E-4
745	8.0E-4
746	5.0E-4
747	5.0E-4
748	5.0E-4
749	5.0E-4
75	1.5584
750	5.0E-4
751	0.0409
752	5.0E-4
753	5.0E-4
754	5.0E-4
755	0.0207
756	0.0207
757	0.0207
758	0.0207
759	0.0207
76	1.7956
760	0.0207
761	0.0207
762	0.0207
763	0.0109
764	0.0108
765	0.0109
766	0.0119
767	0.0115
768	0.0084
769	0.0109
77	0.5201
770	0.0109
771	0.0
772	0.0103
773	0.0103
774	0.0097
775	0.0104
776	0.0104
777	0.0097
778	0.0068
779	0.0068
78	1.8188
780	0.0103
781	0.0103
782	4.0E-4
783	0.0083
784	0.0104
785	0.0104
786	0.0104
787	0.0104
788	0.0097
789	0.0097
79	1.2144
790	0.0097
791	0.0103
792	0.0103
793	0.0103
794	0.0104
795	0.0104
796	0.0097
797	0.0097
798	0.0097
799	0.0097
8	0.017
80	7.1041
800	0.0083
801	0.0515
802	0.077
803	0.0737
804	0.0752
805	0.0752
806	0.0752
807	0.0752
808	0.0883
809	0.0883
81	10.2129
810	0.0622
811	0.0623
812	0.0622
813	0.0622
814	0.0622
815	0.0622
816	0.0648
817	0.0626
818	0.0819
819	0.0816
82	4.1384
820	0.0816
821	0.0816
822	6.2987
823	1.2152
824	0.1597
825	0.1153
826	0.3273
827	0.2726
828	6.0243
829	0.0377
83	3.0282
830	0.0747
831	0.0243
832	0.0243
833	0.0243
834	0.0243
835	0.0243
836	0.0017
837	0.1468
838	0.0892
839	0.1228
84	3.7914
840	0.1642
841	0.0955
842	0.1126
843	0.0767
844	0.0767
845	0.0767
846	0.0767
847	0.0767
848	0.0767
849	0.0767
85	0.1261
850	0.0767
851	0.0767
852	0.0767
853	0.0767
854	0.0767
855	0.0767
856	0.0767
857	0.0767
858	0.0767
859	0.0767
86	0.1052
860	0.0767
861	0.0767
862	0.0767
863	0.0767
864	0.0767
865	0.0767
866	0.0767
867	0.0767
868	0.0767
869	0.0754
87	0.1212
870	0.0131
871	0.0131
872	0.0182
873	0.037
874	0.0314
875	0.0255
876	0.0753
877	0.0742
878	0.0742
879	0.0633
88	0.1261
880	0.618
881	0.0583
882	0.0583
883	0.0583
884	0.0583
885	0.0583
886	0.0583
887	0.0943
888	0.0583
889	0.0013
89	0.1073
890	0.0017
891	0.0013
892	0.451
893	0.7194
894	0.451
895	0.451
896	0.0023
897	0.0023
898	0.0023
899	0.0023
9	0.0081
90	0.1336
900	3.0E-4
901	3.0E-4
902	3.0E-4
903	3.0E-4
904	3.0E-4
905	3.0E-4
906	3.0E-4
907	3.0E-4
908	3.0E-4
909	3.0E-4
91	0.1336
910	3.0E-4
911	3.0E-4
912	3.0E-4
913	3.0E-4
914	3.0E-4
915	3.0E-4
916	3.0E-4
917	3.0E-4
918	0.006
919	3.0E-4
92	0.151
920	0.006
921	3.0E-4
922	3.0E-4
923	7.0E-4
924	3.0E-4
925	3.0E-4
926	3.0E-4
927	3.0E-4
928	3.0E-4
929	3.0E-4
93	0.1142
930	3.0E-4
931	0.0011
932	3.0E-4
933	3.0E-4
934	3.0E-4
935	6.0E-4
936	6.0E-4
937	6.0E-4
938	0.002
939	8.0E-4
94	4.0E-4
940	8.0E-4
941	8.0E-4
942	8.0E-4
943	0.113
944	0.113
945	0.0284
946	0.0286
947	0.0102
948	0.0102
949	0.0095
95	4.0E-4
950	0.0101
951	0.0102
952	0.0106
953	0.0119
954	0.0119
955	0.0119
956	0.0122
957	0.0216
958	0.0138
959	0.0138
96	4.0E-4
960	0.0138
961	0.0137
962	0.0137
963	0.0148
964	0.0137
965	0.0137
966	0.0137
967	0.0137
968	0.0184
969	0.0184
97	4.0E-4
970	0.275
971	0.0137
972	0.0154
973	0.0155
974	0.0154
975	0.0154
976	0.0154
977	0.0154
978	0.0154
979	0.0273
98	4.0E-4
980	0.0125
981	0.1589
982	0.0135
983	0.0134
984	0.0135
985	0.0156
986	0.0134
987	0.011
988	0.0109
989	0.0098
99	4.0E-4
990	0.0365
991	0.1943
992	0.0692
993	0.4096
994	0.0365
995	0.8248
996	0.0114
997	0.0114
998	0.0143
999	0.0143
