1	0.2162
10	1.822
100	5.0E-4
1000	0.0162
1001	0.0162
1002	0.0156
1003	0.0105
1004	0.012
1005	0.0105
1006	0.0146
1007	0.0145
1008	0.0156
1009	0.0141
101	5.0E-4
1010	0.013
1011	0.013
1012	0.014
1013	0.014
1014	0.014
1015	0.0161
1016	0.016
1017	0.016
1018	0.0141
1019	0.0143
102	0.031
1020	0.9655
1021	4.9619
1022	0.0104
1023	6.0E-4
1024	0.0019
1025	0.1207
1026	0.1207
1027	0.0364
1028	0.0075
1029	0.0118
103	5.0E-4
1030	0.0152
1031	0.004
1032	0.0023
1033	0.0152
1034	0.9018
1035	0.0124
1036	0.0124
1037	0.0124
1038	0.0185
1039	1.0588
104	5.0E-4
1040	1.0588
1041	1.0588
1042	1.0588
1043	1.0588
1044	1.0588
1045	1.0588
1046	1.0588
1047	1.0588
1048	1.0588
1049	1.0588
105	5.0E-4
1050	1.0588
1051	1.0588
1052	1.0588
1053	1.0588
1054	1.0588
1055	1.0588
1056	1.0588
1057	1.0588
1058	1.0588
1059	1.0588
106	3.7923
1060	1.0588
1061	1.0588
1062	1.0588
1063	1.0588
1064	1.0588
1065	1.0588
1066	0.0036
1067	0.0036
1068	0.0036
1069	0.0036
107	1.3154
1070	0.0036
1071	0.0036
1072	0.0036
1073	0.0036
1074	0.0036
1075	0.0036
1076	0.0036
1077	0.0036
1078	0.0036
1079	0.0036
108	0.7399
1080	0.0036
1081	0.0036
1082	0.0036
1083	0.0036
1084	0.0036
1085	0.0036
1086	0.0036
1087	0.0036
1088	0.0036
1089	0.0036
109	0.6678
1090	0.0036
1091	0.0036
1092	0.0036
1093	0.0036
1094	0.0036
1095	0.0036
1096	0.0036
1097	0.0023
1098	0.0026
1099	0.0026
11	0.01
110	0.6678
1100	0.1355
1101	0.1591
1102	0.0253
1103	0.0253
1104	0.0253
1105	0.0253
1106	0.0253
1107	0.0253
1108	0.0253
1109	0.0253
111	2.4482
1110	0.0253
1111	0.0253
1112	0.0253
1113	0.0253
1114	0.0253
1115	0.0253
1116	0.0253
1117	0.0253
1118	0.0253
1119	0.0253
112	2.5547
1120	0.0253
1121	0.0253
1122	0.0253
1123	0.0253
1124	0.0253
1125	0.0253
1126	0.0253
1127	0.0253
1128	0.0253
1129	0.0253
113	1.1267
1130	0.0253
1131	0.0253
1132	0.0253
1133	0.0253
1134	0.0253
1135	0.0253
1136	0.0253
1137	0.0253
1138	0.0253
1139	0.0253
114	0.6778
1140	0.0253
1141	0.0253
1142	0.0253
1143	0.0253
1144	0.0253
1145	0.0253
1146	0.0253
1147	0.0253
1148	0.0253
1149	0.0253
115	1.2222
1150	0.0253
1151	0.0253
1152	0.0253
1153	0.0253
1154	0.0253
1155	0.0253
1156	0.0253
1157	0.0253
1158	0.0253
1159	0.0
116	2.0146
1160	0.0
1161	8.0E-4
1162	0.0
1163	0.0
1164	0.0
1165	0.0
1166	0.0
1167	0.0
1168	0.0
1169	0.0
117	0.8583
1170	0.0
1171	0.0
1172	0.0
1173	0.0
1174	0.0
1175	0.0
1176	0.0
1177	0.0036
1178	0.019
1179	0.0
118	2.0008
1180	0.0
1181	0.0
1182	0.0
1183	0.0
1184	0.0
1185	0.0
1186	0.0
1187	0.0029
1188	0.0029
1189	0.0029
119	4.9559
1190	0.0029
1191	0.0124
1192	0.0124
1193	0.0066
1194	0.0098
1195	0.0067
1196	0.0035
1197	0.0035
1198	0.0021
1199	0.2624
12	0.0397
120	2.1269
1200	0.0023
1201	0.0023
1202	0.0026
1203	0.0023
1204	0.0023
1205	0.0023
1206	0.0023
1207	0.0012
1208	0.0014
1209	0.0014
121	1.9487
1210	0.0012
1211	0.0012
1212	0.0012
1213	0.0212
1214	0.0019
1215	0.337
1216	0.5673
1217	0.337
1218	0.337
1219	0.0028
122	2.1269
1220	0.0028
1221	1.0E-4
1222	1.0E-4
1223	1.0E-4
1224	1.0E-4
1225	0.0023
1226	0.0023
1227	0.0082
1228	0.0082
1229	0.0082
123	3.0868
1230	0.0082
1231	0.0082
1232	0.0082
1233	0.0082
1234	0.0
1235	0.0
1236	0.0
1237	0.0
1238	0.0
1239	0.0
124	2.8186
1240	0.0
1241	0.0
1242	0.0
1243	0.0
1244	0.0
1245	0.0
1246	0.0
1247	0.0
1248	0.0
1249	0.0
125	2.8341
1250	0.0
1251	0.0
1252	0.0
1253	0.0
1254	0.0
1255	0.0
1256	0.0
1257	0.0
1258	0.0
1259	0.0
126	2.8487
1260	0.0
1261	0.0
1262	0.0
1263	0.0
1264	0.0
1265	0.0
1266	0.0
1267	0.0
1268	0.0
1269	0.0111
127	0.8828
1270	0.0111
1271	0.0111
1272	0.0111
1273	0.0111
1274	0.0111
1275	0.0111
1276	0.0111
1277	0.0111
1278	0.0111
1279	0.009
128	0.8828
1280	0.009
1281	0.009
1282	0.009
1283	0.009
1284	0.0
1285	0.0
1286	0.0
1287	1.0E-4
1288	0.0238
1289	0.0238
129	0.8324
1290	0.0238
1291	0.0353
1292	0.0149
1293	0.0939
1294	0.0939
1295	0.0046
1296	0.0046
1297	0.0
1298	0.0
1299	0.0
13	0.01
130	0.7891
1300	6.0E-4
1301	0.0
1302	0.0
1303	0.0
1304	0.0
1305	5.0E-4
1306	5.0E-4
1307	5.0E-4
1308	0.0
1309	0.0033
131	0.6631
1310	1.0E-4
1311	0.0017
1312	7.0E-4
1313	7.0E-4
1314	7.0E-4
1315	7.0E-4
1316	7.0E-4
1317	7.0E-4
1318	7.0E-4
1319	7.0E-4
132	8.6776
1320	7.0E-4
1321	7.0E-4
1322	7.0E-4
1323	7.0E-4
1324	5.0E-4
1325	5.0E-4
1326	5.0E-4
1327	5.0E-4
1328	5.0E-4
1329	5.0E-4
133	0.2951
1330	5.0E-4
1331	5.0E-4
1332	5.0E-4
1333	5.0E-4
1334	5.0E-4
1335	5.0E-4
1336	5.0E-4
1337	5.0E-4
1338	5.0E-4
1339	5.0E-4
134	0.2708
1340	0.001
1341	8.0E-4
1342	0.0292
1343	0.0292
1344	9.0E-4
1345	0.0158
1346	0.0031
1347	0.0031
1348	0.0031
1349	0.0031
135	0.321
1350	0.0031
1351	0.0031
1352	0.0031
1353	0.0031
1354	0.0031
1355	0.0031
1356	0.0031
1357	0.0031
1358	0.0031
1359	0.0031
136	0.3417
1360	0.0031
1361	0.0031
1362	0.0014
1363	0.036
1364	0.036
1365	0.0025
1366	0.0024
1367	0.0025
1368	0.0025
1369	0.0025
137	0.3657
1370	1.7766
1371	0.2127
1372	0.0718
1373	0.0977
1374	0.167
1375	0.0611
1376	0.0368
1377	0.0368
1378	0.0163
1379	3.153
138	0.5018
1380	0.0153
1381	0.0134
1382	0.0091
1383	0.0091
1384	0.0091
1385	0.0091
1386	0.0091
1387	0.0091
1388	0.0091
1389	0.0091
139	0.0973
1390	2.0E-4
1391	4.0E-4
1392	0.0
1393	0.0
1394	0.0
1395	0.0
1396	4.0E-4
1397	4.0E-4
1398	0.0031
1399	4.0E-4
14	0.9206
140	0.094
1400	4.0E-4
1401	4.0E-4
1402	0.0
1403	2.0E-4
1404	2.0E-4
1405	2.0E-4
1406	0.0
1407	0.0
1408	0.0518
1409	0.0752
141	0.0844
1410	0.0752
1411	0.0752
1412	0.0752
1413	0.0752
1414	0.0752
1415	0.0752
1416	0.091
1417	0.1185
1418	0.0752
1419	0.117
142	0.4301
1420	0.117
1421	0.0752
1422	0.0024
1423	0.0024
1424	0.0029
1425	0.0041
1426	0.0028
1427	0.0041
1428	0.0029
1429	0.0029
143	0.5484
1430	0.0025
1431	0.0024
1432	0.0024
1433	0.0372
1434	0.0372
1435	0.0372
1436	0.0372
1437	0.0372
1438	7.0E-4
1439	7.0E-4
144	0.1207
1440	0.0034
1441	0.0045
1442	0.0118
1443	0.9159
1444	0.0027
1445	7.0E-4
1446	6.0E-4
1447	6.0E-4
1448	6.0E-4
1449	6.0E-4
145	0.9907
1450	6.0E-4
1451	6.0E-4
1452	6.0E-4
1453	6.0E-4
1454	6.0E-4
1455	6.0E-4
1456	6.0E-4
1457	0.0025
1458	0.001
1459	0.0019
146	0.0844
1460	0.0022
1461	0.0217
1462	0.0216
1463	0.0217
1464	0.0216
1465	0.0216
1466	0.0217
1467	4.0718
1468	0.001
1469	0.0214
147	0.0844
1470	0.0214
1471	0.0214
1472	0.0229
1473	0.0061
1474	0.0061
1475	0.0061
1476	0.0061
1477	0.0061
1478	0.0061
1479	0.0061
148	0.3981
1480	0.0061
1481	0.0061
1482	0.0061
1483	0.0022
1484	0.0022
1485	0.0022
1486	0.0022
1487	0.0461
1488	0.0322
1489	0.0461
149	0.1087
1490	0.0322
1491	0.0246
1492	0.0246
1493	0.0256
1494	0.0324
1495	0.0062
1496	0.0062
1497	0.0062
1498	0.0062
1499	0.0256
15	0.0109
150	0.1103
1500	0.0062
1501	0.0062
1502	0.026
1503	0.026
1504	0.0062
1505	0.0256
1506	0.02
1507	0.195
1508	0.0195
1509	0.0036
151	0.2265
1510	0.0036
1511	0.0036
1512	0.0036
1513	0.0036
1514	0.0036
1515	0.0036
1516	0.0036
1517	8.0E-4
1518	0.0053
1519	0.0074
152	0.0754
1520	0.0024
1521	0.0024
1522	0.0024
1523	0.0024
1524	0.0024
1525	0.0024
1526	0.0024
1527	0.0043
1528	0.0043
1529	0.0036
153	0.2286
1530	0.0031
1531	0.0027
1532	0.0024
1533	0.1604
1534	2.0E-4
1535	5.0E-4
1536	5.0E-4
1537	9.0E-4
1538	0.7985
1539	1.332
154	0.0017
1540	1.7187
1541	1.7581
1542	0.7985
1543	0.0065
1544	1.0E-4
1545	0.0
1546	0.0
1547	0.0
1548	0.0
1549	0.0
155	0.5233
1550	0.0
1551	8.0E-4
1552	0.0011
1553	0.0021
1554	0.0021
1555	0.0021
1556	0.0021
1557	0.0021
1558	0.0021
1559	0.0021
156	0.2135
1560	0.0021
1561	6.0E-4
1562	6.0E-4
1563	6.0E-4
1564	0.0025
1565	1.0E-4
1566	0.0
1567	0.0
1568	0.0
1569	0.0
157	0.5384
1570	0.0
1571	0.0
1572	0.0
1573	0.0
1574	0.0
1575	0.0
1576	0.0
1577	0.0
1578	0.0
1579	0.0
158	0.6324
1580	0.0
1581	0.0
1582	0.0
1583	0.0
1584	0.0
1585	0.0
1586	0.0
1587	0.0
1588	0.0
1589	0.0017
159	0.5384
1590	0.0014
1591	0.0014
1592	0.0
1593	0.0
1594	0.0
1595	0.0
1596	0.0
1597	0.0
1598	0.0
1599	0.0
16	3.6742
160	0.5773
1600	0.0
1601	0.0
1602	0.0188
1603	0.0188
1604	0.0188
1605	0.0188
1606	0.0188
1607	6.0E-4
1608	0.1274
1609	0.1274
161	0.5542
1610	0.1274
1611	0.1274
1612	0.1274
1613	0.1274
1614	0.0073
1615	0.0073
1616	0.0073
1617	0.0073
1618	0.0073
1619	1.0E-4
162	0.5384
1620	0.1473
1621	0.1115
1622	0.1115
1623	0.1115
1624	0.1115
1625	0.1115
1626	0.0013
1627	0.0013
1628	0.0013
1629	0.0013
163	0.5233
1630	0.0013
1631	0.0013
1632	0.0013
1633	0.0013
1634	0.0024
1635	0.0013
1636	0.0013
1637	0.0013
1638	0.0013
1639	9.0E-4
164	0.3105
1640	0.0012
1641	0.0012
1642	0.0011
1643	0.0011
1644	0.0012
1645	0.0015
1646	0.0012
1647	0.0012
1648	9.0E-4
1649	9.0E-4
165	0.5233
1650	0.0013
1651	0.0013
1652	0.0013
1653	0.0013
1654	0.0013
1655	0.0013
1656	0.0013
1657	0.0013
1658	0.0013
1659	0.0013
166	0.5525
1660	0.0013
1661	0.0013
1662	0.0013
1663	0.0013
1664	0.0013
1665	0.4305
1666	0.7043
1667	0.4305
1668	0.4305
1669	0.0273
167	0.5233
1670	0.0273
1671	0.0327
1672	0.0273
1673	0.0273
1674	0.0273
1675	0.0273
1676	0.0273
1677	0.0273
1678	6.7804
1679	0.044
168	0.4859
1680	0.0039
1681	9.0E-4
1682	9.0E-4
1683	0.0061
1684	9.0E-4
1685	9.0E-4
1686	9.0E-4
1687	4.0E-4
1688	0.0043
1689	4.0E-4
169	0.4859
1690	4.0E-4
1691	4.0E-4
1692	4.0E-4
1693	4.0E-4
1694	4.0E-4
1695	4.0E-4
1696	6.0E-4
1697	6.0E-4
1698	6.0E-4
1699	6.0E-4
17	0.0107
170	0.4859
1700	5.0E-4
1701	5.0E-4
1702	5.0E-4
1703	5.0E-4
1704	5.0E-4
1705	5.0E-4
1706	0.0025
1707	6.0E-4
1708	6.0E-4
1709	6.0E-4
171	0.4875
1710	6.0E-4
1711	6.0E-4
1712	6.0E-4
1713	6.0E-4
1714	6.0E-4
1715	6.0E-4
1716	6.0E-4
1717	6.0E-4
1718	6.0E-4
1719	6.0E-4
172	0.4859
1720	6.0E-4
1721	6.0E-4
1722	6.0E-4
1723	0.001
1724	0.001
1725	0.001
1726	0.001
1727	0.001
1728	0.001
1729	0.001
173	0.4763
1730	0.001
1731	0.001
1732	0.001
1733	0.001
1734	0.001
1735	0.001
1736	0.001
1737	6.0E-4
1738	6.0E-4
1739	6.0E-4
174	0.3439
1740	6.0E-4
1741	0.001
1742	0.001
1743	0.001
1744	0.001
1745	0.001
1746	0.001
1747	0.001
1748	0.001
1749	0.001
175	0.5158
1750	0.0016
1751	0.0016
1752	0.0016
1753	0.0016
1754	0.0016
1755	0.0016
1756	0.0016
1757	0.0016
1758	0.0016
1759	0.0016
176	0.5852
1760	0.0086
1761	0.0114
1762	0.0114
1763	0.0114
1764	0.0409
1765	0.0409
1766	0.0013
1767	0.0013
1768	0.0013
1769	0.0013
177	0.3525
1770	0.0013
1771	0.0013
1772	0.0011
1773	0.0011
1774	0.0011
1775	0.0011
1776	0.0011
1777	0.0011
1778	0.0011
1779	0.0011
178	0.1049
1780	0.0011
1781	0.0011
1782	0.001
1783	0.001
1784	0.001
1785	0.001
1786	0.001
1787	0.001
1788	0.001
1789	0.0027
179	0.1899
1790	0.0027
1791	0.0012
1792	0.0012
1793	0.0012
1794	0.0012
1795	0.0012
1796	0.0012
1797	0.0012
1798	0.0014
1799	0.0014
18	0.479
180	0.1773
1800	0.0014
1801	0.0014
1802	0.0014
1803	0.0014
1804	0.0014
1805	0.0014
1806	0.0014
1807	0.0014
1808	0.0014
1809	0.0014
181	0.1782
1810	0.0014
1811	0.0014
1812	0.0014
1813	0.0014
1814	0.0014
1815	0.0018
1816	0.0018
1817	0.0017
1818	0.0232
1819	0.1077
182	0.1166
1820	0.0119
1821	0.0135
1822	0.0119
1823	0.0646
1824	0.0646
1825	0.0646
1826	0.0646
1827	0.0646
1828	0.0646
1829	0.0646
183	0.1773
1830	0.0817
1831	0.1114
1832	0.0646
1833	0.1098
1834	0.1098
1835	0.0646
1836	0.0671
1837	0.0337
1838	0.0919
1839	0.0913
184	0.1795
1840	0.0913
1841	0.0779
1842	0.0717
1843	0.0717
1844	0.0717
1845	0.0717
1846	0.0717
1847	0.0717
1848	0.0717
1849	0.0257
185	0.1771
1850	0.0257
1851	0.0326
1852	0.0257
1853	0.0196
1854	1.0E-4
1855	0.0
1856	0.0
1857	0.0
1858	0.0
1859	0.0
186	0.1783
1860	0.0038
1861	0.0067
1862	0.0067
1863	0.0072
1864	0.0
1865	0.0
1866	0.0
1867	5.0E-4
1868	5.0E-4
1869	0.0
187	0.178
1870	6.0E-4
1871	0.8841
1872	3.3364
1873	3.6566
1874	0.8639
1875	4.3368
1876	2.9119
1877	4.3368
1878	4.3754
1879	0.166
188	0.1771
1880	0.166
1881	0.166
1882	0.166
1883	3.836
1884	0.1002
1885	0.1002
1886	0.1002
1887	0.1002
1888	0.1002
1889	0.1002
189	0.2144
1890	0.1002
1891	0.1002
1892	0.1002
1893	0.1002
1894	0.1002
1895	0.1002
1896	0.0
1897	0.0
1898	0.0
1899	0.0
19	0.2711
190	0.0058
1900	0.0
1901	0.0
1902	0.0
1903	0.0
1904	0.0
1905	0.0
1906	0.0
1907	0.0
1908	0.0
1909	0.0
191	0.0081
1910	0.0
1911	0.0
1912	0.0
1913	0.0
1914	0.0
1915	0.0
1916	0.0
1917	0.0
1918	0.0
1919	0.0
192	0.4369
1920	0.0
1921	0.0
1922	0.0
1923	0.0
1924	0.0
1925	0.0
1926	0.0
1927	0.0
1928	0.0
1929	0.0
193	3.2325
1930	0.0
1931	0.0
1932	0.0
1933	0.0
1934	0.0
1935	0.0
1936	0.0
1937	0.0
1938	0.0
1939	0.0
194	1.0633
1940	0.0
1941	0.0
1942	0.0
1943	0.0
1944	0.0
1945	0.0
1946	0.0
1947	0.0
1948	0.0
1949	0.0
195	1.4442
1950	0.0
1951	0.0
1952	0.0
1953	0.0
1954	0.0
1955	0.0
1956	0.0
1957	0.0
1958	0.0
1959	0.0
196	1.422
1960	0.0
1961	0.0
1962	0.0
1963	0.0
1964	0.0
1965	0.0
1966	0.0
1967	0.0
1968	0.0
1969	0.0
197	0.9874
1970	0.0
1971	0.0
1972	0.0
1973	0.0
1974	0.0
1975	0.0
1976	0.0
1977	0.0
1978	0.0
1979	0.0
198	1.2057
1980	0.0
1981	0.0
1982	0.0
1983	0.0
1984	0.0
1985	0.0
1986	0.0
1987	0.0
1988	0.0
1989	0.0
199	1.4167
1990	0.0
1991	0.0
1992	0.0
1993	0.0
1994	0.0
1995	1.0063
1996	0.0
1997	0.0
1998	0.0
1999	0.0
2	35.1514
20	0.7771
200	1.8196
2000	0.0
2001	0.0
2002	0.0
2003	0.0
2004	0.0
2005	0.0
2006	0.0
2007	0.0
2008	0.0
2009	0.0
201	2.6807
2010	0.0
2011	0.0
2012	0.0
2013	0.0
2014	0.0
2015	0.0
2016	0.0
2017	0.0
2018	0.0
2019	0.0
202	2.7486
2020	0.0
2021	0.0
2022	0.0
2023	0.0
2024	0.0
2025	0.0
2026	0.0
2027	0.0
2028	0.0
2029	0.0
203	0.869
2030	0.0
2031	0.0
2032	0.0
2033	0.0
2034	0.0
2035	0.0
2036	0.0
2037	0.0
2038	0.0
2039	0.0
204	1.2277
2040	0.0
2041	0.0
2042	0.0
2043	0.0
2044	0.0
2045	0.0
2046	0.0
2047	0.0
2048	0.0
2049	0.0
205	1.0231
2050	0.0
2051	0.0
2052	0.0
2053	0.0
2054	0.0
2055	0.0
2056	0.0
2057	0.0
2058	0.0
2059	0.0
206	0.8447
2060	0.0
2061	0.0
2062	0.0
2063	0.0
2064	0.0
2065	0.0
2066	0.0
2067	0.0
2068	0.0
2069	0.0
207	0.0373
2070	0.0
2071	0.0
2072	0.0
2073	0.0
2074	0.0
2075	0.0
2076	0.0
2077	0.0
2078	0.0
2079	0.0
208	0.039
2080	0.0641
2081	0.0467
2082	0.0641
2083	0.0467
2084	0.0384
2085	0.0486
2086	0.0091
2087	0.0091
2088	0.0091
2089	0.0091
209	0.1284
2090	0.0384
2091	0.0091
2092	0.0091
2093	0.0361
2094	0.0361
2095	0.0091
2096	0.0384
2097	0.0264
2098	0.1424
2099	0.0294
21	0.2594
210	0.1019
2100	6.7757
2101	0.0425
2102	6.0E-4
2103	0.3097
2104	6.0E-4
2105	0.0014
2106	0.0014
2107	0.001
2108	0.001
2109	0.001
211	0.2902
2110	0.001
2111	0.001
2112	0.001
2113	0.001
2114	0.001
2115	0.0012
2116	0.001
2117	0.001
2118	0.001
2119	0.001
212	2.3411
2120	0.001
2121	0.001
2122	0.001
2123	0.001
2124	0.001
2125	0.029
2126	0.029
2127	0.054
2128	0.1183
2129	0.054
213	2.177
2130	0.054
2131	0.054
2132	0.0166
2133	0.0166
2134	0.0166
2135	0.0166
2136	0.0166
2137	0.0389
2138	0.0389
2139	0.0443
214	2.2132
2140	0.0389
2141	0.0389
2142	0.0389
2143	0.0389
2144	0.7993
2145	0.9469
2146	0.7762
2147	0.7762
2148	0.7993
2149	0.001
215	2.1805
2150	0.001
2151	0.001
2152	0.001
2153	0.001
2154	0.001
2155	0.001
2156	0.001
2157	0.001
2158	0.001
2159	0.0016
216	2.1687
2160	0.0016
2161	0.0016
2162	0.0016
2163	0.0016
2164	0.0016
2165	0.0016
2166	0.0016
2167	0.0012
2168	0.0012
2169	0.0012
217	2.3771
2170	0.0012
2171	0.079
2172	0.9667
2173	0.0012
2174	0.0012
2175	0.0012
2176	0.0012
2177	0.0012
2178	0.0012
2179	0.0012
218	1.4046
2180	0.0011
2181	0.0011
2182	0.0011
2183	0.0011
2184	0.0011
2185	0.0011
2186	0.0011
2187	0.0011
2188	0.0011
2189	0.0011
219	0.3466
2190	0.0011
2191	0.0011
2192	0.0011
2193	0.967
2194	0.9469
2195	0.9469
2196	0.967
2197	0.967
2198	0.9062
2199	0.0481
22	0.01
220	0.3675
2200	0.0481
2201	0.0481
2202	0.0481
2203	0.0481
2204	0.0481
2205	0.0481
2206	0.0481
2207	0.0481
2208	0.0481
2209	0.006
221	0.0365
2210	6.0E-4
2211	0.0021
2212	0.0051
2213	0.0017
2214	0.001
2215	0.0015
2216	6.0E-4
2217	6.0E-4
2218	6.0E-4
2219	0.0018
222	0.0365
2220	6.0E-4
2221	0.0014
2222	0.0029
2223	6.0E-4
2224	6.0E-4
2225	0.0011
2226	0.0011
2227	0.0011
2228	0.0011
2229	0.0022
223	0.0017
2230	0.0015
2231	7.0E-4
2232	7.0E-4
2233	7.0E-4
2234	7.0E-4
2235	0.0015
2236	0.0037
2237	0.0015
2238	0.0022
2239	0.0022
224	2.147
2240	0.0022
2241	0.0015
2242	0.0015
2243	0.0015
2244	0.0022
2245	0.0022
2246	0.0011
2247	0.0011
2248	0.0011
2249	0.0016
225	0.0214
2250	4.0E-4
2251	4.0E-4
2252	4.0E-4
2253	4.0E-4
2254	4.0E-4
2255	4.0E-4
2256	4.0E-4
2257	4.0E-4
2258	0.0034
2259	0.0011
226	0.022
2260	0.0015
2261	0.0022
2262	0.0015
2263	0.0022
2264	9.0E-4
2265	9.0E-4
2266	9.0E-4
2267	0.0016
2268	0.0034
2269	7.0E-4
227	0.0202
2270	9.0E-4
2271	9.0E-4
2272	9.0E-4
2273	9.0E-4
2274	9.0E-4
2275	0.0022
2276	0.0022
2277	0.0022
2278	0.0022
2279	0.0015
228	0.0214
2280	0.0015
2281	0.0022
2282	0.0037
2283	0.0052
2284	0.0015
2285	9.0E-4
2286	9.0E-4
2287	9.0E-4
2288	9.0E-4
2289	9.0E-4
229	0.028
2290	0.0045
2291	0.0011
2292	0.0011
2293	0.0011
2294	0.0022
2295	0.0022
2296	0.0022
2297	0.0022
2298	6.0E-4
2299	6.0E-4
23	0.0944
230	0.0214
2300	6.0E-4
2301	6.0E-4
2302	6.0E-4
2303	6.0E-4
2304	6.0E-4
2305	6.0E-4
2306	0.0
2307	0.0
2308	0.0
2309	0.0
231	0.3479
2310	0.0
2311	0.0
2312	0.0
2313	0.0
2314	0.0
2315	0.0
2316	0.0
2317	0.0
2318	0.0
2319	0.0
232	0.2552
2320	0.0
2321	0.0
2322	0.0
2323	0.0
2324	0.0
2325	0.0
2326	0.0
2327	0.0
2328	0.0
2329	0.0
233	0.2552
2330	0.0
2331	0.0
2332	0.0
2333	0.0
2334	0.0
2335	0.0
2336	0.0
2337	0.0
2338	0.0
2339	0.0
234	0.2552
2340	0.0
2341	0.0
2342	0.0
2343	0.0
2344	0.0
2345	0.0
2346	0.0
2347	0.0
2348	0.0
2349	0.0
235	0.4412
2350	0.0
2351	0.0
2352	0.0
2353	0.0
2354	0.0
2355	0.0
2356	0.0
2357	0.0
2358	0.0
2359	0.0
236	0.4735
2360	0.0
2361	0.0
2362	0.0194
2363	0.2303
2364	0.0
2365	0.0
2366	0.0
2367	0.0
2368	0.0
2369	0.0
237	0.2552
2370	1.0E-4
2371	1.0E-4
2372	0.0
2373	0.0
2374	0.0
2375	0.0
2376	0.0
2377	0.0
2378	1.0E-4
2379	1.0E-4
238	0.2552
2380	1.0E-4
2381	1.0E-4
2382	1.0E-4
2383	1.0E-4
2384	1.0E-4
2385	0.0
2386	0.0
2387	0.0
2388	0.0
2389	0.0
239	0.2552
2390	0.0
2391	0.0
2392	0.0
2393	0.0
2394	0.0
2395	0.0
2396	0.0
2397	0.0
2398	0.0
2399	0.0
24	0.011
240	0.5455
2400	0.0
2401	0.0
2402	0.0054
2403	0.0
2404	0.0
2405	0.0
2406	0.0
2407	0.0
2408	0.0
2409	0.0
241	0.2653
2410	0.0
2411	0.0
2412	0.0
2413	0.0
2414	0.0
2415	0.0
2416	0.0
2417	2.0E-4
2418	2.0E-4
2419	2.0E-4
242	0.4539
2420	1.0E-4
2421	1.0E-4
2422	1.0E-4
2423	1.0E-4
2424	1.0E-4
2425	1.0E-4
2426	1.0E-4
2427	0.0
2428	0.0
2429	0.0
243	0.2552
2430	0.0
2431	0.0
2432	0.0
2433	0.0
2434	0.0
2435	0.0
2436	0.0
2437	0.0
2438	0.0
2439	0.0
244	0.4057
2440	0.0
2441	0.0
2442	0.0
2443	0.0
2444	0.0
2445	0.0
2446	0.0
2447	0.0
2448	0.0
2449	0.0
245	0.4057
2450	0.0
2451	0.0
2452	0.0245
2453	0.0148
2454	0.0148
2455	0.0062
2456	0.0148
2457	0.0158
2458	0.0148
2459	0.0062
246	0.3553
2460	0.0031
2461	0.0031
2462	0.0031
2463	0.0031
2464	0.0031
2465	0.0031
2466	0.0031
2467	0.0031
2468	0.0031
2469	0.0031
247	0.2552
2470	0.0031
2471	0.0031
2472	0.0031
2473	0.0031
2474	0.0031
2475	0.0031
2476	0.0031
2477	0.0031
2478	0.0031
2479	0.0031
248	1.0524
2480	0.0031
2481	0.0031
2482	0.0173
2483	0.0096
2484	0.0096
2485	0.0352
2486	0.0352
2487	0.0036
2488	0.0036
2489	0.0036
249	1.4061
2490	0.0036
2491	0.0036
2492	0.0036
2493	0.0036
2494	0.0036
2495	0.0036
2496	0.0036
2497	0.0036
2498	0.0036
2499	0.0036
25	0.01
250	0.3457
2500	0.0036
2501	0.0036
2502	0.0036
2503	0.0036
2504	0.0036
2505	0.0036
2506	0.0036
2507	0.0036
2508	0.0036
2509	0.0036
251	0.361
2510	0.0016
2511	0.0012
2512	0.0012
2513	0.0012
2514	0.0012
2515	4.0E-4
2516	4.0E-4
2517	4.0E-4
2518	3.0E-4
2519	3.0E-4
252	0.7683
2520	3.0E-4
2521	3.0E-4
2522	3.0E-4
2523	3.0E-4
2524	0.001
2525	3.0E-4
2526	3.0E-4
2527	3.0E-4
2528	3.0E-4
2529	3.0E-4
253	0.2706
2530	3.0E-4
2531	3.0E-4
2532	7.0E-4
2533	7.0E-4
2534	7.0E-4
2535	8.0E-4
2536	0.2319
2537	0.5251
2538	0.5251
2539	0.2319
254	0.4383
2540	7.0E-4
2541	7.0E-4
2542	7.0E-4
2543	7.0E-4
2544	2.0E-4
2545	2.0E-4
2546	3.0E-4
2547	6.0E-4
2548	6.0E-4
2549	6.0E-4
255	0.5582
2550	6.0E-4
2551	0.2569
2552	0.2569
2553	0.2569
2554	0.2569
2555	1.0E-4
2556	1.0E-4
2557	1.0E-4
2558	1.0E-4
2559	1.0E-4
256	0.5165
2560	1.0E-4
2561	1.0E-4
2562	1.0E-4
2563	0.0242
2564	7.0E-4
2565	7.0E-4
2566	7.0E-4
2567	7.0E-4
2568	7.0E-4
2569	2.0E-4
257	0.6492
2570	2.0E-4
2571	2.0E-4
2572	2.0E-4
2573	2.0E-4
2574	2.0E-4
2575	2.0E-4
2576	2.0E-4
2577	2.0E-4
2578	2.0E-4
2579	2.0E-4
258	1.4243
2580	2.0E-4
2581	2.0E-4
2582	2.0E-4
2583	2.0E-4
2584	2.0E-4
2585	2.0E-4
2586	0.0017
2587	0.0017
2588	0.0334
2589	0.0068
259	1.4243
2590	0.0068
2591	0.0068
2592	0.0063
2593	0.0063
2594	0.0063
2595	0.0063
2596	0.0063
2597	0.0063
2598	0.0277
2599	0.0013
26	1.6121
260	1.4243
2600	0.0013
2601	0.0013
2602	0.0013
2603	0.0013
2604	7.0E-4
2605	7.0E-4
2606	7.0E-4
2607	7.0E-4
2608	7.0E-4
2609	7.0E-4
261	0.1379
2610	6.0E-4
2611	6.0E-4
2612	6.0E-4
2613	6.0E-4
2614	6.0E-4
2615	3.0E-4
2616	3.0E-4
2617	4.0E-4
2618	3.0E-4
2619	4.0E-4
262	0.1531
2620	3.0E-4
2621	3.0E-4
2622	3.0E-4
2623	3.0E-4
2624	3.0E-4
2625	3.0E-4
2626	3.0E-4
2627	3.0E-4
2628	3.0E-4
2629	3.0E-4
263	0.1439
2630	0.0
2631	0.0
2632	0.0
2633	0.0
2634	0.0
2635	0.0
2636	0.0
2637	0.0
2638	0.0
2639	0.0
264	0.1618
2640	0.0
2641	0.0
2642	0.0
2643	0.0
2644	0.0
2645	0.0
2646	0.0
2647	0.0
2648	0.0
2649	0.0
265	0.1467
2650	2.0E-4
2651	2.0E-4
2652	2.0E-4
2653	2.0E-4
2654	2.0E-4
2655	2.0E-4
2656	2.0E-4
2657	2.0E-4
2658	2.0E-4
2659	2.0E-4
266	0.1454
2660	2.0E-4
2661	2.0E-4
2662	2.0E-4
2663	0.0018
2664	0.0011
2665	0.0011
2666	0.0011
2667	7.0E-4
2668	7.0E-4
2669	7.0E-4
267	0.1566
2670	7.0E-4
2671	1.0699
2672	1.0699
2673	1.0699
2674	1.0699
2675	1.0699
2676	0.004
2677	0.0
2678	4.0E-4
2679	4.0E-4
268	0.1529
2680	7.0E-4
2681	3.0E-4
2682	3.0E-4
2683	3.0E-4
2684	3.0E-4
2685	0.0
2686	0.0
2687	0.0
2688	0.0
2689	0.0
269	0.1439
2690	0.0
2691	0.0
2692	0.0
2693	0.0
2694	0.0
2695	0.0
2696	0.0
2697	0.0
2698	0.0
2699	0.0
27	19.2915
270	0.1593
2700	0.0
2701	0.0
2702	0.0
2703	1.0E-4
2704	0.0
2705	1.0E-4
2706	0.0
2707	0.0
2708	0.0
2709	0.0
271	0.1343
2710	1.0E-4
2711	0.0
2712	0.0
2713	0.0
2714	1.0E-4
2715	1.0E-4
2716	1.0E-4
2717	2.0E-4
2718	1.0E-4
2719	1.0E-4
272	0.1552
2720	1.0E-4
2721	1.0E-4
2722	1.0E-4
2723	1.0E-4
2724	1.0E-4
2725	1.0E-4
2726	4.0E-4
2727	0.0011
2728	1.0E-4
2729	1.0E-4
273	0.1451
2730	1.0E-4
2731	1.0E-4
2732	1.0E-4
2733	1.0E-4
2734	1.0E-4
2735	0.2738
2736	5.0E-4
2737	0.0023
2738	0.0023
2739	0.0023
274	0.1359
2740	0.0023
2741	0.0023
2742	0.0023
2743	0.0023
2744	0.0023
2745	0.0023
2746	0.0023
2747	0.0023
2748	5.0E-4
2749	6.0E-4
275	0.1513
2750	3.0E-4
2751	3.0E-4
2752	3.0E-4
2753	0.0174
2754	0.001
2755	0.001
2756	0.0012
2757	9.0E-4
2758	9.0E-4
2759	0.0011
276	0.1693
2760	0.0013
2761	0.0013
2762	0.0014
2763	0.0031
2764	0.0031
2765	0.0031
2766	0.0031
2767	0.0031
2768	0.0031
2769	0.0031
277	0.1474
2770	0.0031
2771	0.1014
2772	0.1014
2773	0.1014
2774	0.1014
2775	0.1014
2776	0.1014
2777	0.1014
2778	0.1014
2779	0.1014
278	0.1615
2780	0.1014
2781	0.1014
2782	0.1014
2783	4.0E-4
2784	0.0027
2785	0.0027
2786	0.0176
2787	0.0562
2788	0.0562
2789	0.0017
279	0.1449
2790	0.0017
2791	0.0017
2792	0.0017
2793	0.0017
2794	0.0019
2795	0.0019
2796	0.0021
2797	0.0028
2798	0.0365
2799	9.0E-4
28	15.0598
280	0.6032
2800	9.0E-4
2801	9.0E-4
2802	9.0E-4
2803	9.0E-4
2804	9.0E-4
2805	9.0E-4
2806	9.0E-4
2807	9.0E-4
2808	9.0E-4
2809	9.0E-4
281	0.1451
2810	9.0E-4
2811	9.0E-4
2812	9.0E-4
2813	9.0E-4
2814	9.0E-4
2815	9.0E-4
2816	9.0E-4
2817	9.0E-4
2818	9.0E-4
2819	9.0E-4
282	0.1492
2820	9.0E-4
2821	9.0E-4
2822	9.0E-4
2823	9.0E-4
2824	9.0E-4
2825	9.0E-4
2826	9.0E-4
2827	9.0E-4
2828	9.0E-4
2829	9.0E-4
283	0.1454
2830	9.0E-4
2831	9.0E-4
2832	9.0E-4
2833	9.0E-4
2834	9.0E-4
2835	9.0E-4
2836	9.0E-4
2837	9.0E-4
2838	9.0E-4
2839	9.0E-4
284	0.1471
2840	9.0E-4
2841	9.0E-4
2842	9.0E-4
2843	9.0E-4
2844	9.0E-4
2845	9.0E-4
2846	9.0E-4
2847	9.0E-4
2848	9.0E-4
2849	9.0E-4
285	0.1458
2850	9.0E-4
2851	9.0E-4
2852	9.0E-4
2853	9.0E-4
2854	9.0E-4
2855	9.0E-4
2856	9.0E-4
2857	9.0E-4
2858	9.0E-4
2859	9.0E-4
286	0.1439
2860	9.0E-4
2861	9.0E-4
2862	9.0E-4
2863	9.0E-4
2864	9.0E-4
2865	9.0E-4
2866	9.0E-4
2867	9.0E-4
2868	9.0E-4
2869	9.0E-4
287	0.1439
2870	9.0E-4
2871	9.0E-4
2872	9.0E-4
2873	9.0E-4
2874	9.0E-4
2875	9.0E-4
2876	9.0E-4
2877	9.0E-4
2878	9.0E-4
2879	9.0E-4
288	0.1478
2880	9.0E-4
2881	9.0E-4
2882	9.0E-4
2883	9.0E-4
2884	9.0E-4
2885	9.0E-4
2886	9.0E-4
2887	9.0E-4
2888	9.0E-4
2889	9.0E-4
289	0.1454
2890	9.0E-4
2891	9.0E-4
2892	9.0E-4
2893	9.0E-4
2894	9.0E-4
2895	9.0E-4
2896	9.0E-4
2897	9.0E-4
2898	9.0E-4
2899	9.0E-4
29	14.512
290	0.1464
2900	9.0E-4
2901	9.0E-4
2902	9.0E-4
2903	9.0E-4
2904	9.0E-4
2905	9.0E-4
2906	9.0E-4
2907	9.0E-4
2908	9.0E-4
2909	9.0E-4
291	0.1536
2910	9.0E-4
2911	9.0E-4
2912	9.0E-4
2913	9.0E-4
2914	9.0E-4
2915	9.0E-4
2916	9.0E-4
2917	9.0E-4
2918	9.0E-4
2919	9.0E-4
292	0.148
2920	9.0E-4
2921	9.0E-4
2922	9.0E-4
2923	9.0E-4
2924	9.0E-4
2925	9.0E-4
2926	9.0E-4
2927	9.0E-4
2928	9.0E-4
2929	9.0E-4
293	0.1462
2930	9.0E-4
2931	9.0E-4
2932	9.0E-4
2933	9.0E-4
2934	9.0E-4
2935	9.0E-4
2936	9.0E-4
2937	9.0E-4
2938	9.0E-4
2939	9.0E-4
294	0.2218
2940	9.0E-4
2941	9.0E-4
2942	9.0E-4
2943	9.0E-4
2944	9.0E-4
2945	9.0E-4
2946	9.0E-4
2947	9.0E-4
2948	9.0E-4
2949	9.0E-4
295	0.2222
2950	9.0E-4
2951	9.0E-4
2952	9.0E-4
2953	9.0E-4
2954	9.0E-4
2955	9.0E-4
2956	9.0E-4
2957	9.0E-4
2958	9.0E-4
2959	9.0E-4
296	0.2214
2960	9.0E-4
2961	9.0E-4
2962	9.0E-4
2963	9.0E-4
2964	9.0E-4
2965	9.0E-4
2966	9.0E-4
2967	9.0E-4
2968	9.0E-4
2969	9.0E-4
297	0.2305
2970	9.0E-4
2971	9.0E-4
2972	9.0E-4
2973	9.0E-4
2974	9.0E-4
2975	9.0E-4
2976	9.0E-4
2977	9.0E-4
2978	9.0E-4
2979	9.0E-4
298	0.231
2980	9.0E-4
2981	9.0E-4
2982	9.0E-4
2983	0.0146
2984	0.0016
2985	0.0016
2986	0.0016
2987	0.0016
2988	0.0016
2989	0.0016
299	0.2214
2990	0.0264
2991	0.016
2992	0.016
2993	0.016
2994	0.0067
2995	0.016
2996	0.0171
2997	0.016
2998	0.0067
2999	0.0032
3	0.0166
30	4.0816
300	0.6571
3000	0.0032
3001	0.0032
3002	0.0032
3003	0.0032
3004	0.0032
3005	0.0032
3006	0.0032
3007	0.0032
3008	0.0032
3009	0.0032
301	0.2214
3010	0.0032
3011	0.0032
3012	0.0032
3013	0.0032
3014	0.0032
3015	0.0032
3016	0.0032
3017	0.0032
3018	0.0032
3019	0.0032
302	0.5231
3020	0.0032
3021	0.0034
3022	0.0032
3023	0.0032
3024	0.0032
3025	0.0032
3026	0.0187
3027	0.0187
3028	0.0104
3029	0.0104
303	0.9145
3030	0.039
3031	0.039
3032	0.0039
3033	0.0039
3034	0.0039
3035	0.0039
3036	0.0039
3037	0.0039
3038	0.0039
3039	0.0039
304	0.0101
3040	0.0039
3041	0.0039
3042	0.0039
3043	0.0039
3044	0.0039
3045	0.0039
3046	0.0039
3047	0.0039
3048	0.0039
3049	0.0039
305	0.0235
3050	0.0039
3051	0.0039
3052	0.0039
3053	0.0039
3054	0.0039
3055	0.0464
3056	0.0323
3057	0.0464
3058	0.0323
3059	0.0062
306	0.0285
3060	0.0062
3061	0.0062
3062	0.0062
3063	0.0062
3064	0.0062
3065	0.0261
3066	0.0261
3067	0.0062
3068	0.0202
3069	0.0068
307	0.0265
3070	0.0068
3071	0.0068
3072	0.0063
3073	0.0063
3074	0.0063
3075	0.0063
3076	0.0063
3077	0.0063
3078	4.0E-4
3079	4.0E-4
308	0.0121
3080	4.0E-4
3081	4.0E-4
3082	4.0E-4
3083	4.0E-4
3084	4.0E-4
3085	4.0E-4
3086	4.0E-4
3087	4.0E-4
3088	0.8086
3089	3.2052
309	1.1687
3090	0.2798
3091	0.2798
3092	0.2798
3093	0.2798
3094	0.2883
3095	0.5648
3096	0.2798
3097	0.309
3098	0.4986
3099	0.4654
31	2.3568
310	0.9485
3100	0.4654
3101	0.4654
3102	0.3129
3103	0.3129
3104	0.3461
3105	0.4654
3106	0.4654
3107	0.4746
3108	0.4654
3109	0.5864
311	0.9523
3110	0.4654
3111	1.6155
3112	0.4424
3113	0.435
3114	0.0731
3115	0.0823
3116	0.0731
3117	0.1684
3118	0.0731
3119	0.4112
312	0.9947
3120	0.3944
3121	0.0021
3122	5.0E-4
3123	7.0E-4
3124	5.0E-4
3125	0.0017
3126	0.0012
3127	0.0012
3128	0.0014
3129	1.0018
313	0.9485
3130	0.0102
3131	0.0102
3132	0.0102
3133	0.0094
3134	0.0094
3135	0.0094
3136	0.0094
3137	0.0094
3138	0.0094
3139	0.0346
314	0.9485
3140	0.1
3141	0.1
3142	0.1
3143	0.1
3144	0.1
3145	0.1
3146	0.1
3147	0.1
3148	0.1
3149	0.1
315	0.9485
3150	0.1
3151	0.1
3152	0.0011
3153	4.0E-4
3154	4.0E-4
3155	4.0E-4
3156	0.1189
3157	0.0158
3158	0.0068
3159	0.0168
316	0.9485
3160	0.0068
3161	0.0143
3162	0.0068
3163	1.5531
3164	0.3744
3165	0.0068
3166	0.0068
3167	0.0293
3168	0.0293
3169	0.059
317	0.9485
3170	0.14
3171	0.1419
3172	0.1419
3173	0.14
3174	4.0E-4
3175	4.0E-4
3176	4.0E-4
3177	0.0778
3178	0.0778
3179	0.0778
318	0.9485
3180	0.0947
3181	1.2083
3182	2.576
3183	0.1272
3184	1.4181
3185	0.0778
3186	5.801
3187	0.1192
3188	3.5761
3189	2.0202
319	0.9485
3190	2.0202
3191	0.0953
3192	0.0778
3193	0.0778
3194	0.0778
3195	0.0778
3196	0.2809
3197	0.0
3198	0.0
3199	0.0
32	3.7725
320	1.1465
3200	0.0
3201	0.0
3202	0.0
3203	0.0
3204	0.0
3205	0.0
3206	0.0
3207	0.0
3208	0.0
3209	0.0
321	0.1033
3210	0.0
3211	0.0
3212	0.0
3213	0.0
3214	0.0
3215	0.0
3216	0.0
3217	0.0
3218	0.0
3219	1.0E-4
322	0.1039
3220	9.1752
3221	7.1107
3222	2.2867
3223	5.0448
3224	7.799
3225	3.8964
3226	6.4221
3227	12.1589
3228	5.7337
3229	3.4369
323	0.1039
3230	0.0
3231	0.0
3232	0.0
3233	0.0027
3234	0.0027
3235	0.0027
3236	0.0014
3237	0.0014
3238	0.0258
3239	0.0183
324	0.1384
3240	0.0183
3241	0.0015
3242	0.0015
3243	0.0015
3244	0.0015
3245	0.0015
3246	0.0015
3247	0.0015
3248	0.0015
3249	0.0015
325	0.0293
3250	0.0015
3251	0.0015
3252	0.0015
3253	0.0015
3254	0.0015
3255	0.0015
3256	0.0015
3257	0.0015
3258	0.0015
3259	0.0015
326	0.0293
3260	0.0015
3261	0.0015
3262	0.0015
3263	0.0015
3264	0.0015
3265	0.0015
3266	0.0015
3267	0.0
3268	0.0
3269	0.0
327	0.0293
3270	0.0
3271	0.0
3272	0.0
3273	0.0
3274	3.6317
3275	0.0
3276	0.001
3277	0.001
3278	0.001
3279	0.0
328	0.0293
3280	0.0
3281	0.0
3282	0.0
3283	0.0
3284	0.0
3285	0.0
3286	0.0
3287	0.0
3288	0.0
3289	0.0
329	0.0293
3290	0.0
3291	0.0
3292	0.0
3293	0.0
3294	0.0
3295	0.0
3296	0.0
3297	0.0
3298	0.0
3299	0.0
33	5.0596
330	0.0293
3300	0.0044
3301	0.0044
3302	0.0044
3303	0.0015
3304	0.0015
3305	0.0015
3306	0.0015
3307	0.0015
3308	0.0015
3309	0.0015
331	0.1033
3310	0.0015
3311	0.0015
3312	0.0015
3313	0.0011
3314	0.0011
3315	0.0011
3316	0.0011
3317	0.0011
3318	0.0011
3319	0.0012
332	0.1203
3320	0.0012
3321	0.0014
3322	0.0348
3323	0.0348
3324	0.0348
3325	0.0348
3326	0.0348
3327	0.0348
3328	0.0348
3329	1.0E-4
333	0.0096
3330	1.0E-4
3331	1.0E-4
3332	1.0E-4
3333	1.0E-4
3334	1.0E-4
3335	1.0E-4
3336	1.0E-4
3337	1.0E-4
3338	1.0E-4
3339	1.0E-4
334	0.2024
3340	1.0E-4
3341	0.0
3342	0.0
3343	0.0
3344	0.0
3345	0.0
3346	0.0
3347	0.0
3348	0.0
3349	0.0
335	0.2024
3350	0.0
3351	1.0E-4
3352	1.0E-4
3353	1.0E-4
3354	1.0E-4
3355	1.0E-4
3356	3.0E-4
3357	0.0
3358	0.0
3359	0.0
336	0.2024
3360	0.0
3361	0.0
3362	0.0
3363	0.0
3364	0.0
3365	0.0
3366	0.0
3367	0.0
3368	0.0
3369	0.0
337	0.8488
3370	0.0
3371	0.0
3372	0.0
3373	0.0
3374	0.0
3375	0.0
3376	0.0
3377	0.0
3378	0.0
3379	0.0
338	0.8488
3380	0.0
3381	0.0
3382	0.0
3383	0.0
3384	0.0
3385	0.0
3386	0.0
3387	0.0
3388	0.0
3389	0.0
339	0.8488
3390	0.0
3391	0.0
3392	0.0
3393	0.0
3394	0.0
3395	0.0
3396	0.0
3397	0.0
3398	0.0
3399	0.0
34	2.3642
340	0.0214
3400	0.0
3401	0.0
3402	0.0
3403	0.0
3404	0.0
3405	0.0
3406	0.0
3407	0.0
3408	0.0
3409	0.0
341	0.0336
3410	0.0
3411	0.0
3412	0.0
3413	0.0
3414	0.0
3415	0.0
3416	0.0
3417	0.0
3418	0.0
3419	0.0
342	0.0017
3420	0.0
3421	0.0
3422	0.0
3423	0.0
3424	0.0
3425	0.0
3426	0.0
3427	0.0
3428	0.0
3429	0.0
343	0.0017
3430	0.0
3431	0.0
3432	0.0
3433	0.0
3434	0.0
3435	0.0
3436	0.0
3437	0.0
3438	0.0
3439	0.0
344	0.071
3440	0.0
3441	0.0
3442	0.0
3443	0.0
3444	0.0
3445	0.0
3446	0.0
3447	0.0
3448	0.0
3449	0.0
345	4.0E-4
3450	0.0
3451	0.0
3452	0.0
3453	0.0
3454	0.0
3455	0.0
3456	0.0
3457	0.0
3458	0.0
3459	0.0
346	5.0E-4
3460	0.0
3461	0.0
3462	0.0
3463	0.0
3464	0.0
3465	0.0
3466	0.0
3467	0.0
3468	0.0
3469	0.0
347	5.0E-4
3470	0.0
3471	4.0E-4
3472	4.0E-4
3473	4.0E-4
3474	4.0E-4
3475	4.0E-4
3476	4.0E-4
3477	4.0E-4
3478	4.0E-4
3479	1.0694
348	0.0011
3480	1.0694
3481	1.0694
3482	1.0694
3483	1.0694
3484	1.0694
3485	1.0694
3486	1.0694
3487	1.0694
3488	1.0694
3489	0.0
349	5.0E-4
3490	1.0E-4
3491	1.0E-4
3492	2.0E-4
3493	2.0E-4
3494	2.0E-4
3495	0.0
3496	0.0
3497	0.0
3498	0.0
3499	0.0
35	2.7178
350	0.0011
3500	0.0
3501	0.0
3502	0.0
3503	0.0
3504	0.0
3505	0.0
3506	0.0
3507	0.0
3508	0.0
3509	0.0
351	5.0E-4
3510	0.0
3511	0.0095
3512	0.3953
3513	0.004
3514	2.0146
3515	0.0023
3516	0.0023
3517	0.0055
3518	0.0055
3519	0.0055
352	4.0E-4
3520	0.0011
3521	5.0E-4
3522	0.0011
3523	5.0E-4
3524	5.0E-4
3525	5.0E-4
3526	5.0E-4
3527	5.0E-4
3528	5.0E-4
3529	5.0E-4
353	4.0E-4
3530	5.0E-4
3531	5.0E-4
3532	0.0023
3533	5.0E-4
3534	0.0023
3535	5.0E-4
3536	5.0E-4
3537	5.0E-4
3538	5.0E-4
3539	5.0E-4
354	4.0E-4
3540	5.0E-4
3541	5.0E-4
3542	5.0E-4
3543	5.0E-4
3544	5.0E-4
3545	5.0E-4
3546	5.0E-4
3547	5.0E-4
3548	5.0E-4
3549	5.0E-4
355	4.0E-4
3550	5.0E-4
3551	5.0E-4
3552	5.0E-4
3553	5.0E-4
3554	5.0E-4
3555	0.0011
3556	5.0E-4
3557	5.0E-4
3558	5.0E-4
3559	5.0E-4
356	2.4669
3560	5.0E-4
3561	5.0E-4
3562	5.0E-4
3563	5.0E-4
3564	0.0018
3565	0.0018
3566	0.0018
3567	0.0018
3568	0.0018
3569	0.0018
357	2.2491
3570	0.0018
3571	0.0018
3572	0.0018
3573	0.0018
3574	0.0013
3575	0.0013
3576	0.0013
3577	0.0013
3578	0.0013
3579	0.0013
358	0.3939
3580	0.0015
3581	0.0015
3582	0.0016
3583	0.0278
3584	1.3315
3585	1.5365
3586	2.0201
3587	1.5365
3588	0.0343
3589	0.0343
359	0.6562
3590	0.0633
3591	0.0605
3592	0.0605
3593	0.0605
3594	0.0764
3595	0.0764
3596	0.0764
3597	0.0485
3598	0.0764
3599	0.0764
36	5.9385
360	0.3939
3600	0.614
3601	0.051
3602	0.3317
3603	0.0712
3604	0.073
3605	0.2491
3606	0.2491
3607	0.0154
3608	0.0377
3609	0.0154
361	0.3939
3610	0.0377
3611	0.0231
3612	0.0231
3613	0.5175
3614	0.0377
3615	0.127
3616	0.1662
3617	0.0311
3618	0.0311
3619	0.0311
362	1.1286
3620	0.0311
3621	0.0311
3622	0.0311
3623	0.0311
3624	0.0704
3625	0.0311
3626	0.0628
3627	0.0392
3628	0.0392
3629	0.0392
363	0.0395
3630	0.0392
3631	0.0392
3632	0.0392
3633	0.0392
3634	0.0498
3635	0.0498
3636	0.0498
3637	0.0785
3638	0.0177
3639	0.0177
364	0.0395
3640	0.0177
3641	0.0177
3642	0.0177
3643	2.0786
3644	2.0786
3645	1.9493
3646	1.9493
3647	1.9493
3648	1.9493
3649	0.0156
365	0.0696
3650	0.0156
3651	0.0156
3652	0.0156
3653	0.0156
3654	0.0156
3655	0.0156
3656	0.0156
3657	0.0156
3658	0.0156
3659	0.0322
366	0.0395
3660	0.0157
3661	0.0157
3662	0.0157
3663	0.0157
3664	0.2506
3665	0.0
3666	0.0
3667	0.0
3668	0.0
3669	0.0
367	0.0395
3670	0.0
3671	0.0
3672	0.0
3673	0.0
3674	0.0
3675	0.0
3676	0.0
3677	0.0
3678	0.0
3679	0.0
368	0.0395
3680	0.0
3681	0.0
3682	0.0
3683	0.0
3684	0.0
3685	0.0
3686	0.0
3687	0.0
3688	0.0
3689	0.0
369	1.5611
3690	0.0
3691	0.0
3692	0.0
3693	0.0
3694	0.0
3695	0.0
3696	0.0
3697	0.0
3698	0.0
3699	0.0
37	27.0826
370	6.0E-4
3700	7.0E-4
3701	0.0022
3702	0.3952
3703	4.0E-4
3704	0.0236
3705	0.1001
3706	0.0561
3707	0.0218
3708	0.0218
3709	0.0132
371	0.007
3710	0.0111
3711	0.0218
3712	0.0111
3713	0.018
3714	0.018
3715	0.018
3716	0.0041
3717	0.0041
3718	0.0089
3719	0.0084
372	5.0E-4
3720	0.0084
3721	0.0035
3722	0.0035
3723	0.0015
3724	0.0015
3725	0.0015
3726	0.007
3727	0.007
3728	0.007
3729	7.256
373	5.0E-4
3730	0.0015
3731	0.0015
3732	0.0015
3733	0.2616
3734	1.2816
3735	0.282
3736	0.2616
3737	0.0434
3738	0.1377
3739	0.1546
374	5.0E-4
3740	0.3167
3741	0.0867
3742	5.6974
3743	0.0434
3744	0.0434
3745	0.0434
3746	0.0434
3747	0.0434
3748	0.011
3749	0.017
375	5.0E-4
3750	0.011
3751	0.0078
3752	0.0078
3753	0.0078
3754	0.0078
3755	0.0078
3756	0.0078
3757	0.0078
3758	0.0078
3759	0.0316
376	5.0E-4
3760	0.0316
3761	0.0316
3762	0.1452
3763	0.1452
3764	0.1452
3765	0.1452
3766	1.1256
3767	1.1256
3768	0.0168
3769	0.0168
377	6.0E-4
3770	0.0168
3771	0.0168
3772	0.0168
3773	1.3522
3774	1.3522
3775	1.3522
3776	1.3522
3777	0.0175
3778	0.0175
3779	0.0175
378	5.0E-4
3780	0.0175
3781	0.5348
3782	0.6955
3783	0.5348
3784	0.5348
3785	0.5348
3786	0.5348
3787	0.0175
3788	0.0241
3789	0.7503
379	5.0E-4
3790	0.7503
3791	0.7503
3792	0.2312
3793	0.2312
3794	0.2312
3795	0.2312
3796	0.2312
3797	0.2312
3798	0.2312
3799	0.2312
38	24.9101
380	4.0E-4
3800	0.0
3801	0.0
3802	0.0
3803	0.0
3804	0.0
3805	0.0
3806	0.0
3807	0.0
3808	3.6317
3809	0.0
381	4.0E-4
3810	0.001
3811	0.001
3812	0.001
3813	0.0
3814	0.0
3815	0.0
3816	0.0
3817	0.0
3818	0.0
3819	0.0
382	0.0484
3820	0.0
3821	0.0
3822	0.0
3823	0.0
3824	0.0
3825	0.0
3826	0.0
3827	0.0
3828	0.0
3829	0.0
383	0.0484
3830	0.0
3831	0.0
3832	0.0
3833	0.0
3834	10.6808
3835	5.192
3836	1.964
3837	0.8664
3838	0.5061
3839	0.4253
384	0.093
3840	0.396
3841	0.392
3842	0.3908
3843	0.3907
3844	0.3907
3845	0.3907
3846	0.3907
3847	0.3907
3848	0.3907
3849	0.3907
385	0.093
3850	0.3907
3851	0.3907
3852	0.3907
3853	0.3907
3854	0.3907
3855	0.3907
3856	0.3907
3857	0.3907
3858	0.3907
3859	0.3907
386	0.093
3860	0.3907
3861	0.3907
3862	0.3907
3863	0.3907
3864	0.3907
3865	0.3907
3866	0.3908
3867	0.3921
3868	0.3957
3869	0.4237
387	0.2052
3870	0.5228
3871	1.0257
3872	2.7856
3873	8.1712
3874	0.2238
3875	8.3244
3876	4.1156
3877	1.616
3878	0.7595
3879	0.4791
388	0.0547
3880	0.4158
3881	0.393
3882	0.3899
3883	0.3889
3884	0.3888
3885	0.3888
3886	0.3888
3887	0.3888
3888	0.3888
3889	0.3888
389	0.1149
3890	0.3888
3891	0.3888
3892	0.3888
3893	0.3888
3894	0.3888
3895	0.3888
3896	0.3888
3897	0.3888
3898	0.3889
3899	0.3899
39	6.6142
390	0.0064
3900	0.3928
3901	0.4147
3902	0.4923
3903	0.8848
3904	2.2449
3905	6.3769
3906	0.2224
3907	2.8097
3908	1.5866
3909	0.7892
391	0.0762
3910	0.4969
3911	0.4046
3912	0.3897
3913	0.4094
3914	0.5423
3915	0.9679
3916	2.1759
3917	0.2097
3918	5.9652
3919	3.0369
392	0.0051
3920	1.2661
3921	0.6509
3922	0.4505
3923	0.4047
3924	0.3884
3925	0.3861
3926	0.3854
3927	0.3854
3928	0.3854
3929	0.3854
393	0.0051
3930	0.3854
3931	0.3854
3932	0.3854
3933	0.3861
3934	0.3883
3935	0.404
3936	0.4601
3937	0.7421
3938	1.7022
3939	4.5803
394	0.0051
3940	0.2199
3941	9.11
3942	4.4746
3943	1.7322
3944	0.7952
3945	0.4882
3946	0.4191
3947	0.3941
3948	0.3907
3949	0.3896
395	0.0051
3950	0.3896
3951	0.3896
3952	0.3896
3953	0.3896
3954	0.3896
3955	0.3896
3956	0.3896
3957	0.3896
3958	0.3896
3959	0.3896
396	0.0064
3960	0.3896
3961	0.3896
3962	0.3896
3963	0.3896
3964	0.3896
3965	0.3896
3966	0.3896
3967	0.3896
3968	0.3907
3969	0.3939
397	0.0051
3970	0.4178
3971	0.5026
3972	0.9319
3973	2.4254
3974	6.9752
3975	0.2229
3976	4.6529
3977	2.4356
3978	1.07
3979	0.589
398	0.0051
3980	0.4331
3981	0.397
3982	0.3844
3983	0.3825
3984	0.3819
3985	0.3819
3986	0.3825
3987	0.3842
3988	0.3966
3989	0.4407
399	0.0072
3990	0.6613
3991	1.3989
3992	3.5807
3993	0.2173
3994	7.5383
3995	3.7564
3996	1.4996
3997	0.7235
3998	0.4698
3999	0.4123
4	0.01
40	9.6973
400	0.0051
4000	0.3917
4001	0.3889
4002	0.388
4003	0.3879
4004	0.3879
4005	0.3879
4006	0.3879
4007	0.3879
4008	0.3879
4009	0.3879
401	0.005
4010	0.3879
4011	0.3879
4012	0.3879
4013	0.3879
4014	0.388
4015	0.3889
4016	0.3916
4017	0.4113
4018	0.4818
4019	0.8375
402	0.0051
4020	2.0643
4021	5.7782
4022	0.2217
4023	14.0855
4024	6.7464
4025	2.4659
4026	1.0198
4027	0.544
4028	0.4379
4029	0.3992
403	0.0051
4030	0.3941
4031	0.3924
4032	0.3924
4033	0.3924
4034	0.3924
4035	0.3924
4036	0.3924
4037	0.3924
4038	0.3924
4039	0.3924
404	0.0064
4040	0.3924
4041	0.3924
4042	0.3924
4043	0.3924
4044	0.3924
4045	0.3924
4046	0.3924
4047	0.3924
4048	0.3924
4049	0.3924
405	0.0051
4050	0.3924
4051	0.3924
4052	0.3924
4053	0.3924
4054	0.3924
4055	0.3924
4056	0.3924
4057	0.3924
4058	0.3924
4059	0.3924
406	0.0064
4060	0.3924
4061	0.3924
4062	0.3924
4063	0.3924
4064	0.3924
4065	0.3924
4066	0.3924
4067	0.3924
4068	0.3924
4069	0.3941
407	0.005
4070	0.3989
4071	0.4357
4072	0.5659
4073	1.2282
4074	3.566
4075	10.7639
4076	0.225
4077	6.7521
4078	3.3969
4079	1.383
408	0.005
4080	0.6874
4081	0.4603
4082	0.4087
4083	0.3902
4084	0.3876
4085	0.3868
4086	0.3868
4087	0.3868
4088	0.3868
4089	0.3868
409	0.0599
4090	0.3868
4091	0.3868
4092	0.3868
4093	0.3868
4094	0.3868
4095	0.3877
4096	0.3901
4097	0.4079
4098	0.4712
4099	0.79
41	6.4666
410	0.0599
4100	1.8835
4101	5.1795
4102	0.2209
4103	4.1273
4104	2.1943
4105	0.9908
4106	0.5636
4107	0.4255
4108	0.3933
4109	0.3821
411	0.0599
4110	0.3804
4111	0.3804
4112	0.382
4113	0.3929
4114	0.4323
4115	0.6282
4116	1.2769
4117	3.1802
4118	0.2159
4119	0.0
412	0.0599
4120	0.0
4121	0.0049
4122	0.0101
4123	0.0101
4124	0.0
4125	0.0
4126	0.0
4127	0.0
4128	0.0
4129	0.0
413	0.0599
4130	0.0
4131	0.0
4132	0.0
4133	0.0
4134	0.0
4135	0.0
4136	0.0
4137	0.0
4138	0.0
4139	4.35
414	0.0599
4140	2.2956
4141	1.0466
4142	0.6069
4143	0.4667
4144	0.4342
4145	0.4229
4146	0.4212
4147	0.4213
4148	0.4228
4149	0.434
415	0.0433
4150	0.4746
4151	0.6785
4152	1.359
4153	3.3725
4154	0.0011
4155	0.0011
4156	0.0011
4157	0.0011
4158	0.0011
4159	0.0011
416	0.3211
4160	0.0
4161	0.0
4162	0.0
4163	0.0
4164	0.0
4165	0.0
4166	0.0
4167	0.0
4168	0.0
4169	0.0
417	6.0E-4
4170	0.0
4171	0.0
4172	0.0
4173	0.0
4174	0.0
4175	0.0
4176	0.0
4177	0.0
4178	0.0
4179	0.0
418	6.0E-4
4180	0.0
4181	0.0
4182	0.0
4183	0.0
4184	0.0
4185	0.0
4186	0.0
4187	0.0
4188	0.0
4189	0.0
419	6.0E-4
4190	0.0
4191	0.0
4192	0.0
4193	0.0
4194	0.0
4195	0.0
4196	0.0
4197	0.0
4198	0.0
4199	0.0
42	8.273
420	6.0E-4
4200	0.0
4201	0.0
4202	0.0
4203	0.0
4204	0.0
4205	0.0
4206	0.0
4207	0.0
4208	0.0
4209	0.0
421	6.0E-4
4210	0.0
4211	0.0
4212	0.0
4213	0.0
4214	0.0
4215	0.0
4216	0.0
4217	0.0
4218	0.0
4219	0.0
422	6.0E-4
4220	0.0
4221	0.0
4222	0.0
4223	0.0
4224	0.0
4225	0.0
4226	0.0
4227	0.0
4228	0.0
4229	0.0
423	6.0E-4
4230	0.0
4231	0.0
4232	0.0
4233	0.0
4234	0.0
4235	0.0
4236	0.0
4237	0.0
4238	0.0
4239	0.0
424	6.0E-4
4240	0.0
4241	0.0
4242	0.0
4243	0.0
4244	0.0
4245	0.0
4246	0.0
4247	0.0
4248	0.0
4249	0.0
425	18.3517
4250	0.0
4251	0.0
4252	0.0
4253	0.0
4254	0.0
4255	0.0
4256	0.0
4257	0.0
4258	0.0
4259	0.0
426	0.5309
4260	0.0
4261	0.0
4262	0.0
4263	0.0
4264	0.0
4265	0.0
4266	0.0
4267	0.0
4268	0.0
4269	0.0
427	0.3375
4270	0.0
4271	0.0
4272	0.0
4273	0.0
4274	0.0
4275	0.0
4276	0.0
4277	0.0
4278	0.0
4279	0.0
428	0.1019
4280	0.0
4281	0.0
4282	0.0
4283	0.0
4284	0.0
4285	0.0
4286	0.0
4287	0.0
4288	0.0
4289	0.0
429	0.4909
4290	0.0
4291	0.0
4292	0.0
4293	0.0
4294	0.0
4295	0.0
4296	0.0
4297	0.0
4298	0.0
4299	0.0
43	20.3407
430	1.0737
4300	0.0
4301	0.0
4302	0.0
4303	0.0
4304	0.0
4305	0.0
4306	0.0
4307	0.0
4308	0.0
4309	0.0
431	0.04
4310	0.0
4311	0.0
4312	0.0
4313	0.0
4314	0.0
4315	0.0
4316	0.0
4317	0.0
4318	0.0
4319	0.0
432	0.0029
4320	0.0
4321	0.0
4322	0.0
4323	0.0
4324	0.0
4325	0.0
4326	0.0
4327	0.0
4328	0.0
4329	0.0
433	0.0389
4330	0.0
4331	0.0
4332	0.0
4333	0.0
4334	0.0
4335	0.0
4336	0.0
4337	0.0
4338	0.0
4339	0.0
434	0.0389
4340	0.0
4341	0.0
4342	0.0
4343	0.0
4344	0.0
4345	0.0
4346	0.0
4347	0.0
4348	0.0
4349	0.0
435	0.037
4350	0.0
4351	0.0
4352	0.0
4353	0.0
4354	0.0
4355	0.0
4356	0.0
4357	0.0
4358	0.0
4359	0.0
436	0.037
4360	0.0
4361	0.0
4362	0.0
4363	0.0
4364	0.0
4365	0.0
4366	0.0
4367	0.0
4368	0.0
4369	0.0
437	0.037
4370	0.0
4371	0.0
4372	0.0
4373	0.0
4374	0.0
4375	0.0
4376	0.0
4377	0.0
4378	0.0
4379	0.0
438	0.037
4380	0.0
4381	0.0
4382	0.0
4383	0.0
4384	0.0
4385	0.0
4386	0.0
4387	0.0
4388	0.0
4389	0.0
439	0.037
4390	0.0
4391	0.0
4392	0.0
4393	0.0
4394	0.0
4395	0.0
4396	0.0
4397	0.0
4398	0.0
4399	0.0
44	5.4627
440	0.0375
4400	0.0
4401	0.0
4402	0.0
4403	0.0
4404	0.0
4405	0.0
4406	0.0
4407	0.0
4408	0.0
4409	0.0
441	0.0031
4410	0.0
4411	0.0
4412	0.0
4413	0.0
4414	0.0
4415	0.0
4416	0.0
4417	0.0
4418	0.0
4419	0.0
442	0.0038
4420	0.0
4421	0.0
4422	0.0
4423	0.0
4424	0.0
4425	0.0
4426	0.0
4427	0.0
4428	0.0
4429	0.0
443	0.0038
4430	0.0
4431	0.0
4432	0.0
4433	0.0
4434	0.0
4435	0.0
4436	3.0E-4
4437	3.0E-4
4438	1.0E-4
4439	3.0E-4
444	0.0038
4440	3.0E-4
4441	3.0E-4
4442	3.0E-4
4443	1.0E-4
4444	1.0E-4
4445	1.0E-4
4446	2.0E-4
4447	4.0E-4
4448	1.0E-4
4449	1.0E-4
445	0.0541
4450	3.0E-4
4451	0.0
4452	0.0
4453	0.0
4454	0.0
4455	0.0
4456	0.0
4457	0.0
4458	3.6317
4459	0.0
446	0.0547
4460	0.001
4461	0.001
4462	0.001
4463	0.0
4464	0.0
4465	0.0
4466	0.0
4467	0.0
4468	0.0
4469	0.0
447	0.0541
4470	0.0
4471	0.0
4472	0.0
4473	0.0
4474	0.0
4475	0.0
4476	0.0
4477	0.0
4478	0.0
4479	0.0
448	0.0949
4480	0.0
4481	0.0
4482	0.0
4483	0.0
4484	0.2515
4485	1.0138
4486	0.0
4487	0.0
4488	0.0
4489	0.0
449	0.0536
4490	0.0
4491	0.0
4492	0.0
4493	0.0
4494	0.0
4495	0.0
4496	0.0
4497	0.0
4498	0.0
4499	0.0
45	2.7385
450	0.0393
4500	0.0
4501	0.0
4502	0.0
4503	0.0
4504	0.0
4505	0.0
4506	0.0
4507	0.0
4508	0.0
4509	0.0
451	0.0369
4510	0.0
4511	0.0
4512	0.0
4513	0.0
4514	0.0
4515	0.0
4516	0.0
4517	0.0
4518	0.0
4519	0.0
452	0.0297
4520	0.0
4521	0.0
4522	0.0
4523	0.0
4524	0.0
4525	0.0
4526	0.0
4527	0.0
4528	0.0
4529	0.0
453	0.0276
4530	0.0
4531	0.0
4532	0.0
4533	0.0
4534	0.0
4535	0.0
4536	0.0
4537	0.0
4538	0.0
4539	0.0
454	0.0276
4540	0.0
4541	0.0
4542	0.0
4543	0.0
4544	0.0
4545	0.0
4546	0.0
4547	0.0
4548	0.0
4549	0.0
455	0.0276
4550	0.0
4551	0.0
4552	0.0
4553	0.0
4554	0.0
4555	0.0
4556	0.0
4557	0.0
4558	0.0
4559	0.0
456	0.0276
4560	0.0
4561	0.0
4562	0.0
4563	0.0
4564	0.0
4565	0.0
4566	0.0
4567	0.0
4568	0.0
4569	0.0
457	0.2414
4570	0.0
4571	0.0
4572	0.0
4573	0.0
4574	0.0
4575	0.0
4576	0.0
4577	0.0
4578	0.0
4579	0.0
458	0.2414
4580	0.0
4581	0.0
4582	0.0
4583	0.0
4584	0.0
4585	0.0
4586	0.0
4587	0.0
4588	0.0
4589	0.0
459	0.2414
4590	0.0
4591	0.0
4592	0.0
4593	0.0
4594	0.0
4595	0.0
4596	0.0
4597	0.0
4598	0.0
4599	0.0
46	6.0551
460	0.2204
4600	0.0
4601	0.0
4602	0.0
4603	0.0
4604	0.0
4605	0.0
4606	0.0
4607	0.0
4608	0.0
4609	0.0
461	0.2414
4610	0.0
4611	0.0
4612	0.0
4613	0.0
4614	0.0
4615	0.0
4616	0.0
4617	0.0
4618	0.0
4619	0.0
462	0.2429
4620	0.0
4621	0.0
4622	0.0
4623	0.0
4624	0.0
4625	0.0
4626	0.0
4627	0.0
4628	0.0
4629	0.0
463	0.2429
4630	0.0
4631	0.0
4632	0.0
4633	0.0
4634	0.0
4635	0.0
4636	0.0
4637	0.0
4638	0.0
4639	0.0
464	0.2429
4640	0.0
4641	0.0
4642	0.0
4643	0.0
4644	0.0
4645	0.0
4646	0.0
4647	0.0
4648	0.0
4649	0.0
465	0.2414
4650	0.0
4651	0.0
4652	0.0
4653	0.0
4654	0.0
4655	0.0
4656	0.0
4657	0.0
4658	0.0
4659	0.0
466	0.2414
4660	0.0
4661	0.0
4662	0.0
4663	0.0
4664	0.0
4665	0.0
4666	0.0
4667	0.0
4668	0.0
4669	0.0
467	0.2643
4670	0.0
4671	0.0
4672	0.0
4673	0.0
4674	0.0
4675	0.0
4676	0.0
4677	0.0
4678	0.0
4679	0.0
468	0.2643
4680	0.0
4681	0.0
4682	0.0
4683	0.0
4684	0.0
4685	0.0
4686	0.0
4687	0.0
4688	0.0
4689	0.0
469	0.0772
4690	0.0
4691	0.0
4692	0.0
4693	0.0
4694	0.0
4695	0.0
4696	0.0
4697	0.0
4698	0.0
4699	0.0
47	1.6132
470	0.0642
4700	0.0
4701	0.0
4702	0.0
4703	0.0
4704	0.0
4705	0.0
4706	0.0
4707	0.0
4708	0.0
4709	0.0
471	0.0642
4710	0.0
4711	0.0
4712	0.0
4713	0.0
4714	0.0
4715	0.0
4716	0.0
4717	0.0
4718	0.0
4719	0.0
472	0.0642
4720	0.0
4721	0.0
4722	0.0
4723	0.0
4724	0.0
4725	0.0
4726	0.0
4727	0.0
4728	0.0
4729	0.0
473	0.0593
4730	0.0
4731	0.0
4732	0.0
4733	0.0
4734	0.0
4735	0.0
4736	0.0
4737	0.0
4738	0.0
4739	0.0
474	0.2179
4740	0.0
4741	0.0
4742	0.0
4743	0.0
4744	0.0
4745	0.0
4746	0.0
4747	0.0
4748	0.0
4749	0.0
475	0.0254
4750	0.0
4751	0.0
4752	0.0
4753	0.0
4754	0.0
4755	0.0
4756	0.0
4757	0.0
4758	0.0
4759	0.0
476	0.0243
4760	0.0
4761	0.0
4762	5.0E-4
4763	5.0E-4
4764	2.0E-4
4765	5.0E-4
4766	5.0E-4
4767	5.0E-4
4768	5.0E-4
4769	2.0E-4
477	0.0243
4770	2.0E-4
4771	2.0E-4
4772	3.0E-4
4773	6.0E-4
4774	0.2286
4775	0.205
4776	0.8275
4777	0.8275
4778	0.1446
4779	0.1446
478	0.0243
4780	0.1446
4781	0.1211
4782	0.1211
4783	0.1211
4784	0.1303
4785	0.1551
4786	0.1551
4787	0.16
4788	0.16
4789	0.1211
479	0.1701
4790	0.1331
4791	0.1211
4792	0.1331
4793	0.0028
4794	0.0026
4795	0.0026
4796	0.0026
4797	0.0026
4798	0.0026
4799	0.0954
48	3.4533
480	0.2585
4800	0.0026
4801	0.0085
4802	0.0092
4803	0.0092
4804	0.0092
4805	0.082
4806	1.4765
4807	0.041
4808	0.041
4809	0.082
481	0.1693
4810	2.3141
4811	0.0547
4812	0.2432
4813	0.0076
4814	0.0087
4815	0.4234
4816	0.0222
4817	0.0222
4818	0.0222
4819	1.162
482	0.0921
4820	0.0222
4821	0.0057
4822	0.0057
4823	0.0057
4824	0.0057
4825	0.0057
4826	0.0057
4827	0.0057
4828	0.0284
4829	0.0284
483	0.0914
4830	0.0123
4831	0.0082
4832	0.0082
4833	0.0482
4834	0.0482
4835	0.0482
4836	0.0482
4837	0.0482
4838	0.0402
4839	0.007
484	0.0914
4840	0.0275
4841	0.0275
4842	0.0275
4843	0.0092
4844	0.023
4845	0.0046
4846	0.0046
4847	0.0046
4848	0.3438
4849	0.3438
485	0.0781
4850	0.3438
4851	0.2584
4852	0.2584
4853	0.2584
4854	0.0177
4855	0.0177
4856	0.0177
4857	0.0782
4858	0.0782
4859	0.0782
486	0.072
4860	0.2347
4861	0.2347
4862	0.2505
4863	0.0107
4864	0.0107
4865	0.0284
4866	0.0107
4867	0.0274
4868	0.0216
4869	0.0284
487	0.072
4870	0.0284
4871	3.0E-4
4872	3.0E-4
4873	3.0E-4
4874	3.0E-4
4875	3.0E-4
4876	3.0E-4
4877	3.0E-4
4878	3.0E-4
4879	3.0E-4
488	0.072
4880	3.0E-4
4881	3.0E-4
4882	3.0E-4
4883	3.0E-4
4884	3.0E-4
4885	3.0E-4
4886	3.0E-4
4887	3.0E-4
4888	3.0E-4
4889	3.0E-4
489	0.072
4890	3.0E-4
4891	3.0E-4
4892	3.0E-4
4893	3.0E-4
4894	3.0E-4
4895	3.0E-4
4896	3.0E-4
4897	3.0E-4
4898	3.0E-4
4899	3.0E-4
49	1.6121
490	0.072
4900	3.0E-4
4901	3.0E-4
4902	3.0E-4
4903	3.0E-4
4904	3.0E-4
4905	3.0E-4
4906	3.0E-4
4907	3.0E-4
4908	3.0E-4
4909	3.0E-4
491	0.072
4910	3.0E-4
4911	3.0E-4
4912	3.0E-4
4913	3.0E-4
4914	3.0E-4
4915	3.0E-4
4916	3.0E-4
4917	3.0E-4
4918	3.0E-4
4919	3.0E-4
492	0.1136
4920	3.0E-4
4921	3.0E-4
4922	3.0E-4
4923	3.0E-4
4924	0.0012
4925	0.0012
4926	0.0012
4927	0.0012
4928	0.0012
4929	0.0025
493	0.072
4930	0.1685
4931	0.1685
4932	0.1685
4933	0.1685
4934	0.1685
4935	0.1685
4936	0.1685
4937	0.0456
4938	0.0456
4939	0.0456
494	6.0E-4
4940	0.0456
4941	0.0456
4942	0.0456
4943	0.0456
4944	0.0456
4945	0.0456
4946	0.0456
4947	0.0456
4948	0.0456
4949	0.0456
495	6.0E-4
4950	0.0456
4951	0.0456
4952	0.0456
4953	0.0456
4954	0.0456
4955	0.0456
4956	0.0456
4957	0.0456
4958	0.0456
4959	0.0456
496	0.0058
4960	0.0456
4961	0.0456
4962	0.0456
4963	0.066
4964	0.0456
4965	0.0456
4966	0.0456
4967	0.0456
4968	0.0456
4969	0.0456
497	6.0E-4
4970	0.0456
4971	0.0456
4972	0.0061
4973	0.0061
4974	0.0061
4975	0.0061
4976	0.0061
4977	0.0061
4978	0.0061
4979	0.0061
498	0.0062
4980	0.0061
4981	0.0061
4982	0.0061
4983	0.0061
4984	0.0061
4985	0.0061
4986	0.0061
4987	0.0061
4988	0.0061
4989	0.0061
499	0.0209
4990	0.0061
4991	0.0061
4992	0.0061
4993	0.0061
4994	0.0061
4995	0.0061
4996	0.0061
4997	0.0061
4998	0.0061
4999	0.0061
5	0.01
50	1.6121
500	0.3764
5000	0.0061
5001	0.0577
5002	0.0577
5003	0.0577
5004	0.0577
5005	0.0577
5006	0.0577
5007	0.0577
5008	0.326
5009	0.326
501	0.3646
5010	0.326
5011	0.326
5012	0.326
5013	0.0105
5014	0.0105
5015	0.0105
5016	0.0105
5017	0.0105
5018	0.0105
5019	0.0105
502	0.3586
5020	0.0105
5021	0.0105
5022	0.0105
5023	0.0105
5024	0.0105
5025	0.0105
5026	0.0105
5027	0.0105
5028	0.0105
5029	0.0105
503	0.1427
5030	0.0105
5031	0.0105
5032	0.0105
5033	0.006
5034	0.006
5035	0.656
5036	0.0
5037	0.0
5038	0.0
5039	0.0
504	0.1427
5040	0.0
5041	0.0
5042	0.0
5043	0.0
5044	0.0
5045	0.0
5046	0.0
5047	0.0
5048	0.0
5049	0.0
505	0.4089
5050	0.0
5051	4.35
5052	2.2956
5053	1.0466
5054	0.6069
5055	0.4667
5056	0.4342
5057	0.4229
5058	0.4212
5059	0.4213
506	0.0163
5060	0.4228
5061	0.434
5062	0.4746
5063	0.6785
5064	1.359
5065	3.3725
5066	0.0011
5067	0.0011
5068	0.0011
5069	0.0011
507	0.0163
5070	0.0011
5071	0.0011
5072	8.0216
5073	5.5902
5074	2.4795
5075	0.8043
5076	0.349
5077	0.1847
5078	0.1508
5079	0.1385
508	0.0163
5080	0.1371
5081	0.1366
5082	0.1366
5083	0.1366
5084	0.1366
5085	0.1366
5086	0.1366
5087	0.1366
5088	0.1366
5089	0.1366
509	0.0163
5090	0.1366
5091	0.1366
5092	0.1366
5093	0.1366
5094	0.1366
5095	0.1366
5096	0.1366
5097	0.1366
5098	0.1366
5099	0.1366
510	0.0163
5100	0.1366
5101	0.1366
5102	0.1366
5103	0.1366
5104	0.137
5105	0.138
5106	0.1473
5107	0.1715
5108	0.2851
5109	0.594
511	0.0163
5110	1.519
5111	2.3976
5112	6.2334
5113	4.3732
5114	1.96
5115	0.6572
5116	0.3018
5117	0.174
5118	0.1474
5119	0.1378
512	0.0163
5120	0.1367
5121	0.1364
5122	0.1364
5123	0.1364
5124	0.1364
5125	0.1364
5126	0.1364
5127	0.1364
5128	0.1364
5129	0.1364
513	0.0163
5130	0.1364
5131	0.1364
5132	0.1364
5133	0.1364
5134	0.1364
5135	0.1367
5136	0.1374
5137	0.1447
5138	0.1638
5139	0.2523
514	0.0163
5140	0.4931
5141	1.2113
5142	1.8799
5143	2.0516
5144	1.526
5145	0.7438
5146	0.3117
5147	0.1924
5148	0.1568
5149	0.1771
515	0.0163
5150	0.2552
5151	0.4894
5152	0.6679
5153	4.4432
5154	3.1549
5155	1.44
5156	0.5097
5157	0.2543
5158	0.1631
5159	0.1438
516	0.0163
5160	0.1369
5161	0.1361
5162	0.1358
5163	0.1358
5164	0.1358
5165	0.1358
5166	0.1358
5167	0.136
5168	0.1366
5169	0.1419
517	0.0163
5170	0.1557
5171	0.2191
5172	0.3917
5173	0.903
5174	1.3616
5175	6.8296
5176	4.779
5177	2.1332
5178	0.7063
5179	0.3175
518	0.0163
5180	0.1776
5181	0.1486
5182	0.138
5183	0.1368
5184	0.1364
5185	0.1364
5186	0.1364
5187	0.1364
5188	0.1364
5189	0.1364
519	0.1655
5190	0.1364
5191	0.1364
5192	0.1364
5193	0.1364
5194	0.1364
5195	0.1364
5196	0.1364
5197	0.1364
5198	0.1364
5199	0.1364
52	23.4724
520	0.1655
5200	0.1364
5201	0.1368
5202	0.1376
5203	0.1456
5204	0.1664
5205	0.2632
5206	0.5268
5207	1.3139
5208	2.0526
5209	3.448
521	0.1222
5210	2.4774
5211	1.1506
5212	0.4274
5213	0.2277
5214	0.1568
5215	0.1415
5216	0.1361
5217	0.1355
5218	0.1355
5219	0.1359
522	0.1283
5220	0.1401
5221	0.151
5222	0.2004
5223	0.3351
5224	0.7313
5225	1.0732
5226	5.6366
5227	3.9673
5228	1.7868
5229	0.608
523	0.3875
5230	0.286
5231	0.1704
5232	0.1463
5233	0.1375
5234	0.1365
5235	0.1362
5236	0.1362
5237	0.1362
5238	0.1362
5239	0.1362
524	0.1283
5240	0.1362
5241	0.1362
5242	0.1362
5243	0.1362
5244	0.1362
5245	0.1362
5246	0.1365
5247	0.1372
5248	0.1438
5249	0.1611
525	0.1283
5250	0.2412
5251	0.4593
5252	1.1085
5253	1.7072
5254	10.6061
5255	7.3486
5256	3.2299
5257	1.0168
5258	0.4171
5259	0.1999
526	3.885
5260	0.1555
5261	0.1393
5262	0.1374
5263	0.1369
5264	0.1369
5265	0.1369
5266	0.1369
5267	0.1369
5268	0.1369
5269	0.1369
527	0.107
5270	0.1369
5271	0.1369
5272	0.1369
5273	0.1369
5274	0.1369
5275	0.1369
5276	0.1369
5277	0.1369
5278	0.1369
5279	0.1369
528	0.1037
5280	0.1369
5281	0.1369
5282	0.1369
5283	0.1369
5284	0.1369
5285	0.1369
5286	0.1369
5287	0.1369
5288	0.1369
5289	0.1369
529	0.0943
5290	0.1369
5291	0.1369
5292	0.1369
5293	0.1369
5294	0.1369
5295	0.1369
5296	0.1369
5297	0.1369
5298	0.1369
5299	0.1374
53	0.9405
530	0.0943
5300	0.1386
5301	0.1509
5302	0.1827
5303	0.3325
5304	0.7398
5305	1.9634
5306	3.1457
5307	5.0403
5308	3.5612
5309	1.6134
531	7.0E-4
5310	0.5589
5311	0.2702
5312	0.1668
5313	0.1451
5314	0.1372
5315	0.1363
5316	0.1361
5317	0.1361
5318	0.1361
5319	0.1361
532	0.0301
5320	0.1361
5321	0.1361
5322	0.1361
5323	0.1361
5324	0.1363
5325	0.1369
5326	0.1429
5327	0.1584
5328	0.2302
5329	0.4256
533	7.0E-4
5330	1.0058
5331	1.5345
5332	3.0495
5333	2.2061
5334	1.0346
5335	0.3944
5336	0.2169
5337	0.1542
5338	0.1405
5339	0.1359
534	7.0E-4
5340	0.1357
5341	0.1392
5342	0.149
5343	0.1928
5344	0.3123
5345	0.6624
5346	0.9577
5347	3.1713
5348	2.2797
5349	1.0653
535	7.0E-4
5350	0.4098
5351	0.2289
5352	0.1657
5353	0.1519
5354	0.1473
5355	0.1471
5356	0.1507
5357	0.1606
5358	0.2055
5359	0.3294
536	1.5892
5360	0.6945
5361	1.0066
5362	0.0011
5363	0.0011
5364	0.0011
5365	0.0011
5366	0.0011
5367	0.0011
5368	0.0011
5369	0.0011
537	1.5892
5370	0.0011
5371	0.0011
5372	0.0011
5373	0.0011
5374	0.0011
5375	0.0011
5376	0.0011
5377	2.0E-4
5378	1.0E-4
5379	1.0E-4
538	1.5898
5380	1.0E-4
5381	1.0E-4
5382	0.0
5383	0.0
5384	0.0
5385	0.0
5386	0.0
5387	0.0
5388	0.0
5389	0.0
539	1.6238
5390	0.0
5391	0.0
5392	0.0
5393	0.0
5394	0.0
5395	0.0
5396	0.0
5397	4.35
5398	2.2956
5399	1.0466
54	0.8988
540	1.5892
5400	0.6069
5401	0.4667
5402	0.4342
5403	0.4229
5404	0.4212
5405	0.4213
5406	0.4228
5407	0.434
5408	0.4746
5409	0.6785
541	1.6238
5410	1.359
5411	3.3725
5412	0.0011
5413	0.0011
5414	0.0011
5415	0.0011
5416	0.0011
5417	0.0011
5418	0.0783
5419	0.0783
542	1.5892
5420	0.0783
5421	2.0E-4
5422	0.111
5423	0.111
5424	0.0519
5425	0.0519
5426	0.0144
5427	0.0144
5428	0.0144
5429	5.0E-4
543	1.5889
5430	5.0E-4
5431	5.0E-4
5432	6.0E-4
5433	6.0E-4
5434	6.0E-4
5435	0.1036
5436	0.0014
5437	0.0014
5438	0.0028
5439	7.0E-4
544	1.5892
5440	7.0E-4
5441	7.0E-4
5442	0.039
5443	0.039
5444	9.0E-4
5445	9.0E-4
5446	9.0E-4
5447	0.0435
5448	0.0435
5449	1.4324
545	1.6397
5450	1.4324
5451	1.4324
5452	1.4324
5453	1.6799
5454	1.5064
5455	1.1138
5456	4.8737
5457	0.7719
5458	0.7719
5459	0.058
546	1.5892
5460	0.0236
5461	0.0236
5462	0.0236
5463	0.0236
5464	0.004
5465	0.004
5466	0.003
5467	0.003
5468	2.3436
5469	0.0236
547	0.1955
5470	1.1078
5471	0.0236
5472	8.0E-4
5473	8.0E-4
5474	8.0E-4
5475	8.0E-4
5476	8.0E-4
5477	8.0E-4
5478	8.0E-4
5479	8.0E-4
548	0.1142
5480	0.002
5481	0.002
5482	0.002
5483	0.1849
5484	0.0302
5485	0.0066
5486	0.0022
5487	0.0022
5488	0.0022
5489	0.0022
549	0.042
5490	0.0055
5491	0.0054
5492	0.0055
5493	0.0054
5494	0.006
5495	0.0055
5496	0.0055
5497	0.0141
5498	0.0075
5499	0.0075
55	0.8922
550	0.2592
5500	0.0075
5501	0.0075
5502	0.0165
5503	0.0491
5504	0.0491
5505	0.0491
5506	0.0783
5507	0.0783
5508	0.0783
5509	0.0167
551	0.2741
5510	0.0092
5511	0.0087
5512	0.0109
5513	5.0E-4
5514	2.0E-4
5515	2.0E-4
5516	3.0E-4
5517	3.0E-4
5518	2.0E-4
5519	2.0E-4
552	0.2592
5520	2.0E-4
5521	5.0E-4
5522	5.0E-4
5523	3.1713
5524	2.2797
5525	1.0653
5526	0.4098
5527	0.2289
5528	0.1657
5529	0.1519
553	0.2718
5530	0.1473
5531	0.1471
5532	0.1507
5533	0.1606
5534	0.2055
5535	0.3294
5536	0.6945
5537	1.0066
5538	0.0011
5539	0.0011
554	0.2926
5540	0.0011
5541	0.0011
5542	0.0011
5543	0.0011
5544	0.0011
5545	0.0011
5546	0.0011
5547	0.0011
5548	0.0011
5549	0.0011
555	0.2938
5550	0.0011
5551	0.0011
5552	0.0011
5553	0.0
5554	0.0
5555	0.0
5556	0.0
5557	0.0
5558	0.0
5559	0.0
556	0.2938
5560	0.0
5561	0.0
5562	0.0
5563	0.0
5564	0.0
5565	0.0
5566	0.0
5567	0.0
5568	0.0
5569	0.0
557	0.6381
5570	0.0
5571	0.0
5572	0.0
5573	0.0
5574	0.0
5575	0.0
5576	0.0
5577	0.0
5578	0.0
5579	0.0
558	0.1835
5580	0.0
5581	0.0
5582	0.0
5583	0.0
5584	0.0
5585	0.0
5586	0.0
5587	0.0
5588	0.0
5589	0.0
559	0.1835
5590	0.0
5591	0.0
5592	0.0
5593	0.0
5594	0.0
5595	0.0
5596	0.0
5597	0.0
5598	0.0
5599	0.0
56	0.8209
560	0.1835
5600	0.0
5601	0.0
5602	0.0
5603	0.0
5604	0.0
5605	0.0
5606	0.0
5607	0.0
5608	0.0
5609	0.0
561	0.1739
5610	0.0
5611	0.0
5612	0.0
5613	0.0
5614	0.0
5615	0.0
5616	0.0
5617	0.0
5618	0.0
5619	0.0
562	0.1739
5620	0.0
5621	0.0
5622	0.0
5623	0.0
5624	0.0
5625	0.0
5626	0.0
5627	0.0
5628	0.0
5629	0.0
563	0.1739
5630	0.0
5631	0.0
5632	0.0
5633	0.0
5634	0.0
5635	0.0
5636	0.0
5637	0.0
5638	0.0
5639	0.0
564	0.1739
5640	0.0
5641	0.0
5642	0.0
5643	0.0
5644	0.0
5645	0.0
5646	0.0
5647	0.0
5648	0.0
5649	0.0
565	0.1828
5650	0.0
5651	0.0
5652	0.0
5653	0.0
5654	0.0
5655	0.0
5656	0.0
5657	0.0
5658	0.0
5659	0.0
566	0.0165
5660	0.0
5661	0.0
5662	0.0
5663	0.0
5664	0.0
5665	0.0
5666	0.0
5667	0.0
5668	0.0
5669	0.0
567	0.0165
5670	0.0
5671	0.0
5672	0.0
5673	0.0
5674	0.0
5675	0.0
5676	0.0
5677	0.0
5678	0.0
5679	0.0
568	0.0165
5680	0.0
5681	0.0
5682	0.0
5683	0.0
5684	0.0
5685	0.0
5686	0.0
5687	0.0
5688	0.0
5689	0.0
569	0.0369
5690	0.0
5691	0.0
5692	0.0
5693	0.0
5694	0.0
5695	0.0
5696	0.0
5697	0.0
5698	0.0
5699	0.0
57	0.796
570	0.0165
5700	0.0
5701	0.0
5702	0.0
5703	0.0
5704	0.0
5705	0.0
5706	0.0
5707	0.0
5708	0.0
5709	0.0
571	0.0165
5710	0.0
5711	0.0
5712	0.0
5713	0.0
5714	0.0
5715	0.0
5716	0.0
5717	0.0
5718	0.0
5719	0.0
572	0.0165
5720	0.0
5721	0.0
5722	0.0
5723	0.0
5724	0.0
5725	0.0
5726	0.0
5727	0.0
5728	0.0
5729	0.0
573	0.0165
5730	0.0
5731	0.0
5732	0.0
5733	0.0
5734	0.0
5735	0.0
5736	0.0
5737	0.0
5738	0.0
5739	0.0
574	0.0165
5740	0.0
5741	0.0
5742	0.0
5743	0.0
5744	0.0
5745	0.0
5746	0.0
5747	0.0
5748	0.0
5749	0.0
575	0.0165
5750	0.0
5751	0.0
5752	0.0
5753	0.0
5754	0.0
5755	0.0
5756	0.0
5757	0.0
5758	0.0
5759	0.0
576	0.0165
5760	0.0
5761	0.0
5762	0.0
5763	0.0
5764	0.0
5765	0.0
5766	0.0
5767	0.0
5768	0.0
5769	0.0
577	0.0165
5770	0.0
5771	0.0
5772	0.0
5773	0.0
5774	0.0
5775	0.0
5776	0.0
5777	0.0
5778	0.0
5779	0.0
578	1.8902
5780	0.0
5781	0.0
5782	0.0
5783	0.0
5784	0.0
5785	3.1713
5786	2.2797
5787	1.0653
5788	0.4098
5789	0.2289
579	0.2526
5790	0.1657
5791	0.1519
5792	0.1473
5793	0.1471
5794	0.1507
5795	0.1606
5796	0.2055
5797	0.3294
5798	0.6945
5799	1.0066
58	0.8944
580	0.2526
5800	0.0011
5801	0.0011
5802	0.0011
5803	0.0011
5804	0.0011
5805	0.0011
5806	0.0011
5807	0.0011
5808	0.0011
5809	0.0011
581	0.2656
5810	0.0011
5811	0.0011
5812	0.0011
5813	0.0011
5814	0.0011
5815	0.0187
5816	0.0187
5817	1.0E-4
5818	0.0031
5819	0.0222
582	0.0203
5820	0.871
5821	0.871
5822	0.1736
5823	1.3719
5824	0.1789
5825	0.7431
5826	0.5165
5827	0.5165
5828	0.869
5829	0.5165
583	0.0203
5830	0.5165
5831	0.5165
5832	0.7656
5833	0.7656
5834	0.0627
5835	0.2987
5836	0.2987
5837	0.2987
5838	0.2987
5839	0.2987
584	0.0178
5840	0.2987
5841	0.2987
5842	0.1216
5843	0.1216
5844	0.0035
5845	6.0E-4
5846	6.0E-4
5847	6.0E-4
5848	7.0E-4
5849	6.0E-4
585	0.0204
5850	6.0E-4
5851	6.0E-4
5852	6.0E-4
5853	6.0E-4
5854	6.0E-4
5855	6.0E-4
5856	7.0E-4
5857	6.0E-4
5858	8.0E-4
5859	6.0E-4
586	0.0203
5860	8.0E-4
5861	6.0E-4
5862	7.0E-4
5863	6.0E-4
5864	6.0E-4
5865	6.0E-4
5866	7.0E-4
5867	0.0986
5868	0.0032
5869	0.0032
587	0.0241
5870	0.0032
5871	0.0032
5872	0.0032
5873	0.0032
5874	0.0032
5875	0.0068
5876	0.0032
5877	1.0518
5878	0.0032
5879	0.0032
588	0.0178
5880	0.0032
5881	0.0032
5882	0.0032
5883	0.0032
5884	0.0032
5885	0.0032
5886	0.0032
5887	0.0032
5888	0.0032
5889	0.0032
589	0.0235
5890	0.0032
5891	0.0032
5892	3.0E-4
5893	6.0E-4
5894	3.0E-4
5895	3.0E-4
5896	3.0E-4
5897	3.0E-4
5898	3.0E-4
5899	3.0E-4
59	0.8869
590	0.0235
5900	3.0E-4
5901	3.0E-4
5902	3.0E-4
5903	3.0E-4
5904	3.0E-4
5905	3.0E-4
5906	3.0E-4
5907	3.0E-4
5908	3.0E-4
5909	3.0E-4
591	0.0235
5910	3.0E-4
5911	3.0E-4
5912	3.0E-4
5913	3.0E-4
5914	3.0E-4
5915	3.0E-4
5916	3.0E-4
5917	3.0E-4
5918	3.0E-4
5919	3.0E-4
592	0.0235
5920	0.0031
5921	0.0129
5922	0.1129
5923	0.1129
5924	0.1129
5925	0.1129
5926	0.1129
5927	0.1129
5928	0.1129
5929	0.1129
593	9.0514
5930	1.2239
5931	1.2239
5932	1.2239
5933	1.2239
5934	1.2239
5935	1.2239
5936	0.0981
5937	0.0927
5938	0.3419
5939	0.0628
594	0.0232
5940	1.0E-4
5941	1.0E-4
5942	1.0E-4
5943	1.0E-4
5944	1.0E-4
5945	1.0E-4
5946	1.0E-4
5947	1.0E-4
5948	3.0E-4
5949	1.0E-4
595	0.0165
5950	1.0E-4
5951	0.1009
5952	0.0018
5953	0.0021
5954	0.0036
5955	0.7797
5956	1.0399
5957	0.0036
5958	0.0
5959	0.0
596	0.0165
5960	0.0
5961	0.0
5962	0.0
5963	0.0
5964	0.0
5965	0.0
5966	0.0
5967	0.0
5968	1.0E-4
5969	1.0E-4
597	0.0165
5970	1.0E-4
5971	1.0E-4
5972	1.0E-4
5973	1.0E-4
5974	0.0039
5975	0.0146
5976	0.0563
5977	0.0563
5978	0.0053
5979	0.0053
598	0.0415
5980	0.0053
5981	0.0053
5982	0.0053
5983	0.0053
5984	0.0053
5985	0.0053
5986	0.0053
5987	0.0053
5988	0.0053
5989	0.0053
599	0.0208
5990	0.0053
5991	0.0053
5992	0.0704
5993	1.0E-4
5994	1.0E-4
5995	1.0E-4
5996	3.0E-4
5997	3.0E-4
5998	3.0E-4
5999	3.0E-4
6	0.01
60	0.8223
600	0.0157
6000	3.0E-4
6001	0.0012
6002	0.0012
6003	0.0016
6004	0.7552
6005	0.8651
6006	4.0E-4
6007	4.0E-4
6008	4.0E-4
6009	4.0E-4
601	0.0157
6010	4.0E-4
6011	4.0E-4
6012	0.3293
602	0.0157
603	0.0157
604	0.0157
605	0.0157
606	0.0157
607	0.0157
608	0.0157
609	0.0157
61	24.5356
610	0.0157
611	0.2185
612	0.3262
613	0.0257
614	0.2196
615	0.0197
616	0.0258
617	0.0314
618	0.0314
619	0.0314
62	0.1609
620	0.232
621	0.7329
622	0.0198
623	0.0196
624	0.0194
625	0.0766
626	0.0766
627	0.192
628	0.0248
629	0.0248
63	0.761
630	0.7694
631	0.1136
632	0.0
633	0.0
634	0.0
635	0.0
636	0.0
637	0.0
638	0.0
639	0.0
64	0.5412
640	0.0
641	0.0
642	0.0
643	0.0
644	0.0
645	0.0
646	0.0
647	0.0
648	0.0111
649	0.0111
65	0.6114
650	0.0111
651	0.0111
652	0.0111
653	0.0111
654	0.0111
655	0.0111
656	0.0111
657	0.0111
658	0.0
659	0.0
66	0.5432
660	0.0
661	0.0
662	0.0
663	0.0
664	0.0
665	1.0E-4
666	1.0E-4
667	0.0124
668	0.0079
669	0.0375
67	0.5262
670	0.0372
671	0.0353
672	0.0353
673	0.0383
674	0.0668
675	0.032
676	0.032
677	0.034
678	0.0633
679	0.0
68	0.7658
680	0.0
681	0.0
682	0.0
683	0.0
684	0.0
685	0.0
686	0.0319
687	0.0341
688	0.0341
689	0.0341
69	0.8047
690	0.0
691	0.0
692	0.0
693	0.0
694	0.0
695	0.0
696	0.0
697	0.0
698	0.0
699	0.0
7	0.3699
70	0.5856
700	0.0
701	0.0
702	0.0
703	0.0
704	0.0
705	0.0
706	0.0
707	0.0
708	0.0
709	0.0293
71	0.873
710	0.0014
711	9.0E-4
712	0.0014
713	9.0E-4
714	9.0E-4
715	9.0E-4
716	9.0E-4
717	9.0E-4
718	9.0E-4
719	9.0E-4
72	1.0057
720	9.0E-4
721	9.0E-4
722	0.0024
723	9.0E-4
724	0.0024
725	9.0E-4
726	9.0E-4
727	9.0E-4
728	9.0E-4
729	9.0E-4
73	9.5085
730	9.0E-4
731	9.0E-4
732	9.0E-4
733	9.0E-4
734	9.0E-4
735	9.0E-4
736	9.0E-4
737	9.0E-4
738	9.0E-4
739	9.0E-4
74	3.2733
740	9.0E-4
741	9.0E-4
742	9.0E-4
743	9.0E-4
744	9.0E-4
745	0.0014
746	9.0E-4
747	9.0E-4
748	9.0E-4
749	9.0E-4
75	1.7688
750	9.0E-4
751	0.0537
752	9.0E-4
753	9.0E-4
754	9.0E-4
755	0.0246
756	0.0246
757	0.0246
758	0.0246
759	0.0246
76	2.0394
760	0.0246
761	0.0246
762	0.0246
763	0.013
764	0.013
765	0.0131
766	0.0144
767	0.0138
768	0.0099
769	0.013
77	0.5982
770	0.013
771	0.0
772	0.0121
773	0.0121
774	0.0114
775	0.0123
776	0.0123
777	0.0114
778	0.0079
779	0.0079
78	2.0742
780	0.0121
781	0.0121
782	6.0E-4
783	0.0098
784	0.0124
785	0.0124
786	0.0124
787	0.0124
788	0.0114
789	0.0114
79	1.3759
790	0.0114
791	0.0122
792	0.0122
793	0.0122
794	0.0122
795	0.0122
796	0.0114
797	0.0114
798	0.0114
799	0.0114
8	0.0297
80	7.94
800	0.0098
801	0.0585
802	0.0879
803	0.0842
804	0.0905
805	0.0905
806	0.0905
807	0.0905
808	0.1058
809	0.1058
81	11.4317
810	0.0678
811	0.0679
812	0.0678
813	0.0678
814	0.0678
815	0.0678
816	0.0705
817	0.0682
818	0.0915
819	0.0911
82	4.6401
820	0.0911
821	0.0911
822	7.2572
823	1.3947
824	0.203
825	0.1422
826	0.4215
827	0.3374
828	6.7617
829	0.0423
83	3.4037
830	0.0913
831	0.0286
832	0.0286
833	0.0286
834	0.0286
835	0.0286
836	0.0023
837	0.2339
838	0.1498
839	0.1928
84	4.2742
840	0.2482
841	0.156
842	0.1941
843	0.1263
844	0.1263
845	0.1263
846	0.1263
847	0.1263
848	0.1263
849	0.1263
85	0.2689
850	0.1263
851	0.1263
852	0.1263
853	0.1263
854	0.1263
855	0.1263
856	0.1263
857	0.1263
858	0.1263
859	0.1263
86	0.2295
860	0.1263
861	0.1263
862	0.1263
863	0.1263
864	0.1263
865	0.1263
866	0.1263
867	0.1263
868	0.1263
869	0.0926
87	0.2593
870	0.0153
871	0.0153
872	0.0212
873	0.0479
874	0.0389
875	0.0575
876	0.1361
877	0.1361
878	0.1361
879	0.1158
88	0.2689
880	1.1258
881	0.1067
882	0.1067
883	0.1067
884	0.1067
885	0.1067
886	0.1067
887	0.173
888	0.1067
889	0.0025
89	0.2332
890	0.0035
891	0.0025
892	0.4921
893	0.8018
894	0.4921
895	0.4921
896	0.0053
897	0.0053
898	0.0053
899	0.0053
9	0.01
90	0.2854
900	7.0E-4
901	7.0E-4
902	7.0E-4
903	7.0E-4
904	7.0E-4
905	7.0E-4
906	7.0E-4
907	7.0E-4
908	7.0E-4
909	7.0E-4
91	0.2854
910	7.0E-4
911	7.0E-4
912	7.0E-4
913	7.0E-4
914	7.0E-4
915	7.0E-4
916	7.0E-4
917	7.0E-4
918	0.0072
919	7.0E-4
92	0.3056
920	0.0072
921	7.0E-4
922	7.0E-4
923	0.0013
924	7.0E-4
925	7.0E-4
926	7.0E-4
927	7.0E-4
928	7.0E-4
929	7.0E-4
93	0.2489
930	7.0E-4
931	0.0026
932	7.0E-4
933	7.0E-4
934	7.0E-4
935	0.0012
936	0.0013
937	0.0013
938	0.0046
939	0.0019
94	5.0E-4
940	0.0019
941	0.0019
942	0.0019
943	0.1255
944	0.1255
945	0.0323
946	0.0325
947	0.0116
948	0.0116
949	0.0108
95	5.0E-4
950	0.0115
951	0.0116
952	0.0127
953	0.0145
954	0.0145
955	0.0144
956	0.0148
957	0.0258
958	0.0157
959	0.0157
96	5.0E-4
960	0.0156
961	0.0158
962	0.0158
963	0.017
964	0.0157
965	0.0157
966	0.0157
967	0.0157
968	0.0208
969	0.0208
97	5.0E-4
970	0.3455
971	0.0155
972	0.0183
973	0.0183
974	0.0182
975	0.0182
976	0.0183
977	0.0182
978	0.0182
979	0.0317
98	5.0E-4
980	0.0141
981	0.184
982	0.0159
983	0.0158
984	0.016
985	0.0206
986	0.0158
987	0.0125
988	0.0124
989	0.0111
99	5.0E-4
990	0.0615
991	0.3691
992	0.122
993	0.6957
994	0.0615
995	0.9107
996	0.0129
997	0.0129
998	0.0163
999	0.0162
