1	0.1064
10	3.6754
100	0.0417
1000	0.3022
1001	0.3022
1002	0.1
1003	0.0667
1004	0.3881
1005	0.0667
1006	0.1742
1007	0.1667
1008	0.1
1009	0.1548
101	0.0417
1010	0.0833
1011	0.0833
1012	0.2143
1013	0.2095
1014	0.2095
1015	0.25
1016	0.2436
1017	0.2436
1018	0.1548
1019	0.1667
102	0.2566
1020	1.1822
1021	10.1254
1022	0.0455
1023	0.1053
1024	0.0556
1025	0.1101
1026	0.1101
1027	1.0
1028	0.0714
1029	0.0556
103	0.0417
1030	0.0714
1031	0.7857
1032	0.0714
1033	0.0714
1034	1.0
1035	0.2908
1036	0.2941
1037	0.2908
1038	0.5261
1039	1.0
104	0.0417
1040	1.0
1041	1.0
1042	1.0
1043	1.0
1044	1.0
1045	1.0
1046	1.0
1047	1.0
1048	1.0
1049	1.0
105	0.0417
1050	1.0
1051	1.0
1052	1.0
1053	1.0
1054	1.0
1055	1.0
1056	1.0
1057	1.0
1058	1.0
1059	1.0
106	3.1318
1060	1.0
1061	1.0
1062	1.0
1063	1.0
1064	1.0
1065	1.0
1066	0.0323
1067	0.0323
1068	0.0323
1069	0.0323
107	0.6278
1070	0.0323
1071	0.0323
1072	0.0323
1073	0.0323
1074	0.0323
1075	0.0323
1076	0.0323
1077	0.0323
1078	0.0323
1079	0.0323
108	0.1042
1080	0.0323
1081	0.0323
1082	0.0323
1083	0.0323
1084	0.0323
1085	0.0323
1086	0.0323
1087	0.0323
1088	0.0323
1089	0.0323
109	0.0774
1090	0.0323
1091	0.0323
1092	0.0323
1093	0.0323
1094	0.0323
1095	0.0323
1096	0.0323
1097	0.0455
1098	0.0417
1099	0.0417
11	0.0417
110	0.0774
1100	0.5
1101	5.2
1102	0.013
1103	0.013
1104	0.013
1105	0.013
1106	0.013
1107	0.013
1108	0.013
1109	0.013
111	1.0238
1110	0.013
1111	0.013
1112	0.013
1113	0.013
1114	0.013
1115	0.013
1116	0.013
1117	0.013
1118	0.013
1119	0.013
112	1.6934
1120	0.013
1121	0.013
1122	0.013
1123	0.013
1124	0.013
1125	0.013
1126	0.013
1127	0.013
1128	0.013
1129	0.013
113	0.2341
1130	0.013
1131	0.013
1132	0.013
1133	0.013
1134	0.013
1135	0.013
1136	0.013
1137	0.013
1138	0.013
1139	0.013
114	0.083
1140	0.013
1141	0.013
1142	0.013
1143	0.013
1144	0.013
1145	0.013
1146	0.013
1147	0.013
1148	0.013
1149	0.013
115	0.8239
1150	0.013
1151	0.013
1152	0.013
1153	0.013
1154	0.013
1155	0.013
1156	0.013
1157	0.013
1158	0.013
1159	0.0385
116	0.6187
1160	0.279
1161	0.3345
1162	0.2405
1163	0.2373
1164	0.279
1165	0.4855
1166	0.279
1167	0.279
1168	0.0385
1169	0.0385
117	0.1912
1170	0.0526
1171	0.0526
1172	0.0526
1173	0.0526
1174	0.0526
1175	0.0526
1176	0.0526
1177	0.1286
1178	0.5
1179	0.3
118	1.7267
1180	0.3
1181	0.1
1182	0.1
1183	0.1
1184	0.1
1185	0.1
1186	0.1
1187	0.1364
1188	0.1497
1189	0.1497
119	3.321
1190	0.1364
1191	1.5
1192	1.5
1193	0.0714
1194	0.1059
1195	0.1548
1196	0.0357
1197	0.0357
1198	0.0333
1199	0.5
12	0.6417
120	1.8378
1200	0.0608
1201	0.0608
1202	0.5608
1203	0.0608
1204	0.0608
1205	0.0608
1206	0.0608
1207	0.0972
1208	0.1962
1209	0.1628
121	1.6241
1210	0.0639
1211	0.0617
1212	0.0617
1213	6.9167
1214	0.0769
1215	0.25
1216	0.75
1217	0.25
1218	0.25
1219	0.0417
122	1.8378
1220	0.0417
1221	0.1667
1222	0.1667
1223	0.1667
1224	0.1667
1225	0.0385
1226	0.0385
1227	0.0455
1228	0.0455
1229	0.0455
123	2.2839
1230	0.0455
1231	0.0455
1232	0.0455
1233	0.0455
1234	0.0213
1235	0.0213
1236	0.0213
1237	0.0213
1238	0.0213
1239	0.0213
124	1.8201
1240	0.0213
1241	0.0213
1242	0.0213
1243	0.0213
1244	0.0213
1245	0.0213
1246	0.0213
1247	0.0213
1248	0.0213
1249	0.0213
125	1.8257
1250	0.0213
1251	0.0213
1252	0.0801
1253	0.0213
1254	0.0801
1255	0.0213
1256	0.0213
1257	0.0213
1258	0.0213
1259	0.0213
126	1.9999
1260	0.0213
1261	0.0213
1262	0.0213
1263	0.0213
1264	0.0213
1265	0.0801
1266	0.0213
1267	0.0213
1268	0.0213
1269	0.04
127	0.2435
1270	0.04
1271	0.04
1272	0.04
1273	0.04
1274	0.04
1275	0.04
1276	0.04
1277	0.04
1278	0.04
1279	0.05
128	0.2435
1280	0.05
1281	0.05
1282	0.05
1283	0.05
1284	0.0769
1285	0.1169
1286	0.1154
1287	0.1989
1288	0.0625
1289	0.0625
129	0.2072
1290	0.0625
1291	0.0833
1292	0.0556
1293	0.5
1294	0.5
1295	0.2857
1296	0.2857
1297	0.0417
1298	0.0417
1299	0.0417
13	0.0801
130	0.1546
1300	0.0455
1301	0.0588
1302	0.0588
1303	0.0588
1304	0.0588
1305	0.0417
1306	0.0417
1307	0.0417
1308	0.0714
1309	0.087
131	0.0435
1310	0.25
1311	0.0526
1312	0.05
1313	0.0417
1314	0.0417
1315	0.0417
1316	0.0417
1317	0.0417
1318	0.0417
1319	0.0417
132	14.2679
1320	0.0417
1321	0.0417
1322	0.0417
1323	0.0417
1324	0.0345
1325	0.0345
1326	0.0345
1327	0.0345
1328	0.0345
1329	0.0345
133	0.125
1330	0.0345
1331	0.0345
1332	0.0345
1333	0.0345
1334	0.0345
1335	0.0345
1336	0.0345
1337	0.0345
1338	0.0345
1339	0.0345
134	0.0625
1340	0.0714
1341	0.0714
1342	0.2
1343	0.2
1344	0.0667
1345	0.25
1346	0.0333
1347	0.0333
1348	0.0333
1349	0.0333
135	0.1964
1350	0.0333
1351	0.0333
1352	0.0333
1353	0.0333
1354	0.0333
1355	0.0333
1356	0.0333
1357	0.0333
1358	0.0333
1359	0.0333
136	0.3345
1360	0.0333
1361	0.0333
1362	0.3333
1363	0.5
1364	0.5
1365	0.1368
1366	0.0345
1367	0.078
1368	0.078
1369	0.078
137	0.4815
1370	14.1778
1371	4.8333
1372	1.0
1373	0.3333
1374	1.0
1375	1.0
1376	0.5
1377	0.5
1378	0.2991
1379	25.3445
138	2.0155
1380	0.2222
1381	0.712
1382	0.125
1383	0.125
1384	0.125
1385	0.125
1386	0.125
1387	0.125
1388	0.125
1389	0.125
139	0.1082
1390	0.2143
1391	0.5948
1392	0.1176
1393	0.1176
1394	0.1176
1395	0.1176
1396	0.3008
1397	0.3008
1398	0.5508
1399	0.3008
14	1.2884
140	0.1615
1400	0.3008
1401	0.3008
1402	0.0714
1403	0.2143
1404	0.2
1405	0.2
1406	0.0667
1407	0.0667
1408	0.5
1409	0.0625
141	0.0369
1410	0.0625
1411	0.0625
1412	0.0625
1413	0.0625
1414	0.0625
1415	0.0625
1416	0.245
1417	0.5625
1418	0.0625
1419	0.545
142	0.1067
1420	0.545
1421	0.0625
1422	0.5393
1423	0.5393
1424	0.6393
1425	1.6393
1426	1.0678
1427	0.8059
1428	0.6393
1429	0.6393
143	0.6619
1430	0.5623
1431	0.5393
1432	0.5393
1433	1.0
1434	1.0
1435	1.0
1436	1.0
1437	1.0
1438	0.2
1439	0.2
144	0.4401
1440	0.0769
1441	1.0
1442	0.0909
1443	2.7019
1444	0.0769
1445	0.0556
1446	0.0345
1447	0.0345
1448	0.0345
1449	0.0345
145	0.5863
1450	0.0345
1451	0.0345
1452	0.0345
1453	0.0345
1454	0.0345
1455	0.0345
1456	0.0345
1457	0.136
1458	0.0588
1459	0.0833
146	0.0369
1460	0.1241
1461	0.3917
1462	0.3875
1463	0.3917
1464	0.3875
1465	0.3875
1466	0.3917
1467	4.0588
1468	0.0588
1469	0.0714
147	0.0369
1470	0.0714
1471	0.0714
1472	0.0769
1473	0.0455
1474	0.0455
1475	0.0455
1476	0.0455
1477	0.0455
1478	0.0455
1479	0.0455
148	4.0933
1480	0.0455
1481	0.0455
1482	0.0455
1483	0.0588
1484	0.0588
1485	0.0588
1486	0.0588
1487	0.5833
1488	0.25
1489	0.5833
149	0.2207
1490	0.25
1491	0.2
1492	0.2
1493	0.175
1494	0.375
1495	0.05
1496	0.05
1497	0.05
1498	0.05
1499	0.175
15	0.8135
150	0.5937
1500	0.05
1501	0.05
1502	0.3833
1503	0.3833
1504	0.05
1505	0.175
1506	0.3833
1507	2.0
1508	0.125
1509	0.4684
151	0.66
1510	0.4684
1511	0.4684
1512	0.4684
1513	0.4684
1514	0.4684
1515	0.4684
1516	0.4684
1517	0.1111
1518	0.3333
1519	0.381
152	0.0789
1520	0.0769
1521	0.0769
1522	0.0769
1523	0.0769
1524	0.0769
1525	0.0769
1526	0.0769
1527	0.5857
1528	0.5857
1529	0.4607
153	0.4994
1530	0.3357
1531	0.1678
1532	0.0769
1533	0.7526
1534	0.0455
1535	0.0952
1536	0.0952
1537	0.0435
1538	0.2
1539	1.5
154	0.1476
1540	1.0
1541	0.9
1542	0.2
1543	0.0588
1544	0.0333
1545	0.0385
1546	0.0385
1547	0.0385
1548	0.0385
1549	0.0385
155	0.9015
1550	0.0385
1551	1.0333
1552	0.0323
1553	0.0476
1554	0.0476
1555	0.0476
1556	0.0476
1557	0.0476
1558	0.0476
1559	0.0476
156	0.2912
1560	0.0476
1561	0.2
1562	0.2
1563	0.2
1564	0.1429
1565	0.0714
1566	0.0286
1567	0.0286
1568	0.0286
1569	0.0286
157	0.9456
1570	0.0286
1571	0.0286
1572	0.0286
1573	0.0286
1574	0.0286
1575	0.0286
1576	0.0286
1577	0.0286
1578	0.0286
1579	0.0286
158	3.1301
1580	0.0286
1581	0.0286
1582	0.0286
1583	0.0286
1584	0.0286
1585	0.0286
1586	0.0286
1587	0.0286
1588	0.0286
1589	0.4712
159	0.9456
1590	0.0588
1591	0.0588
1592	0.0455
1593	0.0455
1594	0.0455
1595	0.0455
1596	0.0455
1597	0.0455
1598	0.0455
1599	0.0455
16	0.9024
160	2.1652
1600	0.0455
1601	0.0455
1602	0.2
1603	0.2
1604	0.2
1605	0.2
1606	0.2
1607	0.7333
1608	0.0769
1609	0.0769
161	1.2294
1610	0.0769
1611	0.0769
1612	0.0769
1613	0.0769
1614	0.2
1615	0.2
1616	0.2
1617	0.2
1618	0.2
1619	0.0435
162	0.9456
1620	0.0909
1621	0.0667
1622	0.0667
1623	0.0667
1624	0.0667
1625	0.0667
1626	0.0556
1627	0.0556
1628	0.0556
1629	0.0556
163	0.9015
1630	0.0556
1631	0.0556
1632	0.0556
1633	0.0556
1634	0.5556
1635	0.0556
1636	0.0556
1637	0.0556
1638	0.0556
1639	0.0385
164	1.1887
1640	0.279
1641	0.279
1642	0.2405
1643	0.2373
1644	0.279
1645	0.4855
1646	0.279
1647	0.279
1648	0.0385
1649	0.0385
165	0.9015
1650	0.0526
1651	0.0526
1652	0.0526
1653	0.0526
1654	0.0526
1655	0.0526
1656	0.0526
1657	0.1
1658	0.1
1659	0.1
166	1.2265
1660	0.1
1661	0.1
1662	0.1
1663	0.1
1664	0.1
1665	0.25
1666	0.75
1667	0.25
1668	0.25
1669	0.1
167	0.9015
1670	0.1
1671	0.6
1672	0.1
1673	0.1
1674	0.1
1675	0.1
1676	0.1
1677	0.1
1678	10.7444
1679	0.1333
168	0.5194
1680	0.1111
1681	0.0769
1682	0.0769
1683	0.8376
1684	0.0769
1685	0.0769
1686	0.0769
1687	0.0588
1688	0.587
1689	0.0588
169	0.5194
1690	0.0588
1691	0.0588
1692	0.0588
1693	0.0588
1694	0.0588
1695	0.0588
1696	0.0769
1697	0.0769
1698	0.0769
1699	0.0769
17	0.0943
170	0.5194
1700	0.0667
1701	0.0667
1702	0.0667
1703	0.0667
1704	0.0667
1705	0.0667
1706	0.0714
1707	0.0769
1708	0.0769
1709	0.0769
171	0.5227
1710	0.0769
1711	0.0769
1712	0.0769
1713	0.0769
1714	0.0769
1715	0.0769
1716	0.0769
1717	0.0769
1718	0.0769
1719	0.0769
172	0.5194
1720	0.0769
1721	0.0769
1722	0.0769
1723	0.0286
1724	0.0286
1725	0.0286
1726	0.0286
1727	0.0286
1728	0.0286
1729	0.0286
173	0.4549
1730	0.0286
1731	0.0286
1732	0.0286
1733	0.0286
1734	0.0286
1735	0.0286
1736	0.0286
1737	0.0769
1738	0.0769
1739	0.0769
174	4.0527
1740	0.0769
1741	0.0286
1742	0.0286
1743	0.0286
1744	0.0286
1745	0.0286
1746	0.0286
1747	0.0286
1748	0.0286
1749	0.0286
175	4.3024
1750	0.0455
1751	0.0455
1752	0.0455
1753	0.0455
1754	0.0455
1755	0.0455
1756	0.0455
1757	0.0455
1758	0.0455
1759	0.0455
176	4.0747
1760	0.25
1761	0.45
1762	0.45
1763	0.45
1764	0.4
1765	0.4
1766	0.0556
1767	0.0556
1768	0.0556
1769	0.0556
177	4.0947
1770	0.0556
1771	0.0556
1772	0.0455
1773	0.0455
1774	0.0455
1775	0.0455
1776	0.0455
1777	0.0455
1778	0.0455
1779	0.0455
178	0.0417
1780	0.0455
1781	0.0455
1782	0.0435
1783	0.0435
1784	0.0435
1785	0.0435
1786	0.0435
1787	0.0435
1788	0.0435
1789	0.1149
179	1.2975
1790	0.1149
1791	0.0526
1792	0.0526
1793	0.0526
1794	0.0526
1795	0.0526
1796	0.0526
1797	0.0526
1798	0.0588
1799	0.0588
18	2.4505
180	0.4554
1800	0.0588
1801	0.0588
1802	0.0588
1803	0.0588
1804	0.0588
1805	0.0588
1806	0.0588
1807	0.0588
1808	0.0588
1809	0.0588
181	0.4506
1810	0.0588
1811	0.0588
1812	0.0588
1813	0.0588
1814	0.0588
1815	0.0769
1816	0.0769
1817	0.0714
1818	1.0
1819	0.3333
182	0.2807
1820	0.3333
1821	0.8333
1822	0.3333
1823	0.0625
1824	0.0625
1825	0.0625
1826	0.0625
1827	0.0625
1828	0.0625
1829	0.0625
183	0.3839
1830	0.245
1831	0.5625
1832	0.0625
1833	0.545
1834	0.545
1835	0.0625
1836	2.0
1837	1.0
1838	0.5667
1839	0.1917
184	0.6248
1840	0.1917
1841	0.1167
1842	0.0667
1843	0.0667
1844	0.0667
1845	0.0667
1846	0.0667
1847	0.0667
1848	0.0667
1849	0.175
185	0.3839
1850	0.175
1851	0.375
1852	0.175
1853	0.125
1854	0.0714
1855	1.0
1856	1.0
1857	1.0
1858	1.0
1859	1.0
186	0.4608
1860	3.0
1861	0.3333
1862	0.3333
1863	0.4242
1864	1.0
1865	1.0
1866	1.0
1867	0.5
1868	0.5
1869	1.0
187	0.5131
1870	1.0
1871	0.254
1872	2.2578
1873	2.7506
1874	0.1111
1875	4.0701
1876	2.2453
1877	4.0701
1878	4.0792
1879	0.1111
188	0.3839
1880	0.1111
1881	0.1111
1882	0.1111
1883	4.2923
1884	0.0833
1885	0.0833
1886	0.0833
1887	0.0833
1888	0.0833
1889	0.0833
189	0.6246
1890	0.0833
1891	0.0833
1892	0.0833
1893	0.0833
1894	0.0833
1895	0.0833
1896	0.0054
1897	0.0054
1898	0.0054
1899	0.0054
19	9.0914
190	0.5
1900	0.0054
1901	0.0054
1902	0.0054
1903	0.0054
1904	0.0054
1905	0.0054
1906	0.0054
1907	0.0054
1908	0.0054
1909	0.0054
191	0.8333
1910	0.0054
1911	0.0054
1912	0.0054
1913	0.0054
1914	0.0054
1915	0.0054
1916	0.0054
1917	0.0054
1918	0.0054
1919	0.0054
192	0.3985
1920	0.0054
1921	0.0054
1922	0.0054
1923	0.0054
1924	0.0054
1925	0.0054
1926	0.0054
1927	0.0054
1928	0.0054
1929	0.0054
193	4.33
1930	0.0054
1931	0.0054
1932	0.0054
1933	0.0054
1934	0.0054
1935	0.0054
1936	0.0054
1937	0.0054
1938	0.0054
1939	0.0054
194	0.7657
1940	0.0054
1941	0.0054
1942	0.0054
1943	0.0054
1944	0.0054
1945	0.0054
1946	0.0054
1947	0.0054
1948	0.0054
1949	0.0054
195	0.8331
1950	0.0054
1951	0.0054
1952	0.0054
1953	0.0054
1954	0.0054
1955	0.0054
1956	0.0054
1957	0.0054
1958	0.0054
1959	0.0054
196	0.7216
1960	0.0054
1961	0.0054
1962	0.0054
1963	0.0054
1964	0.0054
1965	0.0054
1966	0.0054
1967	0.0054
1968	0.0054
1969	0.0054
197	0.5929
1970	0.0054
1971	0.0054
1972	0.0054
1973	0.0054
1974	0.0054
1975	0.0054
1976	0.0054
1977	0.0054
1978	0.0054
1979	0.0054
198	0.9654
1980	0.0054
1981	0.0054
1982	0.0054
1983	0.0054
1984	0.0054
1985	0.0054
1986	0.0054
1987	0.0054
1988	0.0054
1989	0.0054
199	0.7179
1990	0.0054
1991	0.0054
1992	0.0054
1993	0.0054
1994	0.0054
1995	1.0054
1996	0.0054
1997	0.0054
1998	0.0054
1999	0.0054
2	161.0938
20	17.4024
200	7.9667
2000	0.0054
2001	0.0054
2002	0.0054
2003	0.0054
2004	0.0054
2005	0.0054
2006	0.0054
2007	0.0054
2008	0.0054
2009	0.0054
201	0.3282
2010	0.0054
2011	0.0054
2012	0.0054
2013	0.0054
2014	0.0054
2015	0.0054
2016	0.0054
2017	0.0054
2018	0.0054
2019	0.0054
202	0.3816
2020	0.0054
2021	0.0054
2022	0.0054
2023	0.0054
2024	0.0054
2025	0.0054
2026	0.0054
2027	0.0054
2028	0.0054
2029	0.0054
203	0.2161
2030	0.0054
2031	0.0054
2032	0.0054
2033	0.0054
2034	0.0054
2035	0.0054
2036	0.0054
2037	0.0054
2038	0.0054
2039	0.0054
204	0.6041
2040	0.0054
2041	0.0054
2042	0.0054
2043	0.0054
2044	0.0054
2045	0.0054
2046	0.0054
2047	0.0054
2048	0.0054
2049	0.0054
205	1.3004
2050	0.0054
2051	0.0054
2052	0.0054
2053	0.0054
2054	0.0054
2055	0.0054
2056	0.0054
2057	0.0054
2058	0.0054
2059	0.0054
206	0.0323
2060	0.0054
2061	0.0054
2062	0.0054
2063	0.0054
2064	0.0054
2065	0.0054
2066	0.0054
2067	0.0054
2068	0.0054
2069	0.0054
207	0.1801
2070	0.0054
2071	0.0054
2072	0.0054
2073	0.0054
2074	0.0054
2075	0.0054
2076	0.0054
2077	0.0054
2078	0.0054
2079	0.0054
208	0.323
2080	0.5833
2081	0.25
2082	0.5833
2083	0.25
2084	0.175
2085	0.375
2086	0.05
2087	0.05
2088	0.05
2089	0.05
209	0.5252
2090	0.175
2091	0.05
2092	0.05
2093	0.3833
2094	0.3833
2095	0.05
2096	0.175
2097	0.3833
2098	1.0
2099	0.125
21	9.0593
210	0.2426
2100	10.7444
2101	0.1333
2102	0.1111
2103	0.5
2104	0.5
2105	0.5
2106	0.5
2107	0.0526
2108	0.0526
2109	0.0526
211	0.0456
2110	0.0526
2111	0.0526
2112	0.0526
2113	0.0526
2114	0.0526
2115	0.2526
2116	0.0526
2117	0.0526
2118	0.0526
2119	0.0526
212	5.4841
2120	0.0526
2121	0.0526
2122	0.0526
2123	0.0526
2124	0.0526
2125	0.5
2126	0.5
2127	0.125
2128	1.7083
2129	0.125
213	3.5022
2130	0.125
2131	0.125
2132	0.1429
2133	0.1429
2134	0.1429
2135	0.1429
2136	0.1429
2137	0.1
2138	0.1
2139	0.3
214	3.9271
2140	0.1
2141	0.1
2142	0.1
2143	0.1
2144	0.9095
2145	1.9333
2146	0.8762
2147	0.8762
2148	0.9095
2149	0.0909
215	3.9127
2150	0.0909
2151	0.0909
2152	0.0909
2153	0.0909
2154	0.0909
2155	0.0909
2156	0.0909
2157	0.0909
2158	0.0909
2159	0.125
216	3.4985
2160	0.125
2161	0.125
2162	0.125
2163	0.125
2164	0.125
2165	0.125
2166	0.125
2167	0.0769
2168	0.0769
2169	0.0769
217	3.7521
2170	0.0769
2171	0.1245
2172	16.3226
2173	0.0769
2174	0.0769
2175	0.0769
2176	0.0769
2177	0.0769
2178	0.0769
2179	0.0769
218	2.3838
2180	0.0769
2181	0.0769
2182	0.0769
2183	0.0769
2184	0.0769
2185	0.0769
2186	0.0769
2187	0.0769
2188	0.0769
2189	0.0769
219	0.0832
2190	0.0769
2191	0.0769
2192	0.0769
2193	1.119
2194	1.0952
2195	1.0952
2196	1.119
2197	1.119
2198	0.9286
2199	0.0833
22	0.0417
220	0.1388
2200	0.0833
2201	0.0833
2202	0.0833
2203	0.0833
2204	0.0833
2205	0.0833
2206	0.0833
2207	0.0833
2208	0.0833
2209	1.0
221	5.5643
2210	0.125
2211	0.4583
2212	1.125
2213	0.375
2214	0.225
2215	0.325
2216	0.125
2217	0.125
2218	0.1429
2219	0.3929
222	5.5643
2220	0.1429
2221	0.3095
2222	0.6429
2223	0.1429
2224	0.1429
2225	0.25
2226	0.25
2227	0.25
2228	0.25
2229	0.5
223	0.0417
2230	0.3333
2231	0.1667
2232	0.1667
2233	0.1667
2234	0.1667
2235	0.3333
2236	0.8333
2237	0.3333
2238	0.5
2239	0.5
224	3.6972
2240	0.5
2241	0.3333
2242	0.3333
2243	0.3333
2244	0.5
2245	0.5
2246	0.25
2247	0.25
2248	0.25
2249	0.35
225	0.2805
2250	0.1
2251	0.1
2252	0.1
2253	0.1
2254	0.1
2255	0.1
2256	0.1
2257	0.1
2258	0.75
2259	0.25
226	0.5305
2260	0.3333
2261	0.5
2262	0.3333
2263	0.5
2264	0.2
2265	0.2
2266	0.2
2267	0.3667
2268	0.75
2269	0.1667
227	0.2421
2270	0.2
2271	0.2
2272	0.2
2273	0.2
2274	0.2
2275	0.5
2276	0.5
2277	0.5
2278	0.5
2279	0.3333
228	0.2805
2280	0.3333
2281	0.5
2282	0.8333
2283	1.1667
2284	0.3333
2285	0.2
2286	0.2
2287	0.2
2288	0.2
2289	0.2
229	1.4871
2290	1.0
2291	0.25
2292	0.25
2293	0.25
2294	0.5
2295	0.5
2296	0.5
2297	0.5
2298	0.125
2299	0.125
23	0.0786
230	0.2805
2300	0.125
2301	0.125
2302	0.125
2303	0.125
2304	0.125
2305	0.125
2306	0.1667
2307	0.1667
2308	0.1667
2309	0.1667
231	0.1672
2310	0.0213
2311	0.0213
2312	0.0213
2313	0.0213
2314	0.0213
2315	0.0213
2316	0.0213
2317	0.0213
2318	0.0213
2319	0.0213
232	0.0244
2320	0.0213
2321	0.0213
2322	0.0213
2323	0.0213
2324	0.0213
2325	0.0213
2326	0.0213
2327	0.0213
2328	0.0801
2329	0.0213
233	0.0244
2330	0.0801
2331	0.0213
2332	0.0213
2333	0.0213
2334	0.0213
2335	0.0213
2336	0.0213
2337	0.0801
2338	0.0213
2339	0.0213
234	0.0244
2340	0.0213
2341	0.0769
2342	0.1169
2343	0.1154
2344	0.1989
2345	0.0417
2346	0.0417
2347	0.0417
2348	0.0588
2349	0.0588
235	0.1536
2350	0.0588
2351	0.0588
2352	0.0714
2353	0.25
2354	0.7377
2355	0.1176
2356	0.1176
2357	0.1176
2358	0.1176
2359	0.0714
236	0.2202
2360	0.0667
2361	0.0667
2362	1.0
2363	0.5
2364	0.0588
2365	0.5
2366	0.5
2367	0.3333
2368	0.3333
2369	0.3333
237	0.0244
2370	0.5
2371	0.5
2372	0.1667
2373	0.1667
2374	0.1667
2375	0.1667
2376	0.1667
2377	0.5
2378	0.1429
2379	0.1429
238	0.0244
2380	0.1429
2381	0.1429
2382	0.1429
2383	0.1429
2384	0.1429
2385	1.0588
2386	0.0588
2387	0.0588
2388	0.0588
2389	0.0588
239	0.0244
2390	0.0588
2391	0.0588
2392	0.0588
2393	0.0588
2394	0.0588
2395	0.0588
2396	0.0588
2397	0.0588
2398	0.0588
2399	0.0588
24	3.2083
240	1.1672
2400	0.0588
2401	0.0588
2402	1.0
2403	0.0714
2404	0.0714
2405	0.0714
2406	0.0714
2407	0.0714
2408	0.0714
2409	0.0714
241	0.1253
2410	0.0714
2411	0.0714
2412	0.0714
2413	0.0714
2414	0.0714
2415	0.0714
2416	0.0714
2417	0.3333
2418	0.3333
2419	0.3333
242	0.5155
2420	0.1429
2421	0.1429
2422	0.1429
2423	0.1429
2424	0.1429
2425	0.1429
2426	0.1429
2427	0.0714
2428	0.0714
2429	0.0714
243	0.0244
2430	0.0714
2431	0.0714
2432	0.0714
2433	0.0714
2434	0.0714
2435	0.0714
2436	0.0714
2437	0.0714
2438	0.0714
2439	0.0714
244	0.0869
2440	0.0714
2441	0.2
2442	0.2
2443	0.2
2444	0.2
2445	0.2
2446	0.1667
2447	0.1667
2448	0.1667
2449	0.1667
245	0.0869
2450	0.2143
2451	0.1667
2452	0.2825
2453	0.1714
2454	0.1714
2455	0.0714
2456	0.1714
2457	0.1825
2458	0.1714
2459	0.0714
246	0.0755
2460	0.0357
2461	0.0357
2462	0.0357
2463	0.0357
2464	0.0357
2465	0.0357
2466	0.0357
2467	0.0357
2468	0.0357
2469	0.0357
247	0.0244
2470	0.0357
2471	0.0357
2472	0.0357
2473	0.0357
2474	0.0357
2475	0.0357
2476	0.0357
2477	0.0357
2478	0.0357
2479	0.0357
248	2.5052
2480	0.0357
2481	0.0357
2482	0.2
2483	0.1111
2484	0.1111
2485	0.6667
2486	0.6667
2487	0.0417
2488	0.0417
2489	0.0417
249	0.402
2490	0.0417
2491	0.0417
2492	0.0417
2493	0.0417
2494	0.0417
2495	0.0417
2496	0.0417
2497	0.0417
2498	0.0417
2499	0.0417
25	0.0417
250	0.0698
2500	0.0417
2501	0.0417
2502	0.0417
2503	0.0417
2504	0.0417
2505	0.0417
2506	0.0417
2507	0.0417
2508	0.0417
2509	0.0417
251	0.1254
2510	0.2381
2511	0.1667
2512	0.1667
2513	0.1667
2514	0.1667
2515	0.0714
2516	0.0714
2517	0.0714
2518	0.0667
2519	0.0667
252	0.7569
2520	0.0667
2521	0.0667
2522	0.0667
2523	0.0667
2524	1.0667
2525	0.0667
2526	0.0667
2527	0.0667
2528	0.0667
2529	0.0667
253	0.0799
2530	0.0667
2531	0.0667
2532	0.5769
2533	0.5769
2534	0.5769
2535	1.0
2536	0.25
2537	0.75
2538	0.75
2539	0.25
254	0.0681
2540	0.25
2541	0.25
2542	0.25
2543	0.25
2544	0.2
2545	0.2
2546	0.1429
2547	0.25
2548	0.25
2549	0.25
255	0.1233
2550	0.25
2551	0.25
2552	0.25
2553	0.25
2554	0.25
2555	0.1111
2556	0.1111
2557	0.1111
2558	0.1111
2559	0.1111
256	0.0588
2560	0.1111
2561	0.1111
2562	0.1111
2563	1.0
2564	0.2
2565	0.2
2566	0.2
2567	0.2
2568	0.2
2569	0.0588
257	0.305
2570	0.0588
2571	0.0588
2572	0.0588
2573	0.0588
2574	0.0588
2575	0.0588
2576	0.0588
2577	0.0588
2578	0.0588
2579	0.0588
258	0.0667
2580	0.0588
2581	0.0588
2582	0.0588
2583	0.0588
2584	0.0588
2585	0.0588
2586	0.5
2587	0.5
2588	1.0
2589	0.2
259	0.0667
2590	0.2
2591	0.2
2592	0.1429
2593	0.1429
2594	0.1429
2595	0.1429
2596	0.1429
2597	0.1429
2598	1.0
2599	0.2
26	0.08
260	0.0667
2600	0.2
2601	0.2
2602	0.2
2603	0.2
2604	0.125
2605	0.125
2606	0.125
2607	0.125
2608	0.125
2609	0.125
261	0.3178
2610	0.125
2611	0.125
2612	0.125
2613	0.125
2614	0.125
2615	0.0769
2616	0.0769
2617	0.1678
2618	0.0769
2619	0.1678
262	0.5373
2620	0.0769
2621	0.0769
2622	0.0769
2623	0.0769
2624	0.0909
2625	0.0909
2626	0.0909
2627	0.0909
2628	0.0909
2629	0.0909
263	0.0289
2630	0.0556
2631	0.0556
2632	0.0556
2633	0.0556
2634	0.0556
2635	0.0556
2636	0.0556
2637	0.0556
2638	0.5556
2639	0.0556
264	0.5425
2640	0.0556
2641	0.0556
2642	0.0556
2643	0.0526
2644	0.0526
2645	0.0526
2646	0.0526
2647	0.0526
2648	0.0526
2649	0.0526
265	0.1956
2650	0.0714
2651	0.0714
2652	0.0714
2653	0.0714
2654	0.0714
2655	0.0714
2656	0.0714
2657	0.0714
2658	0.0714
2659	0.0714
266	0.1198
2660	0.0714
2661	0.0714
2662	0.0714
2663	1.4381
2664	0.3333
2665	0.3333
2666	0.3333
2667	0.2
2668	0.2
2669	0.2
267	0.435
2670	0.2
2671	1.1667
2672	1.1667
2673	1.1667
2674	1.1667
2675	1.1667
2676	1.0
2677	0.1
2678	0.2
2679	0.2
268	0.6241
2680	0.3333
2681	0.1667
2682	0.1667
2683	0.1667
2684	0.1667
2685	0.0213
2686	0.0213
2687	0.0213
2688	0.0213
2689	0.0213
269	0.0289
2690	0.0213
2691	0.0213
2692	0.0213
2693	0.0213
2694	0.0213
2695	0.0213
2696	0.0213
2697	0.0213
2698	0.0213
2699	0.0213
27	10.4589
270	0.2031
2700	0.0213
2701	0.0213
2702	0.0213
2703	0.0801
2704	0.0213
2705	0.0801
2706	0.0213
2707	0.0213
2708	0.0213
2709	0.0213
271	0.0233
2710	0.0801
2711	0.0213
2712	0.0213
2713	0.0213
2714	0.0769
2715	0.1169
2716	0.1154
2717	0.1989
2718	0.0417
2719	0.0417
272	0.529
2720	0.0417
2721	0.0588
2722	0.0588
2723	0.0588
2724	0.0588
2725	0.0714
2726	0.25
2727	0.5948
2728	0.1176
2729	0.1176
273	0.1122
2730	0.1176
2731	0.1176
2732	0.0714
2733	0.0667
2734	0.0667
2735	0.5
2736	1.0
2737	0.0833
2738	0.0833
2739	0.0833
274	0.0858
2740	0.0833
2741	0.0833
2742	0.0833
2743	0.0833
2744	0.0833
2745	0.0833
2746	0.0833
2747	0.0833
2748	1.0
2749	1.0
275	0.3957
2750	1.0
2751	1.0
2752	1.0
2753	0.5
2754	1.0
2755	1.0
2756	1.0
2757	1.0
2758	1.0
2759	1.0
276	0.2725
2760	1.0
2761	1.0
2762	1.0
2763	0.1111
2764	0.1111
2765	0.1111
2766	0.1111
2767	0.1111
2768	0.1111
2769	0.1111
277	0.2486
2770	0.1111
2771	0.0833
2772	0.0833
2773	0.0833
2774	0.0833
2775	0.0833
2776	0.0833
2777	0.0833
2778	0.0833
2779	0.0833
278	0.3503
2780	0.0833
2781	0.0833
2782	0.0833
2783	0.1
2784	0.2
2785	0.2
2786	1.0
2787	1.0
2788	1.0
2789	1.0
279	0.1122
2790	1.0
2791	1.0
2792	1.0
2793	1.0
2794	1.0
2795	1.0
2796	1.0
2797	1.0
2798	1.0
2799	0.0054
28	18.3144
280	3.0379
2800	0.0054
2801	0.0054
2802	0.0054
2803	0.0054
2804	0.0054
2805	0.0054
2806	0.0054
2807	0.0054
2808	0.0054
2809	0.0054
281	0.1198
2810	0.0054
2811	0.0054
2812	0.0054
2813	0.0054
2814	0.0054
2815	0.0054
2816	0.0054
2817	0.0054
2818	0.0054
2819	0.0054
282	0.3311
2820	0.0054
2821	0.0054
2822	0.0054
2823	0.0054
2824	0.0054
2825	0.0054
2826	0.0054
2827	0.0054
2828	0.0054
2829	0.0054
283	0.1198
2830	0.0054
2831	0.0054
2832	0.0054
2833	0.0054
2834	0.0054
2835	0.0054
2836	0.0054
2837	0.0054
2838	0.0054
2839	0.0054
284	0.2562
2840	0.0054
2841	0.0054
2842	0.0054
2843	0.0054
2844	0.0054
2845	0.0054
2846	0.0054
2847	0.0054
2848	0.0054
2849	0.0054
285	0.0845
2850	0.0054
2851	0.0054
2852	0.0054
2853	0.0054
2854	0.0054
2855	0.0054
2856	0.0054
2857	0.0054
2858	0.0054
2859	0.0054
286	0.0289
2860	0.0054
2861	0.0054
2862	0.0054
2863	0.0054
2864	0.0054
2865	0.0054
2866	0.0054
2867	0.0054
2868	0.0054
2869	0.0054
287	0.0289
2870	0.0054
2871	0.0054
2872	0.0054
2873	0.0054
2874	0.0054
2875	0.0054
2876	0.0054
2877	0.0054
2878	0.0054
2879	0.0054
288	0.2486
2880	0.0054
2881	0.0054
2882	0.0054
2883	0.0054
2884	0.0054
2885	0.0054
2886	0.0054
2887	0.0054
2888	0.0054
2889	0.0054
289	0.1198
2890	0.0054
2891	0.0054
2892	0.0054
2893	0.0054
2894	0.0054
2895	0.0054
2896	0.0054
2897	0.0054
2898	0.0054
2899	0.0054
29	6.0125
290	0.1653
2900	0.0054
2901	0.0054
2902	0.0054
2903	0.0054
2904	0.0054
2905	0.0054
2906	0.0054
2907	0.0054
2908	0.0054
2909	0.0054
291	0.4884
2910	0.0054
2911	0.0054
2912	0.0054
2913	0.0054
2914	0.0054
2915	0.0054
2916	0.0054
2917	0.0054
2918	0.0054
2919	0.0054
292	0.2725
2920	0.0054
2921	0.0054
2922	0.0054
2923	0.0054
2924	0.0054
2925	0.0054
2926	0.0054
2927	0.0054
2928	0.0054
2929	0.0054
293	0.1837
2930	0.0054
2931	0.0054
2932	0.0054
2933	0.0054
2934	0.0054
2935	0.0054
2936	0.0054
2937	0.0054
2938	0.0054
2939	0.0054
294	0.327
2940	0.0054
2941	0.0054
2942	0.0054
2943	0.0054
2944	0.0054
2945	0.0054
2946	0.0054
2947	0.0054
2948	0.0054
2949	0.0054
295	0.329
2950	0.0054
2951	0.0054
2952	0.0054
2953	0.0054
2954	0.0054
2955	0.0054
2956	0.0054
2957	0.0054
2958	0.0054
2959	0.0054
296	0.3249
2960	0.0054
2961	0.0054
2962	0.0054
2963	0.0054
2964	0.0054
2965	0.0054
2966	0.0054
2967	0.0054
2968	0.0054
2969	0.0054
297	0.3305
2970	0.0054
2971	0.0054
2972	0.0054
2973	0.0054
2974	0.0054
2975	0.0054
2976	0.0054
2977	0.0054
2978	0.0054
2979	0.0054
298	0.3327
2980	0.0054
2981	0.0054
2982	0.0054
2983	1.0
2984	0.5
2985	0.5
2986	0.5
2987	0.5
2988	0.5
2989	0.5
299	0.3249
2990	0.2825
2991	0.1714
2992	0.1714
2993	0.1714
2994	0.0714
2995	0.1714
2996	0.1825
2997	0.1714
2998	0.0714
2999	0.0345
3	0.9231
30	2.0936
300	0.7984
3000	0.0345
3001	0.0345
3002	0.0345
3003	0.0345
3004	0.0345
3005	0.0345
3006	0.0345
3007	0.0345
3008	0.0345
3009	0.0345
301	0.3249
3010	0.0345
3011	0.0345
3012	0.0345
3013	0.0345
3014	0.0345
3015	0.0345
3016	0.0345
3017	0.0345
3018	0.0345
3019	0.0345
302	0.6556
3020	0.0345
3021	0.1178
3022	0.0345
3023	0.0345
3024	0.0345
3025	0.0345
3026	0.2
3027	0.2
3028	0.1111
3029	0.1111
303	1.1772
3030	0.6667
3031	0.6667
3032	0.0417
3033	0.0417
3034	0.0417
3035	0.0417
3036	0.0417
3037	0.0417
3038	0.0417
3039	0.0417
304	0.1009
3040	0.0417
3041	0.0417
3042	0.0417
3043	0.0417
3044	0.0417
3045	0.0417
3046	0.0417
3047	0.0417
3048	0.0417
3049	0.0417
305	0.4061
3050	0.0417
3051	0.0417
3052	0.0417
3053	0.0417
3054	0.0417
3055	0.5833
3056	0.25
3057	0.5833
3058	0.25
3059	0.05
306	0.8303
3060	0.05
3061	0.05
3062	0.05
3063	0.05
3064	0.05
3065	0.3833
3066	0.3833
3067	0.05
3068	0.3833
3069	0.2
307	0.5241
3070	0.2
3071	0.2
3072	0.1429
3073	0.1429
3074	0.1429
3075	0.1429
3076	0.1429
3077	0.1429
3078	0.0909
3079	0.0909
308	0.0836
3080	0.0909
3081	0.0909
3082	0.0909
3083	0.0909
3084	0.0909
3085	0.0909
3086	0.0909
3087	0.0909
3088	0.2111
3089	8.0242
309	0.3805
3090	0.0714
3091	0.0714
3092	0.0714
3093	0.0714
3094	0.1825
3095	3.4643
3096	0.0714
3097	0.3333
3098	0.2111
3099	0.1
31	2.8256
310	0.4301
3100	0.1
3101	0.1
3102	0.1
3103	0.1
3104	0.2111
3105	0.1
3106	0.1
3107	0.2429
3108	0.1
3109	0.1556
311	0.4342
3110	0.1
3111	2.8157
3112	0.1818
3113	0.4242
3114	0.2381
3115	0.7381
3116	0.2381
3117	1.2381
3118	0.2381
3119	0.1
312	0.4777
3120	0.6111
3121	3.0
3122	0.6667
3123	1.0
3124	0.6667
3125	2.0
3126	1.6667
3127	1.6667
3128	2.0
3129	1.0
313	0.4301
3130	0.2
3131	0.2
3132	0.2
3133	0.1429
3134	0.1429
3135	0.1429
3136	0.1429
3137	0.1429
3138	0.1429
3139	1.0
314	0.4301
3140	0.0833
3141	0.0833
3142	0.0833
3143	0.0833
3144	0.0833
3145	0.0833
3146	0.0833
3147	0.0833
3148	0.0833
3149	0.0833
315	0.4301
3150	0.0833
3151	0.0833
3152	1.0
3153	0.3333
3154	0.3333
3155	0.3333
3156	2.7122
3157	1.0769
3158	0.0769
3159	1.0769
316	0.4301
3160	0.0769
3161	0.7436
3162	0.0769
3163	17.7714
3164	4.1239
3165	0.0769
3166	0.0769
3167	0.3333
3168	0.3333
3169	0.5
317	0.4301
3170	0.1667
3171	0.1429
3172	0.1429
3173	0.1667
3174	0.25
3175	0.25
3176	0.25
3177	0.0476
3178	0.0476
3179	0.0476
318	0.4301
3180	0.1726
3181	4.1726
3182	2.0476
3183	2.0476
3184	1.0476
3185	0.0476
3186	6.0476
3187	1.2976
3188	3.0476
3189	4.0476
319	0.4301
3190	4.0476
3191	0.1905
3192	0.0476
3193	0.0476
3194	0.0476
3195	0.0476
3196	0.2857
3197	0.0588
3198	0.5
3199	0.5
32	2.8626
320	0.862
3200	0.3333
3201	0.3333
3202	0.3333
3203	0.1667
3204	0.1667
3205	0.1667
3206	0.1667
3207	0.1667
3208	0.2
3209	0.2
321	0.2866
3210	0.2
3211	0.2
3212	0.2
3213	0.1667
3214	0.1667
3215	0.1667
3216	0.1667
3217	0.2143
3218	0.1667
3219	1.0
322	0.2921
3220	7.0
3221	5.5
3222	2.0
3223	4.0
3224	6.0
3225	3.1667
3226	5.0
3227	9.1667
3228	4.5
3229	2.8333
323	0.2921
3230	2.0
3231	0.2
3232	0.2
3233	0.25
3234	0.25
3235	0.25
3236	0.0656
3237	0.0656
3238	1.0323
3239	1.2323
324	0.4056
3240	1.2323
3241	0.1041
3242	0.1041
3243	0.1041
3244	0.1041
3245	0.1041
3246	0.1041
3247	0.1041
3248	0.1041
3249	0.1041
325	0.0511
3250	0.1041
3251	0.1041
3252	0.1041
3253	0.1041
3254	0.1041
3255	0.1041
3256	0.1041
3257	0.1041
3258	0.1041
3259	0.1041
326	0.0511
3260	0.1041
3261	0.1041
3262	0.1041
3263	0.1041
3264	0.1041
3265	0.1041
3266	0.1041
3267	1.0
3268	0.3333
3269	0.3333
327	0.0511
3270	0.3333
3271	0.125
3272	0.125
3273	0.125
3274	2.8583
3275	0.125
3276	1.125
3277	1.125
3278	1.125
3279	0.0476
328	0.0511
3280	0.0476
3281	0.0476
3282	0.0476
3283	0.0476
3284	0.0476
3285	0.0476
3286	0.0476
3287	0.0476
3288	0.0476
3289	0.0476
329	0.0511
3290	0.0476
3291	0.0476
3292	0.0476
3293	0.0476
3294	0.0476
3295	0.0476
3296	0.0476
3297	0.0476
3298	0.0476
3299	1.0
33	4.2808
330	0.0511
3300	0.25
3301	0.25
3302	0.25
3303	0.0833
3304	0.0833
3305	0.0833
3306	0.0833
3307	0.0833
3308	0.0833
3309	0.0833
331	0.1931
3310	0.0833
3311	0.0833
3312	0.0833
3313	0.1429
3314	0.1429
3315	0.1429
3316	0.1429
3317	0.1429
3318	0.1429
3319	0.3333
332	0.1099
3320	0.3333
3321	0.4167
3322	0.125
3323	0.125
3324	0.125
3325	0.125
3326	0.125
3327	0.125
3328	0.125
3329	0.1111
333	0.0056
3330	0.1111
3331	0.1111
3332	0.1111
3333	0.1111
3334	0.1111
3335	0.1111
3336	0.1111
3337	0.1111
3338	0.3333
3339	0.3429
334	0.0556
3340	0.3409
3341	0.1
3342	0.1
3343	0.1
3344	0.1
3345	0.1
3346	0.1
3347	0.1
3348	0.1
3349	0.1
335	0.0556
3350	0.1
3351	0.2
3352	0.2
3353	0.2
3354	0.2
3355	0.2
3356	1.0
3357	0.0909
3358	0.0909
3359	0.0909
336	0.0556
3360	0.0909
3361	0.0909
3362	0.2
3363	0.2
3364	0.3333
3365	0.0094
3366	0.0094
3367	0.0094
3368	0.0094
3369	0.0094
337	0.5
3370	0.0094
3371	0.0094
3372	0.0094
3373	0.0094
3374	0.0094
3375	0.0094
3376	0.0094
3377	0.0094
3378	0.0094
3379	0.0094
338	0.5
3380	0.0094
3381	0.0094
3382	0.0094
3383	0.0094
3384	0.0094
3385	0.0094
3386	0.0094
3387	0.0094
3388	0.0094
3389	0.0094
339	0.5
3390	0.0094
3391	0.0094
3392	1.0094
3393	0.0094
3394	0.0094
3395	0.0094
3396	0.0094
3397	0.0094
3398	0.0094
3399	0.0094
34	4.5665
340	0.2805
3400	1.0094
3401	0.0094
3402	0.0094
3403	0.0094
3404	0.0094
3405	0.0094
3406	0.0094
3407	0.0094
3408	0.0094
3409	0.0094
341	1.4084
3410	0.0094
3411	0.0094
3412	0.0094
3413	0.0094
3414	0.0094
3415	0.0094
3416	0.0094
3417	0.0094
3418	0.0094
3419	0.0094
342	0.0417
3420	0.0094
3421	0.0094
3422	0.0094
3423	0.0094
3424	0.0094
3425	0.0094
3426	0.0094
3427	0.0094
3428	0.0094
3429	0.0094
343	0.0417
3430	0.0094
3431	0.0094
3432	0.0094
3433	0.0094
3434	0.0094
3435	0.0094
3436	0.0094
3437	0.0094
3438	0.0094
3439	0.0094
344	0.2419
3440	0.0094
3441	0.0094
3442	0.0094
3443	0.0094
3444	0.0094
3445	0.0094
3446	0.0094
3447	0.0094
3448	0.0094
3449	0.0094
345	0.0385
3450	0.0094
3451	0.0094
3452	0.0094
3453	0.0094
3454	0.0094
3455	0.0094
3456	0.0094
3457	0.0094
3458	0.0094
3459	0.0094
346	0.0982
3460	0.0094
3461	0.0094
3462	0.0094
3463	0.0094
3464	0.0094
3465	0.0094
3466	0.0094
3467	0.0094
3468	0.0094
3469	0.0094
347	0.0982
3470	0.0094
3471	0.25
3472	0.25
3473	0.25
3474	0.25
3475	0.25
3476	0.25
3477	0.25
3478	0.25
3479	1.0
348	0.1458
3480	1.0
3481	1.0
3482	1.0
3483	1.0
3484	1.0
3485	1.0
3486	1.0
3487	1.0
3488	1.0
3489	0.0588
349	0.0982
3490	0.5
3491	0.5
3492	0.3333
3493	0.3333
3494	0.3333
3495	0.1667
3496	0.1667
3497	0.1667
3498	0.1667
3499	0.1667
35	0.6897
350	1.0385
3500	0.2
3501	0.2
3502	0.2
3503	0.2
3504	0.2
3505	0.1667
3506	0.1667
3507	0.1667
3508	0.1667
3509	0.2143
351	0.0769
3510	0.1667
3511	0.5
3512	0.6111
3513	1.0
3514	2.0
3515	1.0
3516	1.0
3517	0.25
3518	0.25
3519	0.25
352	0.0385
3520	1.0217
3521	0.0217
3522	1.0217
3523	0.0217
3524	0.0217
3525	0.0217
3526	0.0217
3527	0.0217
3528	0.0217
3529	0.0217
353	0.0385
3530	0.0217
3531	0.0217
3532	0.1051
3533	0.0217
3534	0.1051
3535	0.0217
3536	0.0217
3537	0.0217
3538	0.0217
3539	0.0217
354	0.0385
3540	0.0217
3541	0.0217
3542	0.0217
3543	0.0217
3544	0.0217
3545	0.0217
3546	0.0217
3547	0.0217
3548	0.0217
3549	0.0217
355	0.0385
3550	0.0217
3551	0.0217
3552	0.0217
3553	0.0217
3554	0.0217
3555	1.0217
3556	0.0217
3557	0.0217
3558	0.0217
3559	0.0217
356	0.1818
3560	0.0217
3561	0.0217
3562	0.0217
3563	0.0217
3564	0.0833
3565	0.0833
3566	0.0833
3567	0.0833
3568	0.0833
3569	0.0833
357	0.0909
3570	0.0833
3571	0.0833
3572	0.0833
3573	0.0833
3574	0.1429
3575	0.1429
3576	0.1429
3577	0.1429
3578	0.1429
3579	0.1429
358	0.25
3580	0.3333
3581	0.3333
3582	0.4167
3583	1.0
3584	2.7819
3585	2.9248
3586	4.5915
3587	2.9248
3588	0.1111
3589	0.1111
359	0.75
3590	0.4921
3591	0.1
3592	0.1
3593	0.1
3594	0.1742
3595	0.1742
3596	0.1742
3597	0.0909
3598	0.1742
3599	0.1742
36	2.27
360	0.25
3600	0.6131
3601	0.1131
3602	0.4048
3603	0.1429
3604	0.6429
3605	0.5
3606	0.5
3607	0.0417
3608	0.125
3609	0.0417
361	0.25
3610	0.125
3611	0.1417
3612	0.1417
3613	3.225
3614	0.125
3615	0.25
3616	0.3125
3617	0.0625
3618	0.0625
3619	0.0625
362	1.5979
3620	0.0625
3621	0.0625
3622	0.0625
3623	0.0625
3624	0.125
3625	0.0625
3626	0.1534
3627	0.0625
3628	0.0625
3629	0.0625
363	0.0312
3630	0.0625
3631	0.0625
3632	0.0625
3633	0.0625
3634	0.1
3635	0.1
3636	0.1
3637	1.0
3638	0.2
3639	0.2
364	0.0312
3640	0.2
3641	0.2
3642	0.2
3643	1.9667
3644	1.9667
3645	1.8917
3646	1.8917
3647	1.8917
3648	1.8917
3649	0.0909
365	0.0789
3650	0.0909
3651	0.0909
3652	0.0909
3653	0.0909
3654	0.0909
3655	0.0909
3656	0.0909
3657	0.0909
3658	0.0909
3659	1.2
366	0.0312
3660	0.2
3661	0.2
3662	0.2
3663	0.2
3664	4.0
3665	0.0213
3666	0.0213
3667	0.0213
3668	0.0213
3669	0.0213
367	0.0312
3670	0.0213
3671	0.0213
3672	0.0213
3673	0.0213
3674	0.0213
3675	0.0213
3676	0.0213
3677	0.0213
3678	0.0213
3679	0.0213
368	0.0312
3680	0.0213
3681	0.0213
3682	0.0213
3683	0.0213
3684	0.0213
3685	0.0213
3686	0.0213
3687	0.0213
3688	0.0213
3689	0.0213
369	3.4457
3690	0.0213
3691	0.0213
3692	0.0213
3693	0.0213
3694	0.0213
3695	0.0213
3696	0.0213
3697	0.0213
3698	0.0213
3699	0.0213
37	28.4207
370	0.3285
3700	1.0
3701	1.0
3702	0.6111
3703	1.0
3704	0.2686
3705	2.2917
3706	1.5827
3707	0.1888
3708	0.1888
3709	0.2161
371	1.0385
3710	0.0911
3711	0.1888
3712	0.1119
3713	0.2911
3714	0.2911
3715	0.2911
3716	0.25
3717	0.25
3718	1.4762
3719	0.4762
372	0.279
3720	0.4762
3721	0.1429
3722	0.1429
3723	0.2
3724	0.2
3725	0.2
3726	0.5
3727	0.5
3728	0.5
3729	7.1667
373	0.279
3730	0.2
3731	0.2
3732	0.2
3733	0.1667
3734	16.8333
3735	0.5
3736	0.1667
3737	0.0769
3738	0.5406
3739	0.8436
374	0.2405
3740	3.6603
3741	0.3269
3742	5.0769
3743	0.0769
3744	0.0769
3745	0.0769
3746	0.0769
3747	0.0769
3748	0.3333
3749	0.6667
375	0.2373
3750	0.3333
3751	0.1111
3752	0.1111
3753	0.1111
3754	0.1111
3755	0.1111
3756	0.1111
3757	0.1111
3758	0.1111
3759	0.3333
376	0.279
3760	0.3333
3761	0.3333
3762	0.1667
3763	0.1667
3764	0.1667
3765	0.1667
3766	0.5
3767	0.5
3768	0.125
3769	0.125
377	0.4855
3770	0.125
3771	0.125
3772	0.125
3773	1.0
3774	1.0
3775	1.0
3776	1.0
3777	0.25
3778	0.25
3779	0.25
378	0.279
3780	0.25
3781	0.1667
3782	0.6667
3783	0.1667
3784	0.1667
3785	0.1667
3786	0.1667
3787	0.1429
3788	0.3929
3789	0.3333
379	0.279
3790	0.3333
3791	0.3333
3792	0.2
3793	0.2
3794	0.2
3795	0.2
3796	0.2
3797	0.2
3798	0.2
3799	0.2
38	27.5431
380	0.0385
3800	1.0
3801	2.0
3802	0.3333
3803	0.3333
3804	0.3333
3805	0.125
3806	0.125
3807	0.125
3808	2.8583
3809	0.125
381	0.0385
3810	1.125
3811	1.125
3812	1.125
3813	0.0476
3814	0.0476
3815	0.0476
3816	0.0476
3817	0.0476
3818	0.0476
3819	0.0476
382	0.04
3820	0.0476
3821	0.0476
3822	0.0476
3823	0.0476
3824	0.0476
3825	0.0476
3826	0.0476
3827	0.0476
3828	0.0476
3829	0.0476
383	0.04
3830	0.0476
3831	0.0476
3832	0.0476
3833	1.0
3834	7.1744
3835	0.7744
3836	0.6411
3837	0.6077
3838	0.6077
3839	0.6077
384	0.0817
3840	0.6077
3841	0.6077
3842	0.6077
3843	0.6077
3844	0.6077
3845	0.6077
3846	0.6077
3847	0.6077
3848	0.6077
3849	0.6077
385	0.0817
3850	0.6077
3851	0.6077
3852	0.6077
3853	0.6077
3854	0.6077
3855	0.6077
3856	0.6077
3857	0.6077
3858	0.6077
3859	0.6077
386	0.0817
3860	0.6077
3861	0.6077
3862	0.6077
3863	0.6077
3864	0.6077
3865	0.6077
3866	0.6077
3867	0.6077
3868	0.6077
3869	0.6077
387	0.2764
3870	0.6077
3871	0.6411
3872	0.6911
3873	7.0077
3874	0.0244
3875	5.6813
3876	0.7812
3877	0.6479
3878	0.6146
3879	0.6146
388	0.0455
3880	0.6146
3881	0.6146
3882	0.6146
3883	0.6146
3884	0.6146
3885	0.6146
3886	0.6146
3887	0.6146
3888	0.6146
3889	0.6146
389	1.1043
3890	0.6146
3891	0.6146
3892	0.6146
3893	0.6146
3894	0.6146
3895	0.6146
3896	0.6146
3897	0.6146
3898	0.6146
3899	0.6146
39	1.2375
390	0.2262
3900	0.6146
3901	0.6146
3902	0.6146
3903	0.6479
3904	0.6979
3905	5.5146
3906	0.0312
3907	2.2409
3908	0.8409
3909	0.7076
391	23.7262
3910	0.6742
3911	0.6742
3912	0.6742
3913	0.6742
3914	0.7076
3915	0.7576
3916	2.0742
3917	0.0909
3918	4.1935
3919	0.7935
392	0.1151
3920	0.6601
3921	0.6268
3922	0.6268
3923	0.6268
3924	0.6268
3925	0.6268
3926	0.6268
3927	0.6268
3928	0.6268
3929	0.6268
393	0.1151
3930	0.6268
3931	0.6268
3932	0.6268
3933	0.6268
3934	0.6268
3935	0.6268
3936	0.6268
3937	0.6601
3938	0.7101
3939	4.0268
394	0.1151
3940	0.0435
3941	6.1786
3942	0.7786
3943	0.6452
3944	0.6119
3945	0.6119
3946	0.6119
3947	0.6119
3948	0.6119
3949	0.6119
395	0.1151
3950	0.6119
3951	0.6119
3952	0.6119
3953	0.6119
3954	0.6119
3955	0.6119
3956	0.6119
3957	0.6119
3958	0.6119
3959	0.6119
396	0.2262
3960	0.6119
3961	0.6119
3962	0.6119
3963	0.6119
3964	0.6119
3965	0.6119
3966	0.6119
3967	0.6119
3968	0.6119
3969	0.6119
397	0.1151
3970	0.6119
3971	0.6119
3972	0.6452
3973	0.6952
3974	6.0119
3975	0.0286
3976	3.3722
3977	0.8056
3978	0.6722
3979	0.6389
398	0.1151
3980	0.6389
3981	0.6389
3982	0.6389
3983	0.6389
3984	0.6389
3985	0.6389
3986	0.6389
3987	0.6389
3988	0.6389
3989	0.6389
399	0.6151
3990	0.6722
3991	0.7222
3992	3.2056
3993	0.0556
3994	5.1845
3995	0.7845
3996	0.6511
3997	0.6178
3998	0.6178
3999	0.6178
4	0.0417
40	7.3153
400	0.1151
4000	0.6178
4001	0.6178
4002	0.6178
4003	0.6178
4004	0.6178
4005	0.6178
4006	0.6178
4007	0.6178
4008	0.6178
4009	0.6178
401	0.0526
4010	0.6178
4011	0.6178
4012	0.6178
4013	0.6178
4014	0.6178
4015	0.6178
4016	0.6178
4017	0.6178
4018	0.6178
4019	0.6511
402	0.1151
4020	0.7011
4021	5.0178
4022	0.0345
4023	9.3352
4024	0.7685
4025	0.6352
4026	0.6019
4027	0.6019
4028	0.6019
4029	0.6019
403	0.1151
4030	0.6019
4031	0.6019
4032	0.6019
4033	0.6019
4034	0.6019
4035	0.6019
4036	0.6019
4037	0.6019
4038	0.6019
4039	0.6019
404	0.2262
4040	0.6019
4041	0.6019
4042	0.6019
4043	0.6019
4044	0.6019
4045	0.6019
4046	0.6019
4047	0.6019
4048	0.6019
4049	0.6019
405	0.1151
4050	0.6019
4051	0.6019
4052	0.6019
4053	0.6019
4054	0.6019
4055	0.6019
4056	0.6019
4057	0.6019
4058	0.6019
4059	0.6019
406	0.2262
4060	0.6019
4061	0.6019
4062	0.6019
4063	0.6019
4064	0.6019
4065	0.6019
4066	0.6019
4067	0.6019
4068	0.6019
4069	0.6019
407	0.0526
4070	0.6019
4071	0.6019
4072	0.6019
4073	0.6352
4074	0.6852
4075	9.1685
4076	0.0185
4077	4.6885
4078	0.7885
4079	0.6551
408	0.0526
4080	0.6218
4081	0.6218
4082	0.6218
4083	0.6218
4084	0.6218
4085	0.6218
4086	0.6218
4087	0.6218
4088	0.6218
4089	0.6218
409	0.05
4090	0.6218
4091	0.6218
4092	0.6218
4093	0.6218
4094	0.6218
4095	0.6218
4096	0.6218
4097	0.6218
4098	0.6218
4099	0.6551
41	1.3102
410	0.05
4100	0.7051
4101	4.5218
4102	0.0385
4103	3.0458
4104	0.8125
4105	0.6792
4106	0.6458
4107	0.6458
4108	0.6458
4109	0.6458
411	0.05
4110	0.6458
4111	0.6458
4112	0.6458
4113	0.6458
4114	0.6458
4115	0.6792
4116	0.7292
4117	2.8792
4118	0.0625
4119	0.0714
412	0.05
4120	0.0714
4121	1.0
4122	0.3333
4123	0.3333
4124	0.0667
4125	0.0667
4126	0.0667
4127	0.0667
4128	0.0667
4129	0.0667
413	0.05
4130	0.0667
4131	0.0667
4132	0.0667
4133	0.0667
4134	0.0667
4135	0.0667
4136	0.0667
4137	0.0667
4138	0.0667
4139	3.05
414	0.05
4140	0.8167
4141	0.6833
4142	0.65
4143	0.65
4144	0.65
4145	0.65
4146	0.65
4147	0.65
4148	0.65
4149	0.65
415	0.0385
4150	0.65
4151	0.6833
4152	0.7333
4153	2.8833
4154	0.5
4155	0.5
4156	0.5
4157	0.5
4158	0.5
4159	0.5
416	1.7396
4160	0.0204
4161	0.0204
4162	0.0204
4163	0.0204
4164	0.0204
4165	0.0204
4166	0.0204
4167	0.0204
4168	0.0204
4169	0.0204
417	0.1
4170	0.0204
4171	0.0204
4172	0.0204
4173	0.0204
4174	0.0204
4175	0.0204
4176	0.0204
4177	0.0204
4178	0.0204
4179	0.0204
418	0.1
4180	0.0204
4181	0.0204
4182	0.0204
4183	0.0204
4184	0.0204
4185	0.0204
4186	0.0204
4187	0.0204
4188	0.0204
4189	0.0204
419	0.1
4190	0.0204
4191	0.0204
4192	0.0204
4193	0.0204
4194	0.0204
4195	0.0204
4196	0.0204
4197	0.0204
4198	0.0204
4199	0.0204
42	2.0541
420	0.1
4200	0.0204
4201	0.0204
4202	0.0204
4203	0.0204
4204	0.0204
4205	0.0204
4206	0.0204
4207	0.0204
4208	0.0175
4209	0.0175
421	0.1
4210	0.0175
4211	0.0175
4212	0.0175
4213	0.0175
4214	0.0175
4215	0.0175
4216	0.0175
4217	0.0175
4218	0.0175
4219	0.0175
422	0.1
4220	0.0175
4221	0.0175
4222	0.0175
4223	0.0175
4224	0.0175
4225	0.0175
4226	0.0175
4227	0.0175
4228	0.0175
4229	0.0175
423	0.1
4230	0.0175
4231	0.0175
4232	0.0175
4233	0.0175
4234	0.0175
4235	0.0175
4236	0.0175
4237	0.0175
4238	0.0175
4239	0.0175
424	0.1
4240	0.0175
4241	0.0175
4242	0.0175
4243	0.0175
4244	0.0175
4245	0.0175
4246	0.0175
4247	0.0175
4248	0.0175
4249	0.0175
425	57.8902
4250	0.0175
4251	0.0175
4252	0.0175
4253	0.0175
4254	0.0175
4255	0.0175
4256	0.0175
4257	0.0175
4258	0.0175
4259	0.0175
426	2.2818
4260	0.0175
4261	0.0175
4262	0.0175
4263	0.0175
4264	0.0172
4265	0.0172
4266	0.0172
4267	0.0172
4268	0.0172
4269	0.0172
427	1.2199
4270	0.0172
4271	0.0172
4272	0.0172
4273	0.0172
4274	0.0172
4275	0.0172
4276	0.0172
4277	0.0172
4278	0.0172
4279	0.0172
428	0.0893
4280	0.0172
4281	0.0172
4282	0.0172
4283	0.0172
4284	0.0172
4285	0.0172
4286	0.0172
4287	0.0172
4288	0.0172
4289	0.0172
429	0.5
4290	0.0172
4291	0.0172
4292	0.0172
4293	0.0172
4294	0.0172
4295	0.0172
4296	0.0172
4297	0.0172
4298	0.0172
4299	0.0172
43	23.6633
430	11.8833
4300	0.0172
4301	0.0172
4302	0.0172
4303	0.0172
4304	0.0172
4305	0.0172
4306	0.0172
4307	0.0172
4308	0.0172
4309	0.0172
431	0.0476
4310	0.0172
4311	0.0172
4312	0.0172
4313	0.0172
4314	0.0172
4315	0.0172
4316	0.0172
4317	0.0172
4318	0.0172
4319	0.0172
432	0.2308
4320	0.0172
4321	0.0172
4322	0.0172
4323	0.0172
4324	0.0172
4325	0.0172
4326	0.0172
4327	0.0172
4328	0.0172
4329	0.0172
433	0.1196
4330	0.0172
4331	0.0172
4332	0.0172
4333	0.0172
4334	0.0172
4335	0.0172
4336	0.0172
4337	0.0172
4338	0.0172
4339	0.0172
434	0.1196
4340	0.0172
4341	0.0172
4342	0.0172
4343	0.0172
4344	0.0172
4345	0.0172
4346	0.0172
4347	0.0172
4348	0.0172
4349	0.0172
435	0.0345
4350	0.0172
4351	0.0172
4352	0.0172
4353	0.0172
4354	0.0172
4355	0.0172
4356	0.0172
4357	0.0172
4358	0.0172
4359	0.0172
436	0.0345
4360	0.0172
4361	0.0172
4362	0.0172
4363	0.0172
4364	0.0172
4365	0.0172
4366	0.0172
4367	0.0172
4368	0.0172
4369	0.0172
437	0.0345
4370	0.0172
4371	0.0172
4372	0.0172
4373	0.0172
4374	0.0172
4375	0.0172
4376	0.0172
4377	0.0172
4378	0.0169
4379	0.0169
438	0.0345
4380	0.0169
4381	0.0169
4382	0.0169
4383	0.0169
4384	0.0169
4385	0.0169
4386	0.0169
4387	0.0169
4388	0.0169
4389	0.0169
439	0.0345
4390	0.0169
4391	0.0169
4392	0.0169
4393	0.0169
4394	0.0169
4395	0.0169
4396	0.0169
4397	0.0169
4398	0.0169
4399	0.0169
44	10.4584
440	0.7011
4400	0.0169
4401	0.0169
4402	0.0169
4403	0.0169
4404	0.0169
4405	0.0169
4406	0.0169
4407	0.0169
4408	0.0169
4409	0.0169
441	0.25
4410	0.0169
4411	0.0169
4412	0.0169
4413	0.0169
4414	0.0169
4415	0.0169
4416	0.0169
4417	0.0169
4418	0.0169
4419	0.0169
442	0.45
4420	0.0169
4421	0.0169
4422	0.0169
4423	0.0169
4424	0.0169
4425	0.0169
4426	0.0169
4427	0.0169
4428	0.0169
4429	0.0169
443	0.45
4430	0.0169
4431	0.0169
4432	0.0169
4433	0.0169
4434	0.0169
4435	0.0169
4436	0.2083
4437	0.2083
4438	0.0833
4439	0.2083
444	0.45
4440	0.2083
4441	0.2083
4442	0.2083
4443	0.0833
4444	0.0833
4445	0.0833
4446	0.125
4447	0.625
4448	1.0095
4449	1.0075
445	0.0476
4450	1.0
4451	2.0
4452	0.3333
4453	0.3333
4454	0.3333
4455	0.125
4456	0.125
4457	0.125
4458	2.8583
4459	0.125
446	0.1974
4460	1.125
4461	1.125
4462	1.125
4463	0.0476
4464	0.0476
4465	0.0476
4466	0.0476
4467	0.0476
4468	0.0476
4469	0.0476
447	0.0476
4470	0.0476
4471	0.0476
4472	0.0476
4473	0.0476
4474	0.0476
4475	0.0476
4476	0.0476
4477	0.0476
4478	0.0476
4479	0.0476
448	0.5349
4480	0.0476
4481	0.0476
4482	0.0476
4483	1.0
4484	4.0
4485	1.0
4486	0.0204
4487	0.0204
4488	0.0204
4489	0.0204
449	2.0952
4490	0.0204
4491	0.0204
4492	0.0204
4493	0.0204
4494	0.0204
4495	0.0204
4496	0.0204
4497	0.0204
4498	0.0204
4499	0.0204
45	0.6922
450	2.3177
4500	0.0204
4501	0.0204
4502	0.0204
4503	0.0204
4504	0.0204
4505	0.0204
4506	0.0204
4507	0.0204
4508	0.0204
4509	0.0204
451	1.5181
4510	0.0204
4511	0.0204
4512	0.0204
4513	0.0204
4514	0.0204
4515	0.0204
4516	0.0204
4517	0.0204
4518	0.0204
4519	0.0204
452	0.0636
4520	0.0204
4521	0.0204
4522	0.0204
4523	0.0204
4524	0.0204
4525	0.0204
4526	0.0204
4527	0.0204
4528	0.0204
4529	0.0204
453	0.0303
4530	0.0204
4531	0.0204
4532	0.0204
4533	0.0204
4534	0.0175
4535	0.0175
4536	0.0175
4537	0.0175
4538	0.0175
4539	0.0175
454	0.0303
4540	0.0175
4541	0.0175
4542	0.0175
4543	0.0175
4544	0.0175
4545	0.0175
4546	0.0175
4547	0.0175
4548	0.0175
4549	0.0175
455	0.0303
4550	0.0175
4551	0.0175
4552	0.0175
4553	0.0175
4554	0.0175
4555	0.0175
4556	0.0175
4557	0.0175
4558	0.0175
4559	0.0175
456	0.0303
4560	0.0175
4561	0.0175
4562	0.0175
4563	0.0175
4564	0.0175
4565	0.0175
4566	0.0175
4567	0.0175
4568	0.0175
4569	0.0175
457	1.0385
4570	0.0175
4571	0.0175
4572	0.0175
4573	0.0175
4574	0.0175
4575	0.0175
4576	0.0175
4577	0.0175
4578	0.0175
4579	0.0175
458	1.0385
4580	0.0175
4581	0.0175
4582	0.0175
4583	0.0175
4584	0.0175
4585	0.0175
4586	0.0175
4587	0.0175
4588	0.0175
4589	0.0175
459	1.0385
4590	0.0172
4591	0.0172
4592	0.0172
4593	0.0172
4594	0.0172
4595	0.0172
4596	0.0172
4597	0.0172
4598	0.0172
4599	0.0172
46	3.3617
460	0.9615
4600	0.0172
4601	0.0172
4602	0.0172
4603	0.0172
4604	0.0172
4605	0.0172
4606	0.0172
4607	0.0172
4608	0.0172
4609	0.0172
461	1.0385
4610	0.0172
4611	0.0172
4612	0.0172
4613	0.0172
4614	0.0172
4615	0.0172
4616	0.0172
4617	0.0172
4618	0.0172
4619	0.0172
462	1.044
4620	0.0172
4621	0.0172
4622	0.0172
4623	0.0172
4624	0.0172
4625	0.0172
4626	0.0172
4627	0.0172
4628	0.0172
4629	0.0172
463	1.044
4630	0.0172
4631	0.0172
4632	0.0172
4633	0.0172
4634	0.0172
4635	0.0172
4636	0.0172
4637	0.0172
4638	0.0172
4639	0.0172
464	1.044
4640	0.0172
4641	0.0172
4642	0.0172
4643	0.0172
4644	0.0172
4645	0.0172
4646	0.0172
4647	0.0172
4648	0.0172
4649	0.0172
465	1.0385
4650	0.0172
4651	0.0172
4652	0.0172
4653	0.0172
4654	0.0172
4655	0.0172
4656	0.0172
4657	0.0172
4658	0.0172
4659	0.0172
466	1.0385
4660	0.0172
4661	0.0172
4662	0.0172
4663	0.0172
4664	0.0172
4665	0.0172
4666	0.0172
4667	0.0172
4668	0.0172
4669	0.0172
467	1.1154
4670	0.0172
4671	0.0172
4672	0.0172
4673	0.0172
4674	0.0172
4675	0.0172
4676	0.0172
4677	0.0172
4678	0.0172
4679	0.0172
468	1.1154
4680	0.0172
4681	0.0172
4682	0.0172
4683	0.0172
4684	0.0172
4685	0.0172
4686	0.0172
4687	0.0172
4688	0.0172
4689	0.0172
469	0.1834
4690	0.0172
4691	0.0172
4692	0.0172
4693	0.0172
4694	0.0172
4695	0.0172
4696	0.0172
4697	0.0172
4698	0.0172
4699	0.0172
47	0.3361
470	0.1635
4700	0.0172
4701	0.0172
4702	0.0172
4703	0.0172
4704	0.0169
4705	0.0169
4706	0.0169
4707	0.0169
4708	0.0169
4709	0.0169
471	0.1635
4710	0.0169
4711	0.0169
4712	0.0169
4713	0.0169
4714	0.0169
4715	0.0169
4716	0.0169
4717	0.0169
4718	0.0169
4719	0.0169
472	0.1635
4720	0.0169
4721	0.0169
4722	0.0169
4723	0.0169
4724	0.0169
4725	0.0169
4726	0.0169
4727	0.0169
4728	0.0169
4729	0.0169
473	0.1422
4730	0.0169
4731	0.0169
4732	0.0169
4733	0.0169
4734	0.0169
4735	0.0169
4736	0.0169
4737	0.0169
4738	0.0169
4739	0.0169
474	8.0588
4740	0.0169
4741	0.0169
4742	0.0169
4743	0.0169
4744	0.0169
4745	0.0169
4746	0.0169
4747	0.0169
4748	0.0169
4749	0.0169
475	1.5588
4750	0.0169
4751	0.0169
4752	0.0169
4753	0.0169
4754	0.0169
4755	0.0169
4756	0.0169
4757	0.0169
4758	0.0169
4759	0.0169
476	0.0588
4760	0.0169
4761	0.0169
4762	0.2083
4763	0.2083
4764	0.0833
4765	0.2083
4766	0.2083
4767	0.2083
4768	0.2083
4769	0.0833
477	0.0801
4770	0.0833
4771	0.0833
4772	0.125
4773	0.625
4774	0.2338
4775	0.1429
4776	0.5
4777	0.5
4778	0.1465
4779	0.1465
478	0.0801
4780	0.1465
4781	0.0556
4782	0.0556
4783	0.0556
4784	0.1984
4785	0.2556
4786	0.2556
4787	0.4056
4788	0.4056
4789	0.0556
479	0.2001
4790	0.1556
4791	0.0556
4792	0.1556
4793	0.3571
4794	0.0714
4795	0.0714
4796	0.0714
4797	0.0714
4798	0.0714
4799	2.4048
48	0.96
480	0.2644
4800	0.0714
4801	0.1111
4802	0.1429
4803	0.1429
4804	0.1429
4805	1.0
4806	3.0456
4807	0.5
4808	0.5
4809	1.0
481	0.1956
4810	3.6429
4811	1.0
4812	2.3333
4813	0.1
4814	0.1111
4815	1.0833
4816	0.0833
4817	0.0833
4818	0.0833
4819	1.0833
482	0.5667
4820	0.0833
4821	0.1429
4822	0.1429
4823	0.1429
4824	0.1429
4825	0.1429
4826	0.1429
4827	0.1429
4828	1.0
4829	1.0
483	0.1917
4830	0.5
4831	0.3333
4832	0.3333
4833	0.2
4834	0.2
4835	0.2
4836	0.2
4837	0.2
4838	1.0
4839	0.1667
484	0.1917
4840	0.3333
4841	0.3333
4842	0.3333
4843	0.5
4844	1.25
4845	0.25
4846	0.25
4847	0.25
4848	0.375
4849	0.375
485	0.1167
4850	0.375
4851	0.125
4852	0.125
4853	0.125
4854	1.0
4855	1.0
4856	1.0
4857	0.1111
4858	0.1111
4859	0.1111
486	0.0667
4860	0.3333
4861	0.3333
4862	4.0
4863	0.0978
4864	0.0978
4865	0.4228
4866	0.0978
4867	1.0978
4868	0.3478
4869	0.4228
487	0.0667
4870	0.4228
4871	0.0189
4872	0.0189
4873	0.0189
4874	0.0189
4875	0.0189
4876	0.0189
4877	0.0189
4878	0.0189
4879	0.0189
488	0.0667
4880	0.0189
4881	0.0189
4882	0.0189
4883	0.0189
4884	0.0189
4885	0.0189
4886	0.0189
4887	0.0189
4888	0.0189
4889	0.0189
489	0.0667
4890	0.0189
4891	0.0189
4892	0.0189
4893	0.0189
4894	0.0189
4895	0.0189
4896	0.0189
4897	0.0189
4898	0.0189
4899	0.0189
49	0.08
490	0.0667
4900	0.0189
4901	0.0189
4902	0.0189
4903	0.0189
4904	0.0189
4905	0.0189
4906	0.0189
4907	0.0189
4908	0.0189
4909	0.0189
491	0.0667
4910	0.0189
4911	0.0189
4912	0.0189
4913	0.0189
4914	0.0189
4915	0.0189
4916	0.0189
4917	0.0189
4918	0.0189
4919	0.0189
492	0.7667
4920	0.0189
4921	0.0189
4922	0.0189
4923	0.0189
4924	0.2
4925	0.2
4926	0.2
4927	0.2
4928	0.2
4929	1.0
493	0.0667
4930	0.1429
4931	0.1429
4932	0.1429
4933	0.1429
4934	0.1429
4935	0.1429
4936	0.1429
4937	0.0278
4938	0.0278
4939	0.0278
494	0.0476
4940	0.0278
4941	0.0278
4942	0.0278
4943	0.0278
4944	0.0278
4945	0.0278
4946	0.0278
4947	0.0278
4948	0.0278
4949	0.0278
495	0.0476
4950	0.0278
4951	0.0278
4952	0.0278
4953	0.0278
4954	0.0278
4955	0.0278
4956	0.0278
4957	0.0278
4958	0.0278
4959	0.0278
496	0.381
4960	0.0278
4961	0.0278
4962	0.0278
4963	0.3611
4964	0.0278
4965	0.0278
4966	0.0278
4967	0.0278
4968	0.0278
4969	0.0278
497	0.0476
4970	0.0278
4971	0.0278
4972	0.0303
4973	0.0303
4974	0.0303
4975	0.0303
4976	0.0303
4977	0.0303
4978	0.0303
4979	0.0303
498	1.1373
4980	0.0303
4981	0.0303
4982	0.0303
4983	0.0303
4984	0.0303
4985	0.0303
4986	0.0303
4987	0.0303
4988	0.0303
4989	0.0303
499	0.1452
4990	0.0303
4991	0.0303
4992	0.0303
4993	0.0303
4994	0.0303
4995	0.0303
4996	0.0303
4997	0.0303
4998	0.0303
4999	0.0303
5	0.0417
50	0.08
500	0.0833
5000	0.0303
5001	1.1
5002	1.1
5003	1.1
5004	1.1
5005	1.1
5006	1.1
5007	1.1
5008	0.2
5009	0.2
501	0.1667
5010	0.2
5011	0.2
5012	0.2
5013	0.2
5014	0.2
5015	0.2
5016	0.2
5017	0.2
5018	0.2
5019	0.2
502	0.2047
5020	0.2
5021	0.2
5022	0.2
5023	0.2
5024	0.2
5025	0.2
5026	0.2
5027	0.2
5028	0.2
5029	0.2
503	0.0556
5030	0.2
5031	0.2
5032	0.2
5033	0.3333
5034	0.3333
5035	0.5
5036	0.0667
5037	0.0667
5038	0.0667
5039	0.0667
504	0.0556
5040	0.0667
5041	0.0667
5042	0.0667
5043	0.0667
5044	0.0667
5045	0.0667
5046	0.0667
5047	0.0667
5048	0.0667
5049	0.0667
505	0.1796
5050	0.0667
5051	3.05
5052	0.8167
5053	0.6833
5054	0.65
5055	0.65
5056	0.65
5057	0.65
5058	0.65
5059	0.65
506	0.6304
5060	0.65
5061	0.65
5062	0.65
5063	0.6833
5064	0.7333
5065	2.8833
5066	0.5
5067	0.5
5068	0.5
5069	0.5
507	0.6304
5070	0.5
5071	0.5
5072	10.1667
5073	0.95
5074	0.75
5075	0.6667
5076	0.6667
5077	0.6667
5078	0.6667
5079	0.6667
508	0.6304
5080	0.6667
5081	0.6667
5082	0.6667
5083	0.6667
5084	0.6667
5085	0.6667
5086	0.6667
5087	0.6667
5088	0.6667
5089	0.6667
509	0.6304
5090	0.6667
5091	0.6667
5092	0.6667
5093	0.6667
5094	0.6667
5095	0.6667
5096	0.6667
5097	0.6667
5098	0.6667
5099	0.6667
510	0.6304
5100	0.6667
5101	0.6667
5102	0.6667
5103	0.6667
5104	0.6667
5105	0.6667
5106	0.6667
5107	0.6667
5108	0.6667
5109	0.6667
511	0.6304
5110	0.7833
5111	0.5
5112	7.9167
5113	0.95
5114	0.75
5115	0.6667
5116	0.6667
5117	0.6667
5118	0.6667
5119	0.6667
512	0.6304
5120	0.6667
5121	0.6667
5122	0.6667
5123	0.6667
5124	0.6667
5125	0.6667
5126	0.6667
5127	0.6667
5128	0.6667
5129	0.6667
513	0.6304
5130	0.6667
5131	0.6667
5132	0.6667
5133	0.6667
5134	0.6667
5135	0.6667
5136	0.6667
5137	0.6667
5138	0.6667
5139	0.6667
514	0.6304
5140	0.6667
5141	0.7833
5142	0.5
5143	2.6667
5144	0.95
5145	0.75
5146	0.6667
5147	0.6667
5148	0.6667
5149	0.6667
515	0.6304
5150	0.6667
5151	0.7833
5152	0.5
5153	5.6667
5154	0.95
5155	0.75
5156	0.6667
5157	0.6667
5158	0.6667
5159	0.6667
516	0.6304
5160	0.6667
5161	0.6667
5162	0.6667
5163	0.6667
5164	0.6667
5165	0.6667
5166	0.6667
5167	0.6667
5168	0.6667
5169	0.6667
517	0.6324
5170	0.6667
5171	0.6667
5172	0.6667
5173	0.7833
5174	0.5
5175	8.6667
5176	0.95
5177	0.75
5178	0.6667
5179	0.6667
518	0.6304
5180	0.6667
5181	0.6667
5182	0.6667
5183	0.6667
5184	0.6667
5185	0.6667
5186	0.6667
5187	0.6667
5188	0.6667
5189	0.6667
519	0.1984
5190	0.6667
5191	0.6667
5192	0.6667
5193	0.6667
5194	0.6667
5195	0.6667
5196	0.6667
5197	0.6667
5198	0.6667
5199	0.6667
52	26.383
520	0.1984
5200	0.6667
5201	0.6667
5202	0.6667
5203	0.6667
5204	0.6667
5205	0.6667
5206	0.6667
5207	0.7833
5208	0.5
5209	4.4167
521	0.0455
5210	0.95
5211	0.75
5212	0.6667
5213	0.6667
5214	0.6667
5215	0.6667
5216	0.6667
5217	0.6667
5218	0.6667
5219	0.6667
522	0.0931
5220	0.6667
5221	0.6667
5222	0.6667
5223	0.6667
5224	0.7833
5225	0.5
5226	7.1667
5227	0.95
5228	0.75
5229	0.6667
523	0.1431
5230	0.6667
5231	0.6667
5232	0.6667
5233	0.6667
5234	0.6667
5235	0.6667
5236	0.6667
5237	0.6667
5238	0.6667
5239	0.6667
524	0.0931
5240	0.6667
5241	0.6667
5242	0.6667
5243	0.6667
5244	0.6667
5245	0.6667
5246	0.6667
5247	0.6667
5248	0.6667
5249	0.6667
525	0.0931
5250	0.6667
5251	0.6667
5252	0.7833
5253	0.5
5254	13.4167
5255	0.95
5256	0.75
5257	0.6667
5258	0.6667
5259	0.6667
526	3.5224
5260	0.6667
5261	0.6667
5262	0.6667
5263	0.6667
5264	0.6667
5265	0.6667
5266	0.6667
5267	0.6667
5268	0.6667
5269	0.6667
527	0.5408
5270	0.6667
5271	0.6667
5272	0.6667
5273	0.6667
5274	0.6667
5275	0.6667
5276	0.6667
5277	0.6667
5278	0.6667
5279	0.6667
528	0.4489
5280	0.6667
5281	0.6667
5282	0.6667
5283	0.6667
5284	0.6667
5285	0.6667
5286	0.6667
5287	0.6667
5288	0.6667
5289	0.6667
529	0.1875
5290	0.6667
5291	0.6667
5292	0.6667
5293	0.6667
5294	0.6667
5295	0.6667
5296	0.6667
5297	0.6667
5298	0.6667
5299	0.6667
53	5.1851
530	0.1875
5300	0.6667
5301	0.6667
5302	0.6667
5303	0.6667
5304	0.6667
5305	0.7833
5306	0.5
5307	6.4167
5308	0.95
5309	0.75
531	0.0526
5310	0.6667
5311	0.6667
5312	0.6667
5313	0.6667
5314	0.6667
5315	0.6667
5316	0.6667
5317	0.6667
5318	0.6667
5319	0.6667
532	2.1115
5320	0.6667
5321	0.6667
5322	0.6667
5323	0.6667
5324	0.6667
5325	0.6667
5326	0.6667
5327	0.6667
5328	0.6667
5329	0.6667
533	0.0526
5330	0.7833
5331	0.5
5332	3.9167
5333	0.95
5334	0.75
5335	0.6667
5336	0.6667
5337	0.6667
5338	0.6667
5339	0.6667
534	0.0526
5340	0.6667
5341	0.6667
5342	0.6667
5343	0.6667
5344	0.6667
5345	0.7833
5346	0.5
5347	3.9167
5348	0.95
5349	0.75
535	0.0526
5350	0.6667
5351	0.6667
5352	0.6667
5353	0.6667
5354	0.6667
5355	0.6667
5356	0.6667
5357	0.6667
5358	0.6667
5359	0.6667
536	1.8296
5360	0.7833
5361	0.5
5362	0.2
5363	0.2
5364	0.2
5365	0.2
5366	0.2
5367	0.2
5368	0.2
5369	0.2
537	1.8296
5370	0.2
5371	0.2
5372	0.2
5373	0.2
5374	0.2
5375	0.2
5376	0.2
5377	1.0
5378	0.5
5379	0.5095
538	2.8296
5380	0.5
5381	0.5075
5382	0.0667
5383	0.0667
5384	0.0667
5385	0.0667
5386	0.0667
5387	0.0667
5388	0.0667
5389	0.0667
539	1.8527
5390	0.0667
5391	0.0667
5392	0.0667
5393	0.0667
5394	0.0667
5395	0.0667
5396	0.0667
5397	3.05
5398	0.8167
5399	0.6833
54	2.6175
540	1.8296
5400	0.65
5401	0.65
5402	0.65
5403	0.65
5404	0.65
5405	0.65
5406	0.65
5407	0.65
5408	0.65
5409	0.6833
541	1.8527
5410	0.7333
5411	2.8833
5412	0.5
5413	0.5
5414	0.5
5415	0.5
5416	0.5
5417	0.5
5418	0.1111
5419	0.1111
542	1.8296
5420	0.1111
5421	1.0
5422	0.125
5423	0.125
5424	0.3333
5425	0.3333
5426	0.1111
5427	0.1111
5428	0.1111
5429	0.2857
543	1.7387
5430	0.2857
5431	0.2857
5432	0.4286
5433	0.4286
5434	0.4286
5435	9.8452
5436	0.5
5437	0.5
5438	1.0
5439	0.25
544	1.8296
5440	0.25
5441	0.25
5442	0.3333
5443	0.3333
5444	0.3333
5445	0.3333
5446	0.3333
5447	0.5
5448	0.5
5449	2.0456
545	1.8629
5450	2.0456
5451	2.0456
5452	2.0456
5453	2.2123
5454	2.1012
5455	0.75
5456	5.75
5457	0.25
5458	0.25
5459	1.0
546	1.8296
5460	0.0909
5461	0.0909
5462	0.0909
5463	0.0909
5464	0.5
5465	0.5
5466	0.3333
5467	0.3333
5468	6.0
5469	1.0
547	0.4137
5470	1.0
5471	1.0
5472	0.125
5473	0.125
5474	0.125
5475	0.125
5476	0.125
5477	0.125
5478	0.125
5479	0.125
548	0.0556
5480	0.3333
5481	0.3333
5482	0.3333
5483	2.0
5484	1.0
5485	0.5
5486	0.25
5487	0.25
5488	0.25
5489	0.25
549	0.25
5490	0.225
5491	0.125
5492	0.25
5493	0.25
5494	0.1685
5495	0.225
5496	0.225
5497	3.25
5498	0.25
5499	0.25
55	2.3621
550	0.05
5500	0.25
5501	0.25
5502	1.0
5503	0.3333
5504	0.3333
5505	0.3333
5506	0.1111
5507	0.1111
5508	0.1111
5509	1.0
551	0.1056
5510	1.5542
5511	0.2
5512	0.25
5513	1.0
5514	0.3333
5515	0.3333
5516	0.5
5517	0.5
5518	0.3333
5519	0.3333
552	0.05
5520	0.3333
5521	1.0
5522	1.0
5523	3.9167
5524	0.95
5525	0.75
5526	0.6667
5527	0.6667
5528	0.6667
5529	0.6667
553	0.0935
5530	0.6667
5531	0.6667
5532	0.6667
5533	0.6667
5534	0.6667
5535	0.6667
5536	0.7833
5537	0.5
5538	0.2
5539	0.2
554	0.2774
5540	0.2
5541	0.2
5542	0.2
5543	0.2
5544	0.2
5545	0.2
5546	0.2
5547	0.2
5548	0.2
5549	0.2
555	0.2816
5550	0.2
5551	0.2
5552	0.2
5553	0.0095
5554	0.0095
5555	0.0095
5556	0.0095
5557	0.0095
5558	0.0095
5559	0.0095
556	0.2816
5560	0.0095
5561	0.0095
5562	0.0095
5563	0.0095
5564	0.0095
5565	0.0095
5566	0.0095
5567	0.0095
5568	0.0095
5569	0.0095
557	1.0
5570	0.0095
5571	0.0095
5572	0.0095
5573	0.0095
5574	0.0095
5575	0.0095
5576	0.0095
5577	0.0095
5578	0.0095
5579	0.0095
558	0.1667
5580	0.0095
5581	0.0095
5582	0.0095
5583	0.0095
5584	0.0095
5585	0.0095
5586	0.0095
5587	0.0095
5588	0.0095
5589	0.0095
559	0.1667
5590	0.0095
5591	0.0095
5592	0.0095
5593	0.0095
5594	0.0095
5595	0.0095
5596	0.0095
5597	0.0095
5598	0.0095
5599	0.0095
56	2.3975
560	0.1667
5600	0.0095
5601	0.0095
5602	0.0095
5603	0.0095
5604	0.0095
5605	0.0095
5606	0.0095
5607	0.0095
5608	0.0095
5609	0.0095
561	0.2
5610	0.0095
5611	0.0095
5612	0.0095
5613	0.0095
5614	0.0095
5615	0.0095
5616	0.0095
5617	0.0095
5618	0.0095
5619	0.0095
562	0.2
5620	0.0095
5621	0.0095
5622	0.0095
5623	0.0095
5624	0.0095
5625	0.0095
5626	0.0095
5627	0.0095
5628	0.0095
5629	0.0095
563	0.2
5630	0.0095
5631	0.0095
5632	0.0095
5633	0.0095
5634	0.0095
5635	0.0095
5636	0.0095
5637	0.0095
5638	0.0095
5639	0.0095
564	0.2
5640	0.0095
5641	0.0095
5642	0.0095
5643	0.0095
5644	0.0095
5645	0.0095
5646	0.0095
5647	0.0095
5648	0.0095
5649	0.0095
565	0.25
5650	0.0095
5651	0.0095
5652	0.0095
5653	0.0095
5654	0.0095
5655	0.0075
5656	0.0075
5657	0.0075
5658	0.0075
5659	0.0075
566	0.04
5660	0.0075
5661	0.0075
5662	0.0075
5663	0.0075
5664	0.0075
5665	0.0075
5666	0.0075
5667	0.0075
5668	0.0075
5669	0.0075
567	0.0613
5670	0.0075
5671	0.0075
5672	0.0075
5673	0.0075
5674	0.0075
5675	0.0075
5676	0.0075
5677	0.0075
5678	0.0075
5679	0.0075
568	0.0613
5680	0.0075
5681	0.0075
5682	0.0075
5683	0.0075
5684	0.0075
5685	0.0075
5686	0.0075
5687	0.0075
5688	0.0075
5689	0.0075
569	0.1589
5690	0.0075
5691	0.0075
5692	0.0075
5693	0.0075
5694	0.0075
5695	0.0075
5696	0.0075
5697	0.0075
5698	0.0075
5699	0.0075
57	3.1209
570	0.0613
5700	0.0075
5701	0.0075
5702	0.0075
5703	0.0075
5704	0.0075
5705	0.0075
5706	0.0075
5707	0.0075
5708	0.0075
5709	0.0075
571	0.04
5710	0.0075
5711	0.0075
5712	0.0075
5713	0.0075
5714	0.0075
5715	0.0075
5716	0.0075
5717	0.0075
5718	0.0075
5719	0.0075
572	0.04
5720	0.0075
5721	0.0075
5722	0.0075
5723	0.0075
5724	0.0075
5725	0.0075
5726	0.0075
5727	0.0075
5728	0.0075
5729	0.0075
573	0.04
5730	0.0075
5731	0.0075
5732	0.0075
5733	0.0075
5734	0.0075
5735	0.0075
5736	0.0075
5737	0.0075
5738	0.0075
5739	0.0075
574	0.04
5740	0.0075
5741	0.0075
5742	0.0075
5743	0.0075
5744	0.0075
5745	0.0075
5746	0.0075
5747	0.0075
5748	0.0075
5749	0.0075
575	0.04
5750	0.0075
5751	0.0075
5752	0.0075
5753	0.0075
5754	0.0075
5755	0.0075
5756	0.0075
5757	0.0075
5758	0.0075
5759	0.0075
576	0.04
5760	0.0075
5761	0.0075
5762	0.0075
5763	0.0075
5764	0.0075
5765	0.0075
5766	0.0075
5767	0.0075
5768	0.0075
5769	0.0075
577	0.04
5770	0.0075
5771	0.0075
5772	0.0075
5773	0.0075
5774	0.0075
5775	0.0075
5776	0.0075
5777	0.0075
5778	0.0075
5779	0.0075
578	3.4857
5780	0.0075
5781	0.0075
5782	0.0075
5783	0.0075
5784	0.0075
5785	3.9167
5786	0.95
5787	0.75
5788	0.6667
5789	0.6667
579	0.2
5790	0.6667
5791	0.6667
5792	0.6667
5793	0.6667
5794	0.6667
5795	0.6667
5796	0.6667
5797	0.6667
5798	0.7833
5799	0.5
58	2.3641
580	0.2
5800	0.2
5801	0.2
5802	0.2
5803	0.2
5804	0.2
5805	0.2
5806	0.2
5807	0.2
5808	0.2
5809	0.2
581	0.25
5810	0.2
5811	0.2
5812	0.2
5813	0.2
5814	0.2
5815	0.3333
5816	0.3333
5817	0.1429
5818	1.0
5819	0.3333
582	0.0976
5820	0.5
5821	0.5
5822	0.1111
5823	1.1111
5824	0.1667
5825	1.0
5826	0.1429
5827	0.1429
5828	0.6429
5829	0.1429
583	0.0976
5830	0.1429
5831	0.1429
5832	1.0
5833	1.0
5834	1.0
5835	0.1429
5836	0.1429
5837	0.1429
5838	0.1429
5839	0.1429
584	0.05
5840	0.1429
5841	0.1429
5842	0.5
5843	0.5
5844	0.5
5845	0.0435
5846	0.0435
5847	0.0435
5848	0.1685
5849	0.0435
585	0.7643
5850	0.0435
5851	0.0435
5852	0.0435
5853	0.0435
5854	0.0435
5855	0.0435
5856	0.1685
5857	0.0435
5858	0.1685
5859	0.0435
586	0.0976
5860	0.1685
5861	0.0435
5862	0.1685
5863	0.0435
5864	0.0435
5865	0.0435
5866	0.1685
5867	1.0
5868	0.037
5869	0.037
587	1.05
5870	0.037
5871	0.037
5872	0.037
5873	0.037
5874	0.037
5875	1.037
5876	0.037
5877	1.037
5878	0.037
5879	0.037
588	0.05
5880	0.037
5881	0.037
5882	0.037
5883	0.037
5884	0.037
5885	0.037
5886	0.037
5887	0.037
5888	0.037
5889	0.037
589	0.0588
5890	0.037
5891	0.037
5892	0.0452
5893	1.0244
5894	0.0452
5895	0.0452
5896	0.0452
5897	0.0452
5898	0.0452
5899	0.0452
59	2.3575
590	0.0588
5900	0.0452
5901	0.0452
5902	0.0452
5903	0.0452
5904	0.0452
5905	0.0452
5906	0.0452
5907	0.0452
5908	0.0452
5909	0.0452
591	0.0588
5910	0.0452
5911	0.0452
5912	0.0452
5913	0.0244
5914	0.0452
5915	0.0452
5916	0.0452
5917	0.0452
5918	0.0452
5919	0.0244
592	0.0588
5920	1.0
5921	0.5
5922	0.125
5923	0.125
5924	0.125
5925	0.125
5926	0.125
5927	0.125
5928	0.125
5929	0.125
593	1.0
5930	1.0
5931	1.0
5932	1.0
5933	1.0
5934	1.0
5935	1.0
5936	0.5556
5937	0.5
5938	0.5
5939	1.0
594	0.58
5940	0.1
5941	0.1
5942	0.1
5943	0.1
5944	0.1
5945	0.1
5946	0.1
5947	0.125
5948	1.125
5949	0.125
595	0.04
5950	0.125
5951	1.0
5952	0.5
5953	0.6667
5954	1.0
5955	1.8333
5956	1.0
5957	1.0
5958	0.0208
5959	0.0208
596	0.04
5960	0.0208
5961	0.0208
5962	0.0208
5963	0.0208
5964	0.0208
5965	0.0208
5966	0.0208
5967	0.0208
5968	0.1667
5969	0.1667
597	0.04
5970	0.1667
5971	0.1667
5972	0.1667
5973	0.1667
5974	1.0
5975	0.125
5976	0.5556
5977	0.5556
5978	0.0556
5979	0.0556
598	0.2048
5980	0.0556
5981	0.0556
5982	0.0556
5983	0.0556
5984	0.0556
5985	0.0556
5986	0.0556
5987	0.0556
5988	0.0556
5989	0.0556
599	0.0667
5990	0.0556
5991	0.0556
5992	1.0
5993	0.125
5994	0.125
5995	0.125
5996	0.1667
5997	0.1667
5998	0.1667
5999	0.1667
6	0.0417
60	2.1491
600	0.0435
6000	0.1667
6001	0.3333
6002	0.3333
6003	0.4762
6004	0.8333
6005	1.0
6006	0.1429
6007	0.1429
6008	0.1429
6009	0.1429
601	0.0435
6010	0.1429
6011	0.1429
6012	0.3333
602	0.0435
603	0.0435
604	0.0435
605	0.0435
606	0.0435
607	0.0435
608	0.0435
609	0.0435
61	24.1851
610	0.0435
611	0.5
612	0.8333
613	0.3482
614	0.8249
615	0.0455
616	0.2955
617	0.0667
618	0.0667
619	0.0667
62	0.9573
620	0.5
621	9.2293
622	0.2365
623	0.2293
624	0.2194
625	0.1381
626	0.1381
627	0.5
628	0.4
629	0.4
63	3.2414
630	17.5607
631	0.9667
632	0.0556
633	0.0556
634	0.0556
635	0.0556
636	0.0556
637	0.0556
638	0.0455
639	0.0455
64	1.8343
640	0.0455
641	0.0455
642	0.0455
643	0.0455
644	0.0455
645	0.0455
646	0.0455
647	0.0455
648	0.5072
649	0.5072
65	2.0438
650	0.5072
651	0.5094
652	0.5072
653	0.5072
654	0.5072
655	0.5072
656	0.5132
657	0.5094
658	0.0435
659	0.0435
66	1.8366
660	0.0435
661	0.0435
662	0.0435
663	0.0435
664	0.0435
665	0.1149
666	0.1149
667	0.1485
668	0.0588
669	0.25
67	1.7003
670	0.2436
671	0.1364
672	0.1364
673	1.6364
674	0.7818
675	0.1324
676	0.1344
677	1.1344
678	0.7779
679	0.0526
68	2.1403
680	0.0526
681	0.0526
682	0.0526
683	0.0526
684	0.0526
685	0.0526
686	0.0526
687	0.25
688	0.25
689	0.25
69	3.1766
690	0.0588
691	0.0588
692	0.0588
693	0.0588
694	0.0588
695	0.0588
696	0.0588
697	0.0588
698	0.0588
699	0.0588
7	9.7544
70	8.6584
700	0.0588
701	0.0588
702	0.0588
703	0.0588
704	0.0588
705	0.0588
706	0.0588
707	0.0769
708	0.0769
709	0.1082
71	4.0135
710	1.0217
711	0.0217
712	1.0217
713	0.0217
714	0.0217
715	0.0217
716	0.0217
717	0.0217
718	0.0217
719	0.0217
72	3.7229
720	0.0217
721	0.0217
722	0.1051
723	0.0217
724	0.1051
725	0.0217
726	0.0217
727	0.0217
728	0.0217
729	0.0217
73	11.1903
730	0.0217
731	0.0217
732	0.0217
733	0.0217
734	0.0217
735	0.0217
736	0.0217
737	0.0217
738	0.0217
739	0.0217
74	1.3269
740	0.0217
741	0.0217
742	0.0217
743	0.0217
744	0.0217
745	1.0217
746	0.0217
747	0.0217
748	0.0217
749	0.0217
75	0.6736
750	0.0217
751	0.5217
752	0.0217
753	0.0217
754	0.0217
755	0.0435
756	0.0435
757	0.0435
758	0.0435
759	0.0435
76	0.7178
760	0.0435
761	0.0435
762	0.0435
763	0.2584
764	0.2555
765	0.2611
766	1.0444
767	0.3111
768	0.0476
769	0.2584
77	0.245
770	0.2584
771	0.0714
772	0.0625
773	0.0625
774	0.0588
775	0.1255
776	0.1255
777	0.0588
778	0.0625
779	0.0625
78	0.3495
780	0.0625
781	0.0625
782	1.0
783	0.05
784	0.2375
785	0.2338
786	0.2338
787	0.2338
788	0.0588
789	0.0588
79	0.2239
790	0.0588
791	0.0625
792	0.0625
793	0.0625
794	0.1213
795	0.1213
796	0.0588
797	0.0588
798	0.0588
799	0.0588
8	0.2805
80	2.3269
800	0.0417
801	0.125
802	0.1484
803	0.1048
804	0.0455
805	0.0455
806	0.0455
807	0.0455
808	0.101
809	0.101
81	2.6418
810	0.2729
811	0.2745
812	0.2729
813	0.2729
814	0.2729
815	0.2729
816	0.3129
817	0.3219
818	0.2667
819	0.2625
82	0.6445
820	0.2625
821	0.2625
822	20.1678
823	0.6653
824	0.0769
825	0.0588
826	0.6347
827	0.1394
828	10.7444
829	0.1333
83	0.3415
830	0.0588
831	0.3056
832	0.3056
833	0.3056
834	0.3056
835	0.3056
836	0.3333
837	0.6375
838	0.2655
839	1.603
84	0.4299
840	2.103
841	1.103
842	0.5919
843	0.0919
844	0.0919
845	0.0919
846	0.0919
847	0.0919
848	0.0919
849	0.0919
85	9.0685
850	0.0919
851	0.0919
852	0.0919
853	0.0919
854	0.0919
855	0.0919
856	0.0919
857	0.0919
858	0.0919
859	0.0919
86	2.972
860	0.0919
861	0.0919
862	0.0919
863	0.0919
864	0.0919
865	0.0919
866	0.0919
867	0.0919
868	0.0919
869	0.1429
87	5.3608
870	0.0556
871	0.0556
872	0.0769
873	0.0769
874	0.0769
875	1.0
876	0.6292
877	0.2542
878	0.2542
879	0.1792
88	9.0685
880	17.6232
881	0.1292
882	0.1292
883	0.1292
884	0.1292
885	0.1292
886	0.1292
887	1.0292
888	0.1292
889	0.0476
89	3.5007
890	1.0476
891	0.0476
892	0.25
893	0.75
894	0.25
895	0.25
896	0.1667
897	0.1667
898	0.1667
899	0.1667
9	0.2417
90	9.1085
900	0.0213
901	0.0213
902	0.0213
903	0.0213
904	0.0213
905	0.0213
906	0.0213
907	0.0213
908	0.0213
909	0.0213
91	9.1085
910	0.0213
911	0.0213
912	0.0213
913	0.0213
914	0.0213
915	0.0213
916	0.0213
917	0.0213
918	0.0801
919	0.0213
92	9.6318
920	0.0801
921	0.0213
922	0.0213
923	0.2713
924	0.0213
925	0.0213
926	0.0213
927	0.0213
928	0.0213
929	0.0213
93	3.5442
930	0.0213
931	0.0801
932	0.0213
933	0.0213
934	0.0213
935	0.0769
936	0.1169
937	0.1154
938	0.6462
939	0.0588
94	0.0417
940	0.0588
941	0.0588
942	0.0588
943	0.0833
944	0.0833
945	0.5303
946	0.5367
947	0.2978
948	0.2945
949	0.232
95	0.0417
950	0.2908
951	0.2945
952	0.3449
953	0.4034
954	0.4034
955	0.4004
956	0.4215
957	1.4004
958	0.1742
959	0.1742
96	0.0417
960	0.1
961	0.3713
962	0.3713
963	0.6301
964	0.3676
965	0.3676
966	0.3676
967	0.3676
968	0.5952
969	0.5952
97	0.0417
970	1.5217
971	0.0909
972	0.4546
973	0.4575
974	0.4513
975	0.4513
976	0.4546
977	0.4513
978	0.4513
979	0.5455
98	0.0417
980	0.0909
981	2.325
982	0.3255
983	0.3213
984	0.3292
985	0.6547
986	0.3213
987	0.1623
988	0.1548
989	0.0714
99	0.0417
990	0.0667
991	2.7346
992	1.4
993	5.6
994	0.0667
995	1.9595
996	0.0833
997	0.0833
998	0.3077
999	0.3022
