1	0.1056
10	1.1311
100	2.0E-4
1000	0.0092
1001	0.0092
1002	0.0088
1003	0.0059
1004	0.0068
1005	0.0059
1006	0.0082
1007	0.0082
1008	0.0088
1009	0.008
101	2.0E-4
1010	0.0073
1011	0.0073
1012	0.0076
1013	0.0076
1014	0.0076
1015	0.0091
1016	0.009
1017	0.009
1018	0.008
1019	0.0081
102	0.0082
1020	0.8359
1021	2.449
1022	0.0058
1023	3.0E-4
1024	8.0E-4
1025	0.0785
1026	0.0785
1027	0.0208
1028	0.0051
1029	0.0069
103	2.0E-4
1030	0.0088
1031	8.0E-4
1032	1.0E-4
1033	0.0088
1034	0.4884
1035	0.0056
1036	0.0056
1037	0.0056
1038	0.0091
1039	1.0715
104	2.0E-4
1040	1.0715
1041	1.0715
1042	1.0715
1043	1.0715
1044	1.0715
1045	1.0715
1046	1.0715
1047	1.0715
1048	1.0715
1049	1.0715
105	2.0E-4
1050	1.0715
1051	1.0715
1052	1.0715
1053	1.0715
1054	1.0715
1055	1.0715
1056	1.0715
1057	1.0715
1058	1.0715
1059	1.0715
106	2.1881
1060	1.0715
1061	1.0715
1062	1.0715
1063	1.0715
1064	1.0715
1065	1.0715
1066	3.0E-4
1067	3.0E-4
1068	3.0E-4
1069	3.0E-4
107	0.7289
1070	3.0E-4
1071	3.0E-4
1072	3.0E-4
1073	3.0E-4
1074	3.0E-4
1075	3.0E-4
1076	3.0E-4
1077	3.0E-4
1078	3.0E-4
1079	3.0E-4
108	0.4106
1080	3.0E-4
1081	3.0E-4
1082	3.0E-4
1083	3.0E-4
1084	3.0E-4
1085	3.0E-4
1086	3.0E-4
1087	3.0E-4
1088	3.0E-4
1089	3.0E-4
109	0.3745
1090	3.0E-4
1091	3.0E-4
1092	3.0E-4
1093	3.0E-4
1094	3.0E-4
1095	3.0E-4
1096	3.0E-4
1097	7.0E-4
1098	7.0E-4
1099	7.0E-4
11	0.0048
110	0.3745
1100	0.037
1101	0.0432
1102	0.0127
1103	0.0127
1104	0.0127
1105	0.0127
1106	0.0127
1107	0.0127
1108	0.0127
1109	0.0127
111	1.4321
1110	0.0127
1111	0.0127
1112	0.0127
1113	0.0127
1114	0.0127
1115	0.0127
1116	0.0127
1117	0.0127
1118	0.0127
1119	0.0127
112	1.4877
1120	0.0127
1121	0.0127
1122	0.0127
1123	0.0127
1124	0.0127
1125	0.0127
1126	0.0127
1127	0.0127
1128	0.0127
1129	0.0127
113	0.6368
1130	0.0127
1131	0.0127
1132	0.0127
1133	0.0127
1134	0.0127
1135	0.0127
1136	0.0127
1137	0.0127
1138	0.0127
1139	0.0127
114	0.379
1140	0.0127
1141	0.0127
1142	0.0127
1143	0.0127
1144	0.0127
1145	0.0127
1146	0.0127
1147	0.0127
1148	0.0127
1149	0.0127
115	0.6903
1150	0.0127
1151	0.0127
1152	0.0127
1153	0.0127
1154	0.0127
1155	0.0127
1156	0.0127
1157	0.0127
1158	0.0127
1159	0.0
116	1.1815
1160	0.0
1161	3.0E-4
1162	0.0
1163	0.0
1164	0.0
1165	0.0
1166	0.0
1167	0.0
1168	0.0
1169	0.0
117	0.4861
1170	0.0
1171	0.0
1172	0.0
1173	0.0
1174	0.0
1175	0.0
1176	0.0
1177	0.001
1178	0.0053
1179	0.0
118	1.2199
1180	0.0
1181	0.0
1182	0.0
1183	0.0
1184	0.0
1185	0.0
1186	0.0
1187	8.0E-4
1188	8.0E-4
1189	8.0E-4
119	2.9387
1190	8.0E-4
1191	9.0E-4
1192	9.0E-4
1193	0.0024
1194	0.0026
1195	0.0025
1196	0.001
1197	0.001
1198	6.0E-4
1199	0.1582
12	0.0063
120	1.2993
1200	6.0E-4
1201	6.0E-4
1202	6.0E-4
1203	6.0E-4
1204	6.0E-4
1205	6.0E-4
1206	6.0E-4
1207	3.0E-4
1208	4.0E-4
1209	4.0E-4
121	1.1873
1210	3.0E-4
1211	3.0E-4
1212	3.0E-4
1213	0.0051
1214	6.0E-4
1215	0.2263
1216	0.3528
1217	0.2263
1218	0.2263
1219	9.0E-4
122	1.2993
1220	9.0E-4
1221	0.0
1222	0.0
1223	0.0
1224	0.0
1225	8.0E-4
1226	8.0E-4
1227	0.0047
1228	0.0047
1229	0.0047
123	1.8425
1230	0.0047
1231	0.0047
1232	0.0047
1233	0.0047
1234	0.0
1235	0.0
1236	0.0
1237	0.0
1238	0.0
1239	0.0
124	1.6915
1240	0.0
1241	0.0
1242	0.0
1243	0.0
1244	0.0
1245	0.0
1246	0.0
1247	0.0
1248	0.0
1249	0.0
125	1.7011
1250	0.0
1251	0.0
1252	0.0
1253	0.0
1254	0.0
1255	0.0
1256	0.0
1257	0.0
1258	0.0
1259	0.0
126	1.7094
1260	0.0
1261	0.0
1262	0.0
1263	0.0
1264	0.0
1265	0.0
1266	0.0
1267	0.0
1268	0.0
1269	0.0059
127	0.5301
1270	0.0059
1271	0.0059
1272	0.0059
1273	0.0059
1274	0.0059
1275	0.0059
1276	0.0059
1277	0.0059
1278	0.0059
1279	0.0052
128	0.5301
1280	0.0052
1281	0.0052
1282	0.0052
1283	0.0052
1284	0.0
1285	0.0
1286	0.0
1287	0.0
1288	0.0145
1289	0.0145
129	0.4989
1290	0.0145
1291	0.022
1292	0.0095
1293	0.0617
1294	0.0617
1295	0.0027
1296	0.0027
1297	0.0
1298	0.0
1299	0.0
13	0.0048
130	0.4722
1300	3.0E-4
1301	0.0
1302	0.0
1303	0.0
1304	0.0
1305	2.0E-4
1306	2.0E-4
1307	2.0E-4
1308	0.0
1309	0.0016
131	0.3928
1310	0.0
1311	9.0E-4
1312	4.0E-4
1313	3.0E-4
1314	3.0E-4
1315	3.0E-4
1316	3.0E-4
1317	3.0E-4
1318	3.0E-4
1319	3.0E-4
132	4.9432
1320	3.0E-4
1321	3.0E-4
1322	3.0E-4
1323	3.0E-4
1324	3.0E-4
1325	3.0E-4
1326	3.0E-4
1327	3.0E-4
1328	3.0E-4
1329	3.0E-4
133	0.1628
1330	3.0E-4
1331	3.0E-4
1332	3.0E-4
1333	3.0E-4
1334	3.0E-4
1335	3.0E-4
1336	3.0E-4
1337	3.0E-4
1338	3.0E-4
1339	3.0E-4
134	0.1491
1340	5.0E-4
1341	4.0E-4
1342	0.0015
1343	0.0015
1344	5.0E-4
1345	0.0086
1346	0.0017
1347	0.0017
1348	0.0017
1349	0.0017
135	0.1775
1350	0.0017
1351	0.0017
1352	0.0017
1353	0.0017
1354	0.0017
1355	0.0017
1356	0.0017
1357	0.0017
1358	0.0017
1359	0.0017
136	0.1892
1360	0.0017
1361	0.0017
1362	2.0E-4
1363	0.0236
1364	0.0236
1365	0.0017
1366	0.0016
1367	0.0016
1368	0.0016
1369	0.0016
137	0.2027
1370	0.5854
1371	0.0509
1372	0.0172
1373	0.0225
1374	0.0395
1375	0.0159
1376	0.0099
1377	0.0099
1378	0.0038
1379	0.7046
138	0.2916
1380	0.0034
1381	0.0035
1382	0.002
1383	0.002
1384	0.002
1385	0.002
1386	0.002
1387	0.002
1388	0.002
1389	0.002
139	0.052
1390	0.0
1391	2.0E-4
1392	0.0
1393	0.0
1394	0.0
1395	0.0
1396	2.0E-4
1397	2.0E-4
1398	3.0E-4
1399	2.0E-4
14	0.5207
140	0.0497
1400	2.0E-4
1401	2.0E-4
1402	0.0
1403	0.0
1404	0.0
1405	0.0
1406	0.0
1407	0.0
1408	0.0147
1409	0.0376
141	0.0454
1410	0.0376
1411	0.0376
1412	0.0376
1413	0.0376
1414	0.0376
1415	0.0376
1416	0.045
1417	0.0579
1418	0.0376
1419	0.0572
142	0.2206
1420	0.0572
1421	0.0376
1422	1.0E-4
1423	1.0E-4
1424	2.0E-4
1425	2.0E-4
1426	2.0E-4
1427	2.0E-4
1428	2.0E-4
1429	2.0E-4
143	0.3046
1430	1.0E-4
1431	1.0E-4
1432	1.0E-4
1433	0.0107
1434	0.0107
1435	0.0107
1436	0.0107
1437	0.0107
1438	3.0E-4
1439	3.0E-4
144	0.0663
1440	0.0014
1441	0.0018
1442	0.0073
1443	0.4609
1444	0.0015
1445	4.0E-4
1446	3.0E-4
1447	3.0E-4
1448	3.0E-4
1449	3.0E-4
145	0.5678
1450	3.0E-4
1451	3.0E-4
1452	3.0E-4
1453	3.0E-4
1454	3.0E-4
1455	3.0E-4
1456	3.0E-4
1457	0.0014
1458	6.0E-4
1459	0.0011
146	0.0454
1460	0.0012
1461	0.0111
1462	0.0111
1463	0.0111
1464	0.0111
1465	0.0111
1466	0.0111
1467	4.0745
1468	5.0E-4
1469	0.0055
147	0.0454
1470	0.0055
1471	0.0055
1472	0.0059
1473	4.0E-4
1474	4.0E-4
1475	4.0E-4
1476	4.0E-4
1477	4.0E-4
1478	4.0E-4
1479	4.0E-4
148	0.209
1480	4.0E-4
1481	4.0E-4
1482	4.0E-4
1483	2.0E-4
1484	2.0E-4
1485	2.0E-4
1486	2.0E-4
1487	0.0036
1488	0.0027
1489	0.0036
149	0.0595
1490	0.0027
1491	0.0021
1492	0.0021
1493	0.0022
1494	0.0028
1495	5.0E-4
1496	5.0E-4
1497	5.0E-4
1498	5.0E-4
1499	0.0022
15	0.005
150	0.0594
1500	5.0E-4
1501	5.0E-4
1502	0.0022
1503	0.0022
1504	5.0E-4
1505	0.0022
1506	0.0014
1507	0.0162
1508	0.0017
1509	2.0E-4
151	0.1329
1510	2.0E-4
1511	2.0E-4
1512	2.0E-4
1513	2.0E-4
1514	2.0E-4
1515	2.0E-4
1516	2.0E-4
1517	2.0E-4
1518	4.0E-4
1519	6.0E-4
152	0.0406
1520	2.0E-4
1521	2.0E-4
1522	2.0E-4
1523	2.0E-4
1524	2.0E-4
1525	2.0E-4
1526	2.0E-4
1527	3.0E-4
1528	3.0E-4
1529	2.0E-4
153	0.1345
1530	2.0E-4
1531	2.0E-4
1532	2.0E-4
1533	0.0506
1534	1.0E-4
1535	1.0E-4
1536	1.0E-4
1537	3.0E-4
1538	0.5123
1539	0.8039
154	8.0E-4
1540	1.1142
1541	1.114
1542	0.5123
1543	0.0037
1544	0.0
1545	0.0
1546	0.0
1547	0.0
1548	0.0
1549	0.0
155	0.2766
1550	0.0
1551	1.0E-4
1552	2.0E-4
1553	2.0E-4
1554	2.0E-4
1555	2.0E-4
1556	2.0E-4
1557	2.0E-4
1558	2.0E-4
1559	2.0E-4
156	0.1157
1560	2.0E-4
1561	2.0E-4
1562	2.0E-4
1563	2.0E-4
1564	2.0E-4
1565	0.0
1566	0.0
1567	0.0
1568	0.0
1569	0.0
157	0.2847
1570	0.0
1571	0.0
1572	0.0
1573	0.0
1574	0.0
1575	0.0
1576	0.0
1577	0.0
1578	0.0
1579	0.0
158	0.3323
1580	0.0
1581	0.0
1582	0.0
1583	0.0
1584	0.0
1585	0.0
1586	0.0
1587	0.0
1588	0.0
1589	0.0011
159	0.2847
1590	9.0E-4
1591	9.0E-4
1592	0.0
1593	0.0
1594	0.0
1595	0.0
1596	0.0
1597	0.0
1598	0.0
1599	0.0
16	2.018
160	0.3055
1600	0.0
1601	0.0
1602	0.0132
1603	0.0132
1604	0.0132
1605	0.0132
1606	0.0132
1607	3.0E-4
1608	0.1087
1609	0.1087
161	0.2932
1610	0.1087
1611	0.1087
1612	0.1087
1613	0.1087
1614	0.0051
1615	0.0051
1616	0.0051
1617	0.0051
1618	0.0051
1619	1.0E-4
162	0.2847
1620	0.1257
1621	0.0952
1622	0.0952
1623	0.0952
1624	0.0952
1625	0.0952
1626	1.0E-4
1627	1.0E-4
1628	1.0E-4
1629	1.0E-4
163	0.2766
1630	1.0E-4
1631	1.0E-4
1632	1.0E-4
1633	1.0E-4
1634	1.0E-4
1635	1.0E-4
1636	1.0E-4
1637	1.0E-4
1638	1.0E-4
1639	1.0E-4
164	0.1682
1640	1.0E-4
1641	1.0E-4
1642	1.0E-4
1643	1.0E-4
1644	1.0E-4
1645	1.0E-4
1646	1.0E-4
1647	1.0E-4
1648	1.0E-4
1649	1.0E-4
165	0.2766
1650	1.0E-4
1651	1.0E-4
1652	1.0E-4
1653	1.0E-4
1654	1.0E-4
1655	1.0E-4
1656	1.0E-4
1657	1.0E-4
1658	1.0E-4
1659	1.0E-4
166	0.2924
1660	1.0E-4
1661	1.0E-4
1662	1.0E-4
1663	1.0E-4
1664	1.0E-4
1665	0.2845
1666	0.4412
1667	0.2845
1668	0.2845
1669	0.0178
167	0.2766
1670	0.0178
1671	0.021
1672	0.0178
1673	0.0178
1674	0.0178
1675	0.0178
1676	0.0178
1677	0.0178
1678	4.2722
1679	0.0267
168	0.2438
1680	2.0E-4
1681	3.0E-4
1682	3.0E-4
1683	0.002
1684	3.0E-4
1685	3.0E-4
1686	3.0E-4
1687	2.0E-4
1688	0.0015
1689	2.0E-4
169	0.2438
1690	2.0E-4
1691	2.0E-4
1692	2.0E-4
1693	2.0E-4
1694	2.0E-4
1695	2.0E-4
1696	2.0E-4
1697	2.0E-4
1698	2.0E-4
1699	2.0E-4
17	0.0051
170	0.2438
1700	2.0E-4
1701	2.0E-4
1702	2.0E-4
1703	2.0E-4
1704	2.0E-4
1705	2.0E-4
1706	1.0E-4
1707	2.0E-4
1708	2.0E-4
1709	2.0E-4
171	0.2446
1710	2.0E-4
1711	2.0E-4
1712	2.0E-4
1713	2.0E-4
1714	2.0E-4
1715	2.0E-4
1716	2.0E-4
1717	2.0E-4
1718	2.0E-4
1719	2.0E-4
172	0.2438
1720	2.0E-4
1721	2.0E-4
1722	2.0E-4
1723	1.0E-4
1724	1.0E-4
1725	1.0E-4
1726	1.0E-4
1727	1.0E-4
1728	1.0E-4
1729	1.0E-4
173	0.2388
1730	1.0E-4
1731	1.0E-4
1732	1.0E-4
1733	1.0E-4
1734	1.0E-4
1735	1.0E-4
1736	1.0E-4
1737	2.0E-4
1738	2.0E-4
1739	2.0E-4
174	0.1794
1740	2.0E-4
1741	1.0E-4
1742	1.0E-4
1743	1.0E-4
1744	1.0E-4
1745	1.0E-4
1746	1.0E-4
1747	1.0E-4
1748	1.0E-4
1749	1.0E-4
175	0.2774
1750	1.0E-4
1751	1.0E-4
1752	1.0E-4
1753	1.0E-4
1754	1.0E-4
1755	1.0E-4
1756	1.0E-4
1757	1.0E-4
1758	1.0E-4
1759	1.0E-4
176	0.3042
1760	5.0E-4
1761	7.0E-4
1762	7.0E-4
1763	7.0E-4
1764	0.0035
1765	0.0035
1766	1.0E-4
1767	1.0E-4
1768	1.0E-4
1769	1.0E-4
177	0.1836
1770	1.0E-4
1771	1.0E-4
1772	1.0E-4
1773	1.0E-4
1774	1.0E-4
1775	1.0E-4
1776	1.0E-4
1777	1.0E-4
1778	1.0E-4
1779	1.0E-4
178	0.0557
1780	1.0E-4
1781	1.0E-4
1782	1.0E-4
1783	1.0E-4
1784	1.0E-4
1785	1.0E-4
1786	1.0E-4
1787	1.0E-4
1788	1.0E-4
1789	1.0E-4
179	0.0993
1790	1.0E-4
1791	1.0E-4
1792	1.0E-4
1793	1.0E-4
1794	1.0E-4
1795	1.0E-4
1796	1.0E-4
1797	1.0E-4
1798	1.0E-4
1799	1.0E-4
18	0.2149
180	0.0929
1800	1.0E-4
1801	1.0E-4
1802	1.0E-4
1803	1.0E-4
1804	1.0E-4
1805	1.0E-4
1806	1.0E-4
1807	1.0E-4
1808	1.0E-4
1809	1.0E-4
181	0.0933
1810	1.0E-4
1811	1.0E-4
1812	1.0E-4
1813	1.0E-4
1814	1.0E-4
1815	1.0E-4
1816	1.0E-4
1817	1.0E-4
1818	0.0013
1819	0.0066
182	0.0617
1820	0.0053
1821	0.0058
1822	0.0053
1823	0.0043
1824	0.0043
1825	0.0043
1826	0.0043
1827	0.0043
1828	0.0043
1829	0.0043
183	0.0929
1830	0.0054
1831	0.0073
1832	0.0043
1833	0.0072
1834	0.0072
1835	0.0043
1836	0.0057
1837	0.0028
1838	0.0074
1839	0.0072
184	0.094
1840	0.0072
1841	0.0062
1842	0.0057
1843	0.0057
1844	0.0057
1845	0.0057
1846	0.0057
1847	0.0057
1848	0.0057
1849	0.0021
185	0.0928
1850	0.0021
1851	0.0026
1852	0.0021
1853	0.0016
1854	1.0E-4
1855	0.0
1856	0.0
1857	0.0
1858	0.0
1859	0.0
186	0.0934
1860	7.0E-4
1861	0.0034
1862	0.0034
1863	0.0036
1864	0.0
1865	0.0
1866	0.0
1867	1.0E-4
1868	1.0E-4
1869	0.0
187	0.0933
1870	3.0E-4
1871	0.4902
1872	1.8804
1873	2.0633
1874	0.4882
1875	2.438
1876	1.6336
1877	2.438
1878	2.4597
1879	0.0944
188	0.0928
1880	0.0944
1881	0.0944
1882	0.0944
1883	2.1551
1884	0.0649
1885	0.0649
1886	0.0649
1887	0.0649
1888	0.0649
1889	0.0649
189	0.1128
1890	0.0649
1891	0.0649
1892	0.0649
1893	0.0649
1894	0.0649
1895	0.0649
1896	0.0
1897	0.0
1898	0.0
1899	0.0
19	0.029
190	0.0026
1900	0.0
1901	0.0
1902	0.0
1903	0.0
1904	0.0
1905	0.0
1906	0.0
1907	0.0
1908	0.0
1909	0.0
191	0.0035
1910	0.0
1911	0.0
1912	0.0
1913	0.0
1914	0.0
1915	0.0
1916	0.0
1917	0.0
1918	0.0
1919	0.0
192	0.2329
1920	0.0
1921	0.0
1922	0.0
1923	0.0
1924	0.0
1925	0.0
1926	0.0
1927	0.0
1928	0.0
1929	0.0
193	1.5404
1930	0.0
1931	0.0
1932	0.0
1933	0.0
1934	0.0
1935	0.0
1936	0.0
1937	0.0
1938	0.0
1939	0.0
194	0.5682
1940	0.0
1941	0.0
1942	0.0
1943	0.0
1944	0.0
1945	0.0
1946	0.0
1947	0.0
1948	0.0
1949	0.0
195	0.7728
1950	0.0
1951	0.0
1952	0.0
1953	0.0
1954	0.0
1955	0.0
1956	0.0
1957	0.0
1958	0.0
1959	0.0
196	0.7709
1960	0.0
1961	0.0
1962	0.0
1963	0.0
1964	0.0
1965	0.0
1966	0.0
1967	0.0
1968	0.0
1969	0.0
197	0.5269
1970	0.0
1971	0.0
1972	0.0
1973	0.0
1974	0.0
1975	0.0
1976	0.0
1977	0.0
1978	0.0
1979	0.0
198	0.6455
1980	0.0
1981	0.0
1982	0.0
1983	0.0
1984	0.0
1985	0.0
1986	0.0
1987	0.0
1988	0.0
1989	0.0
199	0.7681
1990	0.0
1991	0.0
1992	0.0
1993	0.0
1994	0.0
1995	1.0063
1996	0.0
1997	0.0
1998	0.0
1999	0.0
2	18.8557
20	0.0708
200	0.8682
2000	0.0
2001	0.0
2002	0.0
2003	0.0
2004	0.0
2005	0.0
2006	0.0
2007	0.0
2008	0.0
2009	0.0
201	1.5549
2010	0.0
2011	0.0
2012	0.0
2013	0.0
2014	0.0
2015	0.0
2016	0.0
2017	0.0
2018	0.0
2019	0.0
202	1.5918
2020	0.0
2021	0.0
2022	0.0
2023	0.0
2024	0.0
2025	0.0
2026	0.0
2027	0.0
2028	0.0
2029	0.0
203	0.5023
2030	0.0
2031	0.0
2032	0.0
2033	0.0
2034	0.0
2035	0.0
2036	0.0
2037	0.0
2038	0.0
2039	0.0
204	0.732
2040	0.0
2041	0.0
2042	0.0
2043	0.0
2044	0.0
2045	0.0
2046	0.0
2047	0.0
2048	0.0
2049	0.0
205	0.5898
2050	0.0
2051	0.0
2052	0.0
2053	0.0
2054	0.0
2055	0.0
2056	0.0
2057	0.0
2058	0.0
2059	0.0
206	0.4882
2060	0.0
2061	0.0
2062	0.0
2063	0.0
2064	0.0
2065	0.0
2066	0.0
2067	0.0
2068	0.0
2069	0.0
207	0.0028
2070	0.0
2071	0.0
2072	0.0
2073	0.0
2074	0.0
2075	0.0
2076	0.0
2077	0.0
2078	0.0
2079	0.0
208	0.003
2080	0.0054
2081	0.0041
2082	0.0054
2083	0.0041
2084	0.0034
2085	0.0043
2086	8.0E-4
2087	8.0E-4
2088	8.0E-4
2089	8.0E-4
209	0.0088
2090	0.0034
2091	8.0E-4
2092	8.0E-4
2093	0.0032
2094	0.0032
2095	8.0E-4
2096	0.0034
2097	0.0021
2098	0.0128
2099	0.0026
21	0.028
210	0.0072
2100	4.2679
2101	0.0266
2102	1.0E-4
2103	0.179
2104	1.0E-4
2105	1.0E-4
2106	1.0E-4
2107	5.0E-4
2108	5.0E-4
2109	5.0E-4
211	0.1628
2110	5.0E-4
2111	5.0E-4
2112	5.0E-4
2113	5.0E-4
2114	5.0E-4
2115	7.0E-4
2116	5.0E-4
2117	5.0E-4
2118	5.0E-4
2119	5.0E-4
212	0.9751
2120	5.0E-4
2121	5.0E-4
2122	5.0E-4
2123	5.0E-4
2124	5.0E-4
2125	0.0065
2126	0.0065
2127	0.0055
2128	0.0101
2129	0.0055
213	0.9754
2130	0.0055
2131	0.0055
2132	0.0029
2133	0.0029
2134	0.0029
2135	0.0029
2136	0.0029
2137	0.0079
2138	0.0079
2139	0.0091
214	0.9756
2140	0.0079
2141	0.0079
2142	0.0079
2143	0.0079
2144	0.5385
2145	0.6377
2146	0.5229
2147	0.5229
2148	0.5385
2149	6.0E-4
215	0.9613
2150	6.0E-4
2151	6.0E-4
2152	6.0E-4
2153	6.0E-4
2154	6.0E-4
2155	6.0E-4
2156	6.0E-4
2157	6.0E-4
2158	6.0E-4
2159	9.0E-4
216	0.9717
2160	9.0E-4
2161	9.0E-4
2162	9.0E-4
2163	9.0E-4
2164	9.0E-4
2165	9.0E-4
2166	9.0E-4
2167	7.0E-4
2168	7.0E-4
2169	7.0E-4
217	0.9826
2170	7.0E-4
2171	0.0253
2172	0.3092
2173	7.0E-4
2174	7.0E-4
2175	7.0E-4
2176	7.0E-4
2177	7.0E-4
2178	7.0E-4
2179	7.0E-4
218	0.641
2180	6.0E-4
2181	6.0E-4
2182	6.0E-4
2183	6.0E-4
2184	6.0E-4
2185	6.0E-4
2186	6.0E-4
2187	6.0E-4
2188	6.0E-4
2189	6.0E-4
219	0.1734
2190	6.0E-4
2191	6.0E-4
2192	6.0E-4
2193	0.8422
2194	0.8248
2195	0.8248
2196	0.8422
2197	0.8422
2198	0.7893
2199	0.0285
22	0.0048
220	0.1839
2200	0.0285
2201	0.0285
2202	0.0285
2203	0.0285
2204	0.0285
2205	0.0285
2206	0.0285
2207	0.0285
2208	0.0285
2209	0.001
221	0.006
2210	0.0
2211	2.0E-4
2212	4.0E-4
2213	2.0E-4
2214	1.0E-4
2215	1.0E-4
2216	0.0
2217	0.0
2218	1.0E-4
2219	2.0E-4
222	0.006
2220	1.0E-4
2221	1.0E-4
2222	3.0E-4
2223	1.0E-4
2224	1.0E-4
2225	1.0E-4
2226	1.0E-4
2227	1.0E-4
2228	1.0E-4
2229	2.0E-4
223	3.0E-4
2230	1.0E-4
2231	1.0E-4
2232	1.0E-4
2233	1.0E-4
2234	1.0E-4
2235	1.0E-4
2236	3.0E-4
2237	1.0E-4
2238	2.0E-4
2239	2.0E-4
224	1.2592
2240	2.0E-4
2241	1.0E-4
2242	1.0E-4
2243	1.0E-4
2244	2.0E-4
2245	2.0E-4
2246	1.0E-4
2247	1.0E-4
2248	1.0E-4
2249	1.0E-4
225	0.0017
2250	0.0
2251	0.0
2252	0.0
2253	0.0
2254	0.0
2255	0.0
2256	0.0
2257	0.0
2258	3.0E-4
2259	1.0E-4
226	0.0019
2260	1.0E-4
2261	2.0E-4
2262	1.0E-4
2263	2.0E-4
2264	1.0E-4
2265	1.0E-4
2266	1.0E-4
2267	1.0E-4
2268	3.0E-4
2269	1.0E-4
227	0.0017
2270	1.0E-4
2271	1.0E-4
2272	1.0E-4
2273	1.0E-4
2274	1.0E-4
2275	2.0E-4
2276	2.0E-4
2277	2.0E-4
2278	2.0E-4
2279	1.0E-4
228	0.0017
2280	1.0E-4
2281	2.0E-4
2282	3.0E-4
2283	5.0E-4
2284	1.0E-4
2285	1.0E-4
2286	1.0E-4
2287	1.0E-4
2288	1.0E-4
2289	1.0E-4
229	0.0028
2290	4.0E-4
2291	1.0E-4
2292	1.0E-4
2293	1.0E-4
2294	2.0E-4
2295	2.0E-4
2296	2.0E-4
2297	2.0E-4
2298	0.0
2299	0.0
23	0.0502
230	0.0017
2300	0.0
2301	0.0
2302	0.0
2303	0.0
2304	0.0
2305	0.0
2306	0.0
2307	0.0
2308	0.0
2309	0.0
231	0.1736
2310	0.0
2311	0.0
2312	0.0
2313	0.0
2314	0.0
2315	0.0
2316	0.0
2317	0.0
2318	0.0
2319	0.0
232	0.1321
2320	0.0
2321	0.0
2322	0.0
2323	0.0
2324	0.0
2325	0.0
2326	0.0
2327	0.0
2328	0.0
2329	0.0
233	0.1321
2330	0.0
2331	0.0
2332	0.0
2333	0.0
2334	0.0
2335	0.0
2336	0.0
2337	0.0
2338	0.0
2339	0.0
234	0.1321
2340	0.0
2341	0.0
2342	0.0
2343	0.0
2344	0.0
2345	0.0
2346	0.0
2347	0.0
2348	0.0
2349	0.0
235	0.2115
2350	0.0
2351	0.0
2352	0.0
2353	0.0
2354	0.0
2355	0.0
2356	0.0
2357	0.0
2358	0.0
2359	0.0
236	0.2269
2360	0.0
2361	0.0
2362	0.0011
2363	0.1265
2364	0.0
2365	0.0
2366	0.0
2367	0.0
2368	0.0
2369	0.0
237	0.1321
2370	0.0
2371	0.0
2372	0.0
2373	0.0
2374	0.0
2375	0.0
2376	0.0
2377	0.0
2378	0.0
2379	0.0
238	0.1321
2380	0.0
2381	0.0
2382	0.0
2383	0.0
2384	0.0
2385	0.0
2386	0.0
2387	0.0
2388	0.0
2389	0.0
239	0.1321
2390	0.0
2391	0.0
2392	0.0
2393	0.0
2394	0.0
2395	0.0
2396	0.0
2397	0.0
2398	0.0
2399	0.0
24	0.0052
240	0.2223
2400	0.0
2401	0.0
2402	3.0E-4
2403	0.0
2404	0.0
2405	0.0
2406	0.0
2407	0.0
2408	0.0
2409	0.0
241	0.1372
2410	0.0
2411	0.0
2412	0.0
2413	0.0
2414	0.0
2415	0.0
2416	0.0
2417	1.0E-4
2418	1.0E-4
2419	1.0E-4
242	0.2029
2420	0.0
2421	0.0
2422	0.0
2423	0.0
2424	0.0
2425	0.0
2426	0.0
2427	0.0
2428	0.0
2429	0.0
243	0.1321
2430	0.0
2431	0.0
2432	0.0
2433	0.0
2434	0.0
2435	0.0
2436	0.0
2437	0.0
2438	0.0
2439	0.0
244	0.1988
2440	0.0
2441	0.0
2442	0.0
2443	0.0
2444	0.0
2445	0.0
2446	0.0
2447	0.0
2448	0.0
2449	0.0
245	0.1988
2450	0.0
2451	0.0
2452	0.0115
2453	0.007
2454	0.007
2455	0.0029
2456	0.007
2457	0.0074
2458	0.007
2459	0.0029
246	0.1802
2460	0.0014
2461	0.0014
2462	0.0014
2463	0.0014
2464	0.0014
2465	0.0014
2466	0.0014
2467	0.0014
2468	0.0014
2469	0.0014
247	0.1321
2470	0.0014
2471	0.0014
2472	0.0014
2473	0.0014
2474	0.0014
2475	0.0014
2476	0.0014
2477	0.0014
2478	0.0014
2479	0.0014
248	0.3091
2480	0.0014
2481	0.0014
2482	0.0081
2483	0.0045
2484	0.0045
2485	0.0162
2486	0.0162
2487	0.0017
2488	0.0017
2489	0.0017
249	0.8247
2490	0.0017
2491	0.0017
2492	0.0017
2493	0.0017
2494	0.0017
2495	0.0017
2496	0.0017
2497	0.0017
2498	0.0017
2499	0.0017
25	0.0048
250	0.1752
2500	0.0017
2501	0.0017
2502	0.0017
2503	0.0017
2504	0.0017
2505	0.0017
2506	0.0017
2507	0.0017
2508	0.0017
2509	0.0017
251	0.1832
2510	0.0
2511	0.0
2512	0.0
2513	0.0
2514	0.0
2515	0.0
2516	0.0
2517	0.0
2518	0.0
2519	0.0
252	0.4289
2520	0.0
2521	0.0
2522	0.0
2523	0.0
2524	0.0
2525	0.0
2526	0.0
2527	0.0
2528	0.0
2529	0.0
253	0.14
2530	0.0
2531	0.0
2532	0.0
2533	0.0
2534	0.0
2535	3.0E-4
2536	0.1245
2537	0.2729
2538	0.2729
2539	0.1245
254	0.2459
2540	4.0E-4
2541	4.0E-4
2542	4.0E-4
2543	4.0E-4
2544	1.0E-4
2545	1.0E-4
2546	2.0E-4
2547	3.0E-4
2548	3.0E-4
2549	3.0E-4
255	0.3159
2550	3.0E-4
2551	0.2576
2552	0.2576
2553	0.2576
2554	0.2576
2555	1.0E-4
2556	1.0E-4
2557	1.0E-4
2558	1.0E-4
2559	1.0E-4
256	0.2923
2560	1.0E-4
2561	1.0E-4
2562	1.0E-4
2563	8.0E-4
2564	0.0
2565	0.0
2566	0.0
2567	0.0
2568	0.0
2569	0.0
257	0.3656
2570	0.0
2571	0.0
2572	0.0
2573	0.0
2574	0.0
2575	0.0
2576	0.0
2577	0.0
2578	0.0
2579	0.0
258	0.8298
2580	0.0
2581	0.0
2582	0.0
2583	0.0
2584	0.0
2585	0.0
2586	1.0E-4
2587	1.0E-4
2588	0.0029
2589	6.0E-4
259	0.8298
2590	6.0E-4
2591	6.0E-4
2592	5.0E-4
2593	5.0E-4
2594	5.0E-4
2595	5.0E-4
2596	5.0E-4
2597	5.0E-4
2598	0.002
2599	1.0E-4
26	0.8271
260	0.8298
2600	1.0E-4
2601	1.0E-4
2602	1.0E-4
2603	1.0E-4
2604	0.0
2605	0.0
2606	0.0
2607	0.0
2608	0.0
2609	0.0
261	0.0771
2610	0.0
2611	0.0
2612	0.0
2613	0.0
2614	0.0
2615	0.0
2616	0.0
2617	0.0
2618	0.0
2619	0.0
262	0.0844
2620	0.0
2621	0.0
2622	0.0
2623	0.0
2624	0.0
2625	0.0
2626	0.0
2627	0.0
2628	0.0
2629	0.0
263	0.0801
2630	0.0
2631	0.0
2632	0.0
2633	0.0
2634	0.0
2635	0.0
2636	0.0
2637	0.0
2638	0.0
2639	0.0
264	0.0902
2640	0.0
2641	0.0
2642	0.0
2643	0.0
2644	0.0
2645	0.0
2646	0.0
2647	0.0
2648	0.0
2649	0.0
265	0.0816
2650	0.0
2651	0.0
2652	0.0
2653	0.0
2654	0.0
2655	0.0
2656	0.0
2657	0.0
2658	0.0
2659	0.0
266	0.0809
2660	0.0
2661	0.0
2662	0.0
2663	1.0E-4
2664	1.0E-4
2665	1.0E-4
2666	1.0E-4
2667	0.0
2668	0.0
2669	0.0
267	0.0871
2670	0.0
2671	1.0699
2672	1.0699
2673	1.0699
2674	1.0699
2675	1.0699
2676	2.0E-4
2677	0.0
2678	0.0
2679	0.0
268	0.0853
2680	0.0
2681	0.0
2682	0.0
2683	0.0
2684	0.0
2685	0.0
2686	0.0
2687	0.0
2688	0.0
2689	0.0
269	0.0801
2690	0.0
2691	0.0
2692	0.0
2693	0.0
2694	0.0
2695	0.0
2696	0.0
2697	0.0
2698	0.0
2699	0.0
27	10.8715
270	0.0887
2700	0.0
2701	0.0
2702	0.0
2703	0.0
2704	0.0
2705	0.0
2706	0.0
2707	0.0
2708	0.0
2709	0.0
271	0.075
2710	0.0
2711	0.0
2712	0.0
2713	0.0
2714	0.0
2715	0.0
2716	0.0
2717	0.0
2718	0.0
2719	0.0
272	0.086
2720	0.0
2721	0.0
2722	0.0
2723	0.0
2724	0.0
2725	0.0
2726	0.0
2727	1.0E-4
2728	0.0
2729	0.0
273	0.0808
2730	0.0
2731	0.0
2732	0.0
2733	0.0
2734	0.0
2735	0.1568
2736	1.0E-4
2737	0.0016
2738	0.0016
2739	0.0016
274	0.0758
2740	0.0016
2741	0.0016
2742	0.0016
2743	0.0016
2744	0.0016
2745	0.0016
2746	0.0016
2747	0.0016
2748	1.0E-4
2749	1.0E-4
275	0.0837
2750	1.0E-4
2751	1.0E-4
2752	1.0E-4
2753	0.0112
2754	1.0E-4
2755	1.0E-4
2756	1.0E-4
2757	1.0E-4
2758	1.0E-4
2759	1.0E-4
276	0.0941
2760	3.0E-4
2761	3.0E-4
2762	3.0E-4
2763	0.0021
2764	0.0021
2765	0.0021
2766	0.0021
2767	0.0021
2768	0.0021
2769	0.0021
277	0.0821
2770	0.0021
2771	0.0657
2772	0.0657
2773	0.0657
2774	0.0657
2775	0.0657
2776	0.0657
2777	0.0657
2778	0.0657
2779	0.0657
278	0.0879
2780	0.0657
2781	0.0657
2782	0.0657
2783	0.0
2784	1.0E-4
2785	1.0E-4
2786	9.0E-4
2787	0.0047
2788	0.0047
2789	1.0E-4
279	0.0806
2790	1.0E-4
2791	1.0E-4
2792	1.0E-4
2793	1.0E-4
2794	1.0E-4
2795	1.0E-4
2796	1.0E-4
2797	1.0E-4
2798	0.0017
2799	0.0
28	8.288
280	0.1409
2800	0.0
2801	0.0
2802	0.0
2803	0.0
2804	0.0
2805	0.0
2806	0.0
2807	0.0
2808	0.0
2809	0.0
281	0.0808
2810	0.0
2811	0.0
2812	0.0
2813	0.0
2814	0.0
2815	0.0
2816	0.0
2817	0.0
2818	0.0
2819	0.0
282	0.0831
2820	0.0
2821	0.0
2822	0.0
2823	0.0
2824	0.0
2825	0.0
2826	0.0
2827	0.0
2828	0.0
2829	0.0
283	0.0809
2830	0.0
2831	0.0
2832	0.0
2833	0.0
2834	0.0
2835	0.0
2836	0.0
2837	0.0
2838	0.0
2839	0.0
284	0.0819
2840	0.0
2841	0.0
2842	0.0
2843	0.0
2844	0.0
2845	0.0
2846	0.0
2847	0.0
2848	0.0
2849	0.0
285	0.0811
2850	0.0
2851	0.0
2852	0.0
2853	0.0
2854	0.0
2855	0.0
2856	0.0
2857	0.0
2858	0.0
2859	0.0
286	0.0801
2860	0.0
2861	0.0
2862	0.0
2863	0.0
2864	0.0
2865	0.0
2866	0.0
2867	0.0
2868	0.0
2869	0.0
287	0.0801
2870	0.0
2871	0.0
2872	0.0
2873	0.0
2874	0.0
2875	0.0
2876	0.0
2877	0.0
2878	0.0
2879	0.0
288	0.0823
2880	0.0
2881	0.0
2882	0.0
2883	0.0
2884	0.0
2885	0.0
2886	0.0
2887	0.0
2888	0.0
2889	0.0
289	0.0809
2890	0.0
2891	0.0
2892	0.0
2893	0.0
2894	0.0
2895	0.0
2896	0.0
2897	0.0
2898	0.0
2899	0.0
29	8.3715
290	0.0815
2900	0.0
2901	0.0
2902	0.0
2903	0.0
2904	0.0
2905	0.0
2906	0.0
2907	0.0
2908	0.0
2909	0.0
291	0.0834
2910	0.0
2911	0.0
2912	0.0
2913	0.0
2914	0.0
2915	0.0
2916	0.0
2917	0.0
2918	0.0
2919	0.0
292	0.0824
2920	0.0
2921	0.0
2922	0.0
2923	0.0
2924	0.0
2925	0.0
2926	0.0
2927	0.0
2928	0.0
2929	0.0
293	0.0814
2930	0.0
2931	0.0
2932	0.0
2933	0.0
2934	0.0
2935	0.0
2936	0.0
2937	0.0
2938	0.0
2939	0.0
294	0.1206
2940	0.0
2941	0.0
2942	0.0
2943	0.0
2944	0.0
2945	0.0
2946	0.0
2947	0.0
2948	0.0
2949	0.0
295	0.1208
2950	0.0
2951	0.0
2952	0.0
2953	0.0
2954	0.0
2955	0.0
2956	0.0
2957	0.0
2958	0.0
2959	0.0
296	0.1203
2960	0.0
2961	0.0
2962	0.0
2963	0.0
2964	0.0
2965	0.0
2966	0.0
2967	0.0
2968	0.0
2969	0.0
297	0.1251
2970	0.0
2971	0.0
2972	0.0
2973	0.0
2974	0.0
2975	0.0
2976	0.0
2977	0.0
2978	0.0
2979	0.0
298	0.1254
2980	0.0
2981	0.0
2982	0.0
2983	0.0054
2984	6.0E-4
2985	6.0E-4
2986	6.0E-4
2987	6.0E-4
2988	6.0E-4
2989	6.0E-4
299	0.1203
2990	0.0017
2991	0.001
2992	0.001
2993	0.001
2994	4.0E-4
2995	0.001
2996	0.0011
2997	0.001
2998	4.0E-4
2999	2.0E-4
3	0.0085
30	2.2026
300	0.4189
3000	2.0E-4
3001	2.0E-4
3002	2.0E-4
3003	2.0E-4
3004	2.0E-4
3005	2.0E-4
3006	2.0E-4
3007	2.0E-4
3008	2.0E-4
3009	2.0E-4
301	0.1203
3010	2.0E-4
3011	2.0E-4
3012	2.0E-4
3013	2.0E-4
3014	2.0E-4
3015	2.0E-4
3016	2.0E-4
3017	2.0E-4
3018	2.0E-4
3019	2.0E-4
302	0.3021
3020	2.0E-4
3021	2.0E-4
3022	2.0E-4
3023	2.0E-4
3024	2.0E-4
3025	2.0E-4
3026	0.0012
3027	0.0012
3028	7.0E-4
3029	7.0E-4
303	0.3975
3030	0.0024
3031	0.0024
3032	2.0E-4
3033	2.0E-4
3034	2.0E-4
3035	2.0E-4
3036	2.0E-4
3037	2.0E-4
3038	2.0E-4
3039	2.0E-4
304	0.0052
3040	2.0E-4
3041	2.0E-4
3042	2.0E-4
3043	2.0E-4
3044	2.0E-4
3045	2.0E-4
3046	2.0E-4
3047	2.0E-4
3048	2.0E-4
3049	2.0E-4
305	0.0121
3050	2.0E-4
3051	2.0E-4
3052	2.0E-4
3053	2.0E-4
3054	2.0E-4
3055	0.0034
3056	0.0025
3057	0.0034
3058	0.0025
3059	5.0E-4
306	0.0126
3060	5.0E-4
3061	5.0E-4
3062	5.0E-4
3063	5.0E-4
3064	5.0E-4
3065	0.0021
3066	0.0021
3067	5.0E-4
3068	0.0014
3069	6.0E-4
307	0.0136
3070	6.0E-4
3071	6.0E-4
3072	5.0E-4
3073	5.0E-4
3074	5.0E-4
3075	5.0E-4
3076	5.0E-4
3077	5.0E-4
3078	2.0E-4
3079	2.0E-4
308	0.0067
3080	2.0E-4
3081	2.0E-4
3082	2.0E-4
3083	2.0E-4
3084	2.0E-4
3085	2.0E-4
3086	2.0E-4
3087	2.0E-4
3088	0.4564
3089	1.7924
309	0.7022
3090	0.1585
3091	0.1585
3092	0.1585
3093	0.1585
3094	0.1616
3095	0.3203
3096	0.1585
3097	0.175
3098	0.2811
3099	0.2622
31	1.2537
310	0.588
3100	0.2622
3101	0.2622
3102	0.1757
3103	0.1757
3104	0.1946
3105	0.2622
3106	0.2622
3107	0.2674
3108	0.2622
3109	0.3297
311	0.5905
3110	0.2622
3111	0.9055
3112	0.2459
3113	0.2451
3114	0.0415
3115	0.047
3116	0.0415
3117	0.0563
3118	0.0415
3119	0.2318
312	0.6181
3120	0.2488
3121	2.0E-4
3122	0.0
3123	0.0
3124	0.0
3125	2.0E-4
3126	1.0E-4
3127	1.0E-4
3128	1.0E-4
3129	1.0018
313	0.588
3130	9.0E-4
3131	9.0E-4
3132	9.0E-4
3133	8.0E-4
3134	8.0E-4
3135	8.0E-4
3136	8.0E-4
3137	8.0E-4
3138	8.0E-4
3139	0.0029
314	0.588
3140	0.0647
3141	0.0647
3142	0.0647
3143	0.0647
3144	0.0647
3145	0.0647
3146	0.0647
3147	0.0647
3148	0.0647
3149	0.0647
315	0.588
3150	0.0647
3151	0.0647
3152	6.0E-4
3153	2.0E-4
3154	2.0E-4
3155	2.0E-4
3156	0.0062
3157	0.0011
3158	6.0E-4
3159	8.0E-4
316	0.588
3160	6.0E-4
3161	9.0E-4
3162	6.0E-4
3163	0.191
3164	0.0314
3165	6.0E-4
3166	6.0E-4
3167	0.0025
3168	0.0025
3169	0.0073
317	0.588
3170	0.0943
3171	0.0957
3172	0.0957
3173	0.0943
3174	3.0E-4
3175	3.0E-4
3176	3.0E-4
3177	0.0246
3178	0.0246
3179	0.0246
318	0.588
3180	0.0282
3181	0.3318
3182	2.7288
3183	0.0364
3184	1.4377
3185	0.0246
3186	5.4624
3187	0.0338
3188	3.729
3189	0.9322
319	0.588
3190	0.9322
3191	0.0286
3192	0.0246
3193	0.0246
3194	0.0246
3195	0.0246
3196	0.2449
3197	0.0
3198	0.0
3199	0.0
32	2.0073
320	0.7111
3200	0.0
3201	0.0
3202	0.0
3203	0.0
3204	0.0
3205	0.0
3206	0.0
3207	0.0
3208	0.0
3209	0.0
321	0.0667
3210	0.0
3211	0.0
3212	0.0
3213	0.0
3214	0.0
3215	0.0
3216	0.0
3217	0.0
3218	0.0
3219	0.0
322	0.067
3220	8.9886
3221	6.9209
3222	2.1001
3223	4.8531
3224	7.6098
3225	3.7049
3226	6.2313
3227	11.9781
3228	5.5423
3229	3.246
323	0.067
3230	0.0
3231	0.0
3232	0.0
3233	1.0E-4
3234	1.0E-4
3235	1.0E-4
3236	0.0
3237	0.0
3238	5.0E-4
3239	3.0E-4
324	0.085
3240	3.0E-4
3241	0.0
3242	0.0
3243	0.0
3244	0.0
3245	0.0
3246	0.0
3247	0.0
3248	0.0
3249	0.0
325	0.0164
3250	0.0
3251	0.0
3252	0.0
3253	0.0
3254	0.0
3255	0.0
3256	0.0
3257	0.0
3258	0.0
3259	0.0
326	0.0164
3260	0.0
3261	0.0
3262	0.0
3263	0.0
3264	0.0
3265	0.0
3266	0.0
3267	0.0
3268	0.0
3269	0.0
327	0.0164
3270	0.0
3271	0.0
3272	0.0
3273	0.0
3274	3.6372
3275	0.0
3276	0.0
3277	0.0
3278	0.0
3279	0.0
328	0.0164
3280	0.0
3281	0.0
3282	0.0
3283	0.0
3284	0.0
3285	0.0
3286	0.0
3287	0.0
3288	0.0
3289	0.0
329	0.0164
3290	0.0
3291	0.0
3292	0.0
3293	0.0
3294	0.0
3295	0.0
3296	0.0
3297	0.0
3298	0.0
3299	0.0
33	2.5025
330	0.0164
3300	0.0019
3301	0.0019
3302	0.0019
3303	6.0E-4
3304	6.0E-4
3305	6.0E-4
3306	6.0E-4
3307	6.0E-4
3308	6.0E-4
3309	6.0E-4
331	0.059
3310	6.0E-4
3311	6.0E-4
3312	6.0E-4
3313	4.0E-4
3314	4.0E-4
3315	4.0E-4
3316	4.0E-4
3317	4.0E-4
3318	4.0E-4
3319	5.0E-4
332	0.0657
3320	5.0E-4
3321	6.0E-4
3322	0.017
3323	0.017
3324	0.017
3325	0.017
3326	0.017
3327	0.017
3328	0.017
3329	0.0
333	0.0051
3330	0.0
3331	0.0
3332	0.0
3333	0.0
3334	0.0
3335	0.0
3336	0.0
3337	0.0
3338	0.0
3339	0.0
334	0.1144
3340	0.0
3341	0.0
3342	0.0
3343	0.0
3344	0.0
3345	0.0
3346	0.0
3347	0.0
3348	0.0
3349	0.0
335	0.1144
3350	0.0
3351	1.0E-4
3352	1.0E-4
3353	1.0E-4
3354	1.0E-4
3355	1.0E-4
3356	0.0
3357	0.0
3358	0.0
3359	0.0
336	0.1144
3360	0.0
3361	0.0
3362	0.0
3363	0.0
3364	0.0
3365	0.0
3366	0.0
3367	0.0
3368	0.0
3369	0.0
337	0.4471
3370	0.0
3371	0.0
3372	0.0
3373	0.0
3374	0.0
3375	0.0
3376	0.0
3377	0.0
3378	0.0
3379	0.0
338	0.4471
3380	0.0
3381	0.0
3382	0.0
3383	0.0
3384	0.0
3385	0.0
3386	0.0
3387	0.0
3388	0.0
3389	0.0
339	0.4471
3390	0.0
3391	0.0
3392	0.0
3393	0.0
3394	0.0
3395	0.0
3396	0.0
3397	0.0
3398	0.0
3399	0.0
34	1.2336
340	0.0017
3400	0.0
3401	0.0
3402	0.0
3403	0.0
3404	0.0
3405	0.0
3406	0.0
3407	0.0
3408	0.0
3409	0.0
341	0.0075
3410	0.0
3411	0.0
3412	0.0
3413	0.0
3414	0.0
3415	0.0
3416	0.0
3417	0.0
3418	0.0
3419	0.0
342	3.0E-4
3420	0.0
3421	0.0
3422	0.0
3423	0.0
3424	0.0
3425	0.0
3426	0.0
3427	0.0
3428	0.0
3429	0.0
343	3.0E-4
3430	0.0
3431	0.0
3432	0.0
3433	0.0
3434	0.0
3435	0.0
3436	0.0
3437	0.0
3438	0.0
3439	0.0
344	0.0069
3440	0.0
3441	0.0
3442	0.0
3443	0.0
3444	0.0
3445	0.0
3446	0.0
3447	0.0
3448	0.0
3449	0.0
345	2.0E-4
3450	0.0
3451	0.0
3452	0.0
3453	0.0
3454	0.0
3455	0.0
3456	0.0
3457	0.0
3458	0.0
3459	0.0
346	2.0E-4
3460	0.0
3461	0.0
3462	0.0
3463	0.0
3464	0.0
3465	0.0
3466	0.0
3467	0.0
3468	0.0
3469	0.0
347	2.0E-4
3470	0.0
3471	0.0
3472	0.0
3473	0.0
3474	0.0
3475	0.0
3476	0.0
3477	0.0
3478	0.0
3479	1.0698
348	5.0E-4
3480	1.0698
3481	1.0698
3482	1.0698
3483	1.0698
3484	1.0698
3485	1.0698
3486	1.0698
3487	1.0698
3488	1.0698
3489	0.0
349	2.0E-4
3490	0.0
3491	0.0
3492	0.0
3493	0.0
3494	0.0
3495	0.0
3496	0.0
3497	0.0
3498	0.0
3499	0.0
35	1.4185
350	3.0E-4
3500	0.0
3501	0.0
3502	0.0
3503	0.0
3504	0.0
3505	0.0
3506	0.0
3507	0.0
3508	0.0
3509	0.0
351	2.0E-4
3510	0.0
3511	0.006
3512	0.2495
3513	2.0E-4
3514	2.0157
3515	8.0E-4
3516	8.0E-4
3517	3.0E-4
3518	3.0E-4
3519	3.0E-4
352	2.0E-4
3520	0.0
3521	0.0
3522	0.0
3523	0.0
3524	0.0
3525	0.0
3526	0.0
3527	0.0
3528	0.0
3529	0.0
353	2.0E-4
3530	0.0
3531	0.0
3532	1.0E-4
3533	0.0
3534	1.0E-4
3535	0.0
3536	0.0
3537	0.0
3538	0.0
3539	0.0
354	2.0E-4
3540	0.0
3541	0.0
3542	0.0
3543	0.0
3544	0.0
3545	0.0
3546	0.0
3547	0.0
3548	0.0
3549	0.0
355	2.0E-4
3550	0.0
3551	0.0
3552	0.0
3553	0.0
3554	0.0
3555	0.0
3556	0.0
3557	0.0
3558	0.0
3559	0.0
356	1.4197
3560	0.0
3561	0.0
3562	0.0
3563	0.0
3564	1.0E-4
3565	1.0E-4
3566	1.0E-4
3567	1.0E-4
3568	1.0E-4
3569	1.0E-4
357	1.2922
3570	1.0E-4
3571	1.0E-4
3572	1.0E-4
3573	1.0E-4
3574	1.0E-4
3575	1.0E-4
3576	1.0E-4
3577	1.0E-4
3578	1.0E-4
3579	1.0E-4
358	0.2878
3580	1.0E-4
3581	1.0E-4
3582	1.0E-4
3583	0.0019
3584	0.7452
3585	0.8597
3586	1.1303
3587	0.8597
3588	0.0193
3589	0.0193
359	0.446
3590	0.0262
3591	0.0344
3592	0.0344
3593	0.0344
3594	0.0432
3595	0.0432
3596	0.0432
3597	0.0275
3598	0.0432
3599	0.0432
36	3.2208
360	0.2878
3600	0.5278
3601	0.0289
3602	0.1858
3603	0.0403
3604	0.0414
3605	0.1409
3606	0.1409
3607	0.0087
3608	0.0213
3609	0.0087
361	0.2878
3610	0.0213
3611	0.0131
3612	0.0131
3613	0.1316
3614	0.0213
3615	0.0719
3616	0.0941
3617	0.0176
3618	0.0176
3619	0.0176
362	1.0918
3620	0.0176
3621	0.0176
3622	0.0176
3623	0.0176
3624	0.0398
3625	0.0176
3626	0.0354
3627	0.0222
3628	0.0222
3629	0.0222
363	0.0117
3630	0.0222
3631	0.0222
3632	0.0222
3633	0.0222
3634	0.0282
3635	0.0282
3636	0.0282
3637	0.0447
3638	0.0101
3639	0.0101
364	0.0117
3640	0.0101
3641	0.0101
3642	0.0101
3643	2.1482
3644	2.1482
3645	2.0142
3646	2.0142
3647	2.0142
3648	2.0142
3649	0.0055
365	0.0208
3650	0.0055
3651	0.0055
3652	0.0055
3653	0.0055
3654	0.0055
3655	0.0055
3656	0.0055
3657	0.0055
3658	0.0055
3659	0.0185
366	0.0117
3660	0.0089
3661	0.0089
3662	0.0089
3663	0.0089
3664	0.0775
3665	0.0
3666	0.0
3667	0.0
3668	0.0
3669	0.0
367	0.0117
3670	0.0
3671	0.0
3672	0.0
3673	0.0
3674	0.0
3675	0.0
3676	0.0
3677	0.0
3678	0.0
3679	0.0
368	0.0117
3680	0.0
3681	0.0
3682	0.0
3683	0.0
3684	0.0
3685	0.0
3686	0.0
3687	0.0
3688	0.0
3689	0.0
369	0.8859
3690	0.0
3691	0.0
3692	0.0
3693	0.0
3694	0.0
3695	0.0
3696	0.0
3697	0.0
3698	0.0
3699	0.0
37	15.2794
370	3.0E-4
3700	0.0
3701	1.0E-4
3702	0.2493
3703	2.0E-4
3704	0.0012
3705	0.005
3706	0.0028
3707	0.0012
3708	0.0012
3709	7.0E-4
371	6.0E-4
3710	6.0E-4
3711	0.0012
3712	6.0E-4
3713	9.0E-4
3714	9.0E-4
3715	9.0E-4
3716	3.0E-4
3717	3.0E-4
3718	3.0E-4
3719	3.0E-4
372	2.0E-4
3720	3.0E-4
3721	2.0E-4
3722	2.0E-4
3723	1.0E-4
3724	1.0E-4
3725	1.0E-4
3726	4.0E-4
3727	4.0E-4
3728	4.0E-4
3729	7.2592
373	2.0E-4
3730	1.0E-4
3731	1.0E-4
3732	1.0E-4
3733	0.0418
3734	0.1735
3735	0.0444
3736	0.0418
3737	0.0034
3738	0.0109
3739	0.0124
374	2.0E-4
3740	0.0267
3741	0.0071
3742	5.7424
3743	0.0034
3744	0.0034
3745	0.0034
3746	0.0034
3747	0.0034
3748	0.001
3749	0.0015
375	2.0E-4
3750	0.001
3751	0.0021
3752	0.0021
3753	0.0021
3754	0.0021
3755	0.0021
3756	0.0021
3757	0.0021
3758	0.0021
3759	0.0083
376	2.0E-4
3760	0.0083
3761	0.0083
3762	0.0427
3763	0.0427
3764	0.0427
3765	0.0427
3766	1.1866
3767	1.1866
3768	0.0035
3769	0.0035
377	3.0E-4
3770	0.0035
3771	0.0035
3772	0.0035
3773	1.4161
3774	1.4161
3775	1.4161
3776	1.4161
3777	0.0047
3778	0.0047
3779	0.0047
378	2.0E-4
3780	0.0047
3781	0.6363
3782	0.8389
3783	0.6363
3784	0.6363
3785	0.6363
3786	0.6363
3787	0.0039
3788	0.0055
3789	0.791
379	2.0E-4
3790	0.791
3791	0.791
3792	0.1113
3793	0.1113
3794	0.1113
3795	0.1113
3796	0.1113
3797	0.1113
3798	0.1113
3799	0.1113
38	14.0857
380	2.0E-4
3800	0.0
3801	0.0
3802	0.0
3803	0.0
3804	0.0
3805	0.0
3806	0.0
3807	0.0
3808	3.6372
3809	0.0
381	2.0E-4
3810	0.0
3811	0.0
3812	0.0
3813	0.0
3814	0.0
3815	0.0
3816	0.0
3817	0.0
3818	0.0
3819	0.0
382	0.0143
3820	0.0
3821	0.0
3822	0.0
3823	0.0
3824	0.0
3825	0.0
3826	0.0
3827	0.0
3828	0.0
3829	0.0
383	0.0143
3830	0.0
3831	0.0
3832	0.0
3833	0.0
3834	10.4824
3835	5.0188
3836	1.9598
3837	0.8408
3838	0.5149
3839	0.4198
384	0.0276
3840	0.3903
3841	0.3819
3842	0.3791
3843	0.3784
3844	0.3781
3845	0.3781
3846	0.3781
3847	0.3781
3848	0.3781
3849	0.3781
385	0.0276
3850	0.3781
3851	0.3781
3852	0.3781
3853	0.3781
3854	0.3781
3855	0.3781
3856	0.3781
3857	0.3781
3858	0.3781
3859	0.3781
386	0.0276
3860	0.3781
3861	0.3781
3862	0.3781
3863	0.3781
3864	0.3781
3865	0.3783
3866	0.3789
3867	0.3812
3868	0.3891
3869	0.4186
387	0.0606
3870	0.5325
3871	1.021
3872	2.7735
3873	7.9999
3874	0.2198
3875	8.117
3876	3.9553
3877	1.5999
3878	0.7326
3879	0.4799
388	0.0162
3880	0.406
3881	0.3831
3882	0.3766
3883	0.3744
3884	0.3738
3885	0.3736
3886	0.3736
3887	0.3736
3888	0.3736
3889	0.3736
389	0.0329
3890	0.3736
3891	0.3736
3892	0.3736
3893	0.3736
3894	0.3736
3895	0.3736
3896	0.3736
3897	0.3738
3898	0.3742
3899	0.3761
39	3.6389
390	5.0E-4
3900	0.3822
3901	0.405
3902	0.4935
3903	0.8725
3904	2.2181
3905	6.2027
3906	0.2171
3907	2.5856
3908	1.4444
3909	0.7301
391	0.0069
3910	0.4521
3911	0.3724
3912	0.3557
3913	0.377
3914	0.4976
3915	0.8948
3916	1.9969
3917	0.193
3918	5.7494
3919	2.8877
392	4.0E-4
3920	1.2361
3921	0.6208
3922	0.4413
3923	0.3887
3924	0.3724
3925	0.3677
3926	0.3661
3927	0.3657
3928	0.3656
3929	0.3656
393	4.0E-4
3930	0.3656
3931	0.3657
3932	0.366
3933	0.3673
3934	0.3717
3935	0.388
3936	0.4509
3937	0.7203
3938	1.6591
3939	4.4034
394	4.0E-4
3940	0.2121
3941	8.9052
3942	4.3099
3943	1.7201
3944	0.7689
3945	0.4918
3946	0.4108
3947	0.3858
3948	0.3786
3949	0.3762
395	4.0E-4
3950	0.3756
3951	0.3754
3952	0.3753
3953	0.3753
3954	0.3753
3955	0.3753
3956	0.3753
3957	0.3753
3958	0.3753
3959	0.3753
396	5.0E-4
3960	0.3753
3961	0.3753
3962	0.3753
3963	0.3753
3964	0.3753
3965	0.3754
3966	0.3755
3967	0.3761
3968	0.378
3969	0.3847
397	4.0E-4
3970	0.4098
3971	0.5067
3972	0.9223
3973	2.4035
3974	6.8016
3975	0.2181
3976	4.4328
3977	2.2911
3978	1.0304
3979	0.5552
398	4.0E-4
3980	0.4163
3981	0.3756
3982	0.3629
3983	0.3593
3984	0.3582
3985	0.3582
3986	0.359
3987	0.3624
3988	0.3751
3989	0.4238
399	6.0E-4
3990	0.6322
3991	1.3453
3992	3.4024
3993	0.2072
3994	7.3279
3995	3.5998
3996	1.4792
3997	0.6959
3998	0.4675
3999	0.4008
4	0.0048
40	4.9772
400	4.0E-4
4000	0.3801
4001	0.3741
4002	0.3722
4003	0.3717
4004	0.3715
4005	0.3714
4006	0.3714
4007	0.3714
4008	0.3714
4009	0.3714
401	4.0E-4
4010	0.3714
4011	0.3714
4012	0.3715
4013	0.3716
4014	0.372
4015	0.3737
4016	0.3792
4017	0.3999
4018	0.4799
4019	0.8224
402	4.0E-4
4020	2.0323
4021	5.603
4022	0.2157
4023	13.9009
4024	6.5538
4025	2.4773
4026	0.9945
4027	0.5629
4028	0.4371
4029	0.3981
403	4.0E-4
4030	0.387
4031	0.3834
4032	0.3824
4033	0.3821
4034	0.382
4035	0.382
4036	0.382
4037	0.382
4038	0.382
4039	0.382
404	5.0E-4
4040	0.382
4041	0.382
4042	0.382
4043	0.382
4044	0.382
4045	0.382
4046	0.382
4047	0.382
4048	0.382
4049	0.382
405	4.0E-4
4050	0.382
4051	0.382
4052	0.382
4053	0.382
4054	0.382
4055	0.382
4056	0.382
4057	0.382
4058	0.382
4059	0.382
406	5.0E-4
4060	0.382
4061	0.382
4062	0.382
4063	0.382
4064	0.382
4065	0.382
4066	0.382
4067	0.3823
4068	0.3831
4069	0.3862
407	4.0E-4
4070	0.3965
4071	0.4356
4072	0.5862
4073	1.233
4074	3.5739
4075	10.5971
4076	0.2223
4077	6.5389
4078	3.2441
4079	1.358
408	4.0E-4
4080	0.6587
4081	0.4548
4082	0.3951
4083	0.3766
4084	0.3712
4085	0.3695
4086	0.369
4087	0.3689
4088	0.3688
4089	0.3688
409	0.0177
4090	0.3688
4091	0.3688
4092	0.3689
4093	0.369
4094	0.3694
4095	0.3708
4096	0.3758
4097	0.3943
4098	0.4657
4099	0.7717
41	3.5559
410	0.0177
4100	1.846
4101	5.0035
4102	0.2141
4103	3.9058
4104	2.0512
4105	0.9466
4106	0.5276
4107	0.405
4108	0.369
4109	0.3579
411	0.0177
4110	0.3549
4111	0.3547
4112	0.3575
4113	0.3685
4114	0.4116
4115	0.5955
4116	1.2184
4117	3.0016
4118	0.2044
4119	0.0
412	0.0177
4120	0.0
4121	1.0E-4
4122	2.0E-4
4123	2.0E-4
4124	0.0
4125	0.0
4126	0.0
4127	0.0
4128	0.0
4129	0.0
413	0.0177
4130	0.0
4131	0.0
4132	0.0
4133	0.0
4134	0.0
4135	0.0
4136	0.0
4137	0.0
4138	0.0
4139	4.364
414	0.0177
4140	2.275
4141	1.0583
4142	0.6022
4143	0.4707
4144	0.4324
4145	0.4208
4146	0.4177
4147	0.4175
4148	0.4204
4149	0.4323
415	0.0129
4150	0.4793
4151	0.6823
4152	1.3746
4153	3.3754
4154	0.0
4155	0.0
4156	0.0
4157	0.0
4158	0.0
4159	0.0
416	0.0778
4160	0.0
4161	0.0
4162	0.0
4163	0.0
4164	0.0
4165	0.0
4166	0.0
4167	0.0
4168	0.0
4169	0.0
417	3.0E-4
4170	0.0
4171	0.0
4172	0.0
4173	0.0
4174	0.0
4175	0.0
4176	0.0
4177	0.0
4178	0.0
4179	0.0
418	3.0E-4
4180	0.0
4181	0.0
4182	0.0
4183	0.0
4184	0.0
4185	0.0
4186	0.0
4187	0.0
4188	0.0
4189	0.0
419	3.0E-4
4190	0.0
4191	0.0
4192	0.0
4193	0.0
4194	0.0
4195	0.0
4196	0.0
4197	0.0
4198	0.0
4199	0.0
42	4.5881
420	3.0E-4
4200	0.0
4201	0.0
4202	0.0
4203	0.0
4204	0.0
4205	0.0
4206	0.0
4207	0.0
4208	0.0
4209	0.0
421	3.0E-4
4210	0.0
4211	0.0
4212	0.0
4213	0.0
4214	0.0
4215	0.0
4216	0.0
4217	0.0
4218	0.0
4219	0.0
422	3.0E-4
4220	0.0
4221	0.0
4222	0.0
4223	0.0
4224	0.0
4225	0.0
4226	0.0
4227	0.0
4228	0.0
4229	0.0
423	3.0E-4
4230	0.0
4231	0.0
4232	0.0
4233	0.0
4234	0.0
4235	0.0
4236	0.0
4237	0.0
4238	0.0
4239	0.0
424	3.0E-4
4240	0.0
4241	0.0
4242	0.0
4243	0.0
4244	0.0
4245	0.0
4246	0.0
4247	0.0
4248	0.0
4249	0.0
425	5.7492
4250	0.0
4251	0.0
4252	0.0
4253	0.0
4254	0.0
4255	0.0
4256	0.0
4257	0.0
4258	0.0
4259	0.0
426	0.2155
4260	0.0
4261	0.0
4262	0.0
4263	0.0
4264	0.0
4265	0.0
4266	0.0
4267	0.0
4268	0.0
4269	0.0
427	0.1083
4270	0.0
4271	0.0
4272	0.0
4273	0.0
4274	0.0
4275	0.0
4276	0.0
4277	0.0
4278	0.0
4279	0.0
428	0.0301
4280	0.0
4281	0.0
4282	0.0
4283	0.0
4284	0.0
4285	0.0
4286	0.0
4287	0.0
4288	0.0
4289	0.0
429	0.2818
4290	0.0
4291	0.0
4292	0.0
4293	0.0
4294	0.0
4295	0.0
4296	0.0
4297	0.0
4298	0.0
4299	0.0
43	11.5875
430	0.5572
4300	0.0
4301	0.0
4302	0.0
4303	0.0
4304	0.0
4305	0.0
4306	0.0
4307	0.0
4308	0.0
4309	0.0
431	0.012
4310	0.0
4311	0.0
4312	0.0
4313	0.0
4314	0.0
4315	0.0
4316	0.0
4317	0.0
4318	0.0
4319	0.0
432	5.0E-4
4320	0.0
4321	0.0
4322	0.0
4323	0.0
4324	0.0
4325	0.0
4326	0.0
4327	0.0
4328	0.0
4329	0.0
433	0.0115
4330	0.0
4331	0.0
4332	0.0
4333	0.0
4334	0.0
4335	0.0
4336	0.0
4337	0.0
4338	0.0
4339	0.0
434	0.0115
4340	0.0
4341	0.0
4342	0.0
4343	0.0
4344	0.0
4345	0.0
4346	0.0
4347	0.0
4348	0.0
4349	0.0
435	0.011
4350	0.0
4351	0.0
4352	0.0
4353	0.0
4354	0.0
4355	0.0
4356	0.0
4357	0.0
4358	0.0
4359	0.0
436	0.011
4360	0.0
4361	0.0
4362	0.0
4363	0.0
4364	0.0
4365	0.0
4366	0.0
4367	0.0
4368	0.0
4369	0.0
437	0.011
4370	0.0
4371	0.0
4372	0.0
4373	0.0
4374	0.0
4375	0.0
4376	0.0
4377	0.0
4378	0.0
4379	0.0
438	0.011
4380	0.0
4381	0.0
4382	0.0
4383	0.0
4384	0.0
4385	0.0
4386	0.0
4387	0.0
4388	0.0
4389	0.0
439	0.011
4390	0.0
4391	0.0
4392	0.0
4393	0.0
4394	0.0
4395	0.0
4396	0.0
4397	0.0
4398	0.0
4399	0.0
44	2.9892
440	0.011
4400	0.0
4401	0.0
4402	0.0
4403	0.0
4404	0.0
4405	0.0
4406	0.0
4407	0.0
4408	0.0
4409	0.0
441	0.0014
4410	0.0
4411	0.0
4412	0.0
4413	0.0
4414	0.0
4415	0.0
4416	0.0
4417	0.0
4418	0.0
4419	0.0
442	0.0017
4420	0.0
4421	0.0
4422	0.0
4423	0.0
4424	0.0
4425	0.0
4426	0.0
4427	0.0
4428	0.0
4429	0.0
443	0.0017
4430	0.0
4431	0.0
4432	0.0
4433	0.0
4434	0.0
4435	0.0
4436	1.0E-4
4437	1.0E-4
4438	0.0
4439	1.0E-4
444	0.0017
4440	1.0E-4
4441	1.0E-4
4442	1.0E-4
4443	0.0
4444	0.0
4445	0.0
4446	1.0E-4
4447	1.0E-4
4448	0.0
4449	0.0
445	0.016
4450	0.0
4451	0.0
4452	0.0
4453	0.0
4454	0.0
4455	0.0
4456	0.0
4457	0.0
4458	3.6371
4459	0.0
446	0.0162
4460	0.0
4461	0.0
4462	0.0
4463	0.0
4464	0.0
4465	0.0
4466	0.0
4467	0.0
4468	0.0
4469	0.0
447	0.016
4470	0.0
4471	0.0
4472	0.0
4473	0.0
4474	0.0
4475	0.0
4476	0.0
4477	0.0
4478	0.0
4479	0.0
448	0.0278
4480	0.0
4481	0.0
4482	0.0
4483	0.0
4484	0.0784
4485	1.0154
4486	0.0
4487	0.0
4488	0.0
4489	0.0
449	0.0153
4490	0.0
4491	0.0
4492	0.0
4493	0.0
4494	0.0
4495	0.0
4496	0.0
4497	0.0
4498	0.0
4499	0.0
45	1.4678
450	0.0111
4500	0.0
4501	0.0
4502	0.0
4503	0.0
4504	0.0
4505	0.0
4506	0.0
4507	0.0
4508	0.0
4509	0.0
451	0.0106
4510	0.0
4511	0.0
4512	0.0
4513	0.0
4514	0.0
4515	0.0
4516	0.0
4517	0.0
4518	0.0
4519	0.0
452	0.0088
4520	0.0
4521	0.0
4522	0.0
4523	0.0
4524	0.0
4525	0.0
4526	0.0
4527	0.0
4528	0.0
4529	0.0
453	0.0082
4530	0.0
4531	0.0
4532	0.0
4533	0.0
4534	0.0
4535	0.0
4536	0.0
4537	0.0
4538	0.0
4539	0.0
454	0.0082
4540	0.0
4541	0.0
4542	0.0
4543	0.0
4544	0.0
4545	0.0
4546	0.0
4547	0.0
4548	0.0
4549	0.0
455	0.0082
4550	0.0
4551	0.0
4552	0.0
4553	0.0
4554	0.0
4555	0.0
4556	0.0
4557	0.0
4558	0.0
4559	0.0
456	0.0082
4560	0.0
4561	0.0
4562	0.0
4563	0.0
4564	0.0
4565	0.0
4566	0.0
4567	0.0
4568	0.0
4569	0.0
457	0.0609
4570	0.0
4571	0.0
4572	0.0
4573	0.0
4574	0.0
4575	0.0
4576	0.0
4577	0.0
4578	0.0
4579	0.0
458	0.0609
4580	0.0
4581	0.0
4582	0.0
4583	0.0
4584	0.0
4585	0.0
4586	0.0
4587	0.0
4588	0.0
4589	0.0
459	0.0609
4590	0.0
4591	0.0
4592	0.0
4593	0.0
4594	0.0
4595	0.0
4596	0.0
4597	0.0
4598	0.0
4599	0.0
46	3.1289
460	0.0554
4600	0.0
4601	0.0
4602	0.0
4603	0.0
4604	0.0
4605	0.0
4606	0.0
4607	0.0
4608	0.0
4609	0.0
461	0.0609
4610	0.0
4611	0.0
4612	0.0
4613	0.0
4614	0.0
4615	0.0
4616	0.0
4617	0.0
4618	0.0
4619	0.0
462	0.0613
4620	0.0
4621	0.0
4622	0.0
4623	0.0
4624	0.0
4625	0.0
4626	0.0
4627	0.0
4628	0.0
4629	0.0
463	0.0613
4630	0.0
4631	0.0
4632	0.0
4633	0.0
4634	0.0
4635	0.0
4636	0.0
4637	0.0
4638	0.0
4639	0.0
464	0.0613
4640	0.0
4641	0.0
4642	0.0
4643	0.0
4644	0.0
4645	0.0
4646	0.0
4647	0.0
4648	0.0
4649	0.0
465	0.0609
4650	0.0
4651	0.0
4652	0.0
4653	0.0
4654	0.0
4655	0.0
4656	0.0
4657	0.0
4658	0.0
4659	0.0
466	0.0609
4660	0.0
4661	0.0
4662	0.0
4663	0.0
4664	0.0
4665	0.0
4666	0.0
4667	0.0
4668	0.0
4669	0.0
467	0.0668
4670	0.0
4671	0.0
4672	0.0
4673	0.0
4674	0.0
4675	0.0
4676	0.0
4677	0.0
4678	0.0
4679	0.0
468	0.0668
4680	0.0
4681	0.0
4682	0.0
4683	0.0
4684	0.0
4685	0.0
4686	0.0
4687	0.0
4688	0.0
4689	0.0
469	0.0225
4690	0.0
4691	0.0
4692	0.0
4693	0.0
4694	0.0
4695	0.0
4696	0.0
4697	0.0
4698	0.0
4699	0.0
47	0.8276
470	0.0218
4700	0.0
4701	0.0
4702	0.0
4703	0.0
4704	0.0
4705	0.0
4706	0.0
4707	0.0
4708	0.0
4709	0.0
471	0.0218
4710	0.0
4711	0.0
4712	0.0
4713	0.0
4714	0.0
4715	0.0
4716	0.0
4717	0.0
4718	0.0
4719	0.0
472	0.0218
4720	0.0
4721	0.0
4722	0.0
4723	0.0
4724	0.0
4725	0.0
4726	0.0
4727	0.0
4728	0.0
4729	0.0
473	0.0201
4730	0.0
4731	0.0
4732	0.0
4733	0.0
4734	0.0
4735	0.0
4736	0.0
4737	0.0
4738	0.0
4739	0.0
474	0.0084
4740	0.0
4741	0.0
4742	0.0
4743	0.0
4744	0.0
4745	0.0
4746	0.0
4747	0.0
4748	0.0
4749	0.0
475	0.0021
4750	0.0
4751	0.0
4752	0.0
4753	0.0
4754	0.0
4755	0.0
4756	0.0
4757	0.0
4758	0.0
4759	0.0
476	0.002
4760	0.0
4761	0.0
4762	0.0
4763	0.0
4764	0.0
4765	0.0
4766	0.0
4767	0.0
4768	0.0
4769	0.0
477	0.002
4770	0.0
4771	0.0
4772	0.0
4773	0.0
4774	0.1277
4775	0.1145
4776	0.4622
4777	0.4622
4778	0.0807
4779	0.0807
478	0.002
4780	0.0807
4781	0.0675
4782	0.0675
4783	0.0675
4784	0.0728
4785	0.0865
4786	0.0865
4787	0.0893
4788	0.0893
4789	0.0675
479	0.0971
4790	0.0742
4791	0.0675
4792	0.0742
4793	0.0016
4794	0.0015
4795	0.0015
4796	0.0015
4797	0.0015
4798	0.0015
4799	0.0072
48	1.9053
480	0.1372
4800	0.0015
4801	0.0032
4802	0.0053
4803	0.0053
4804	0.0053
4805	0.0465
4806	1.0913
4807	0.0232
4808	0.0232
4809	0.0465
481	0.0966
4810	2.7791
4811	0.031
4812	0.135
4813	0.0043
4814	0.0049
4815	0.2251
4816	0.0126
4817	0.0126
4818	0.0126
4819	1.2254
482	0.0082
4820	0.0126
4821	0.0033
4822	0.0033
4823	0.0033
4824	0.0033
4825	0.0033
4826	0.0033
4827	0.0033
4828	0.0162
4829	0.0162
483	0.008
4830	0.007
4831	0.0047
4832	0.0047
4833	0.0201
4834	0.0201
4835	0.0201
4836	0.0201
4837	0.0201
4838	0.0229
4839	0.004
484	0.008
4840	0.016
4841	0.016
4842	0.016
4843	0.0054
4844	0.0136
4845	0.0027
4846	0.0027
4847	0.0027
4848	0.3565
4849	0.3565
485	0.0069
4850	0.3565
4851	0.2677
4852	0.2677
4853	0.2677
4854	0.0058
4855	0.0058
4856	0.0058
4857	0.0496
4858	0.0496
4859	0.0496
486	0.0063
4860	0.1489
4861	0.1489
4862	0.0774
4863	6.0E-4
4864	6.0E-4
4865	0.0015
4866	6.0E-4
4867	0.0014
4868	0.0011
4869	0.0015
487	0.0063
4870	0.0015
4871	0.0
4872	0.0
4873	0.0
4874	0.0
4875	0.0
4876	0.0
4877	0.0
4878	0.0
4879	0.0
488	0.0063
4880	0.0
4881	0.0
4882	0.0
4883	0.0
4884	0.0
4885	0.0
4886	0.0
4887	0.0
4888	0.0
4889	0.0
489	0.0063
4890	0.0
4891	0.0
4892	0.0
4893	0.0
4894	0.0
4895	0.0
4896	0.0
4897	0.0
4898	0.0
4899	0.0
49	0.8271
490	0.0063
4900	0.0
4901	0.0
4902	0.0
4903	0.0
4904	0.0
4905	0.0
4906	0.0
4907	0.0
4908	0.0
4909	0.0
491	0.0063
4910	0.0
4911	0.0
4912	0.0
4913	0.0
4914	0.0
4915	0.0
4916	0.0
4917	0.0
4918	0.0
4919	0.0
492	0.01
4920	0.0
4921	0.0
4922	0.0
4923	0.0
4924	0.0
4925	0.0
4926	0.0
4927	0.0
4928	0.0
4929	2.0E-4
493	0.0063
4930	0.1691
4931	0.1691
4932	0.1691
4933	0.1691
4934	0.1691
4935	0.1691
4936	0.1691
4937	0.0063
4938	0.0063
4939	0.0063
494	2.0E-4
4940	0.0063
4941	0.0063
4942	0.0063
4943	0.0063
4944	0.0063
4945	0.0063
4946	0.0063
4947	0.0063
4948	0.0063
4949	0.0063
495	2.0E-4
4950	0.0063
4951	0.0063
4952	0.0063
4953	0.0063
4954	0.0063
4955	0.0063
4956	0.0063
4957	0.0063
4958	0.0063
4959	0.0063
496	7.0E-4
4960	0.0063
4961	0.0063
4962	0.0063
4963	0.0089
4964	0.0063
4965	0.0063
4966	0.0063
4967	0.0063
4968	0.0063
4969	0.0063
497	2.0E-4
4970	0.0063
4971	0.0063
4972	5.0E-4
4973	5.0E-4
4974	5.0E-4
4975	5.0E-4
4976	5.0E-4
4977	5.0E-4
4978	5.0E-4
4979	5.0E-4
498	0.0035
4980	5.0E-4
4981	5.0E-4
4982	5.0E-4
4983	5.0E-4
4984	5.0E-4
4985	5.0E-4
4986	5.0E-4
4987	5.0E-4
4988	5.0E-4
4989	5.0E-4
499	0.0017
4990	5.0E-4
4991	5.0E-4
4992	5.0E-4
4993	5.0E-4
4994	5.0E-4
4995	5.0E-4
4996	5.0E-4
4997	5.0E-4
4998	5.0E-4
4999	5.0E-4
5	0.0048
50	0.8271
500	0.2223
5000	5.0E-4
5001	0.0045
5002	0.0045
5003	0.0045
5004	0.0045
5005	0.0045
5006	0.0045
5007	0.0045
5008	0.3375
5009	0.3375
501	0.2162
5010	0.3375
5011	0.3375
5012	0.3375
5013	9.0E-4
5014	9.0E-4
5015	9.0E-4
5016	9.0E-4
5017	9.0E-4
5018	9.0E-4
5019	9.0E-4
502	0.2126
5020	9.0E-4
5021	9.0E-4
5022	9.0E-4
5023	9.0E-4
5024	9.0E-4
5025	9.0E-4
5026	9.0E-4
5027	9.0E-4
5028	9.0E-4
5029	9.0E-4
503	0.0858
5030	9.0E-4
5031	9.0E-4
5032	9.0E-4
5033	5.0E-4
5034	5.0E-4
5035	0.6187
5036	0.0
5037	0.0
5038	0.0
5039	0.0
504	0.0858
5040	0.0
5041	0.0
5042	0.0
5043	0.0
5044	0.0
5045	0.0
5046	0.0
5047	0.0
5048	0.0
5049	0.0
505	0.2458
5050	0.0
5051	4.364
5052	2.275
5053	1.0583
5054	0.6022
5055	0.4707
5056	0.4324
5057	0.4208
5058	0.4176
5059	0.4175
506	0.006
5060	0.4204
5061	0.4324
5062	0.4792
5063	0.6823
5064	1.3746
5065	3.3754
5066	0.0
5067	0.0
5068	0.0
5069	0.0
507	0.006
5070	0.0
5071	0.0
5072	7.7874
5073	5.5028
5074	2.3763
5075	0.8194
5076	0.3409
5077	0.1916
5078	0.147
5079	0.1327
508	0.006
5080	0.1287
5081	0.1273
5082	0.127
5083	0.1269
5084	0.1268
5085	0.1268
5086	0.1268
5087	0.1268
5088	0.1268
5089	0.1268
509	0.006
5090	0.1268
5091	0.1268
5092	0.1268
5093	0.1268
5094	0.1268
5095	0.1268
5096	0.1268
5097	0.1268
5098	0.1268
5099	0.1268
510	0.006
5100	0.1268
5101	0.1269
5102	0.127
5103	0.1272
5104	0.1283
5105	0.1316
5106	0.1427
5107	0.1779
5108	0.2894
5109	0.6207
511	0.006
5110	1.509
5111	2.3832
5112	6.0139
5113	4.2771
5114	1.8677
5115	0.6626
5116	0.2917
5117	0.1759
5118	0.1412
5119	0.1301
512	0.006
5120	0.127
5121	0.1259
5122	0.1257
5123	0.1256
5124	0.1255
5125	0.1255
5126	0.1255
5127	0.1255
5128	0.1255
5129	0.1255
513	0.006
5130	0.1255
5131	0.1255
5132	0.1256
5133	0.1256
5134	0.1259
5135	0.1267
5136	0.1292
5137	0.1379
5138	0.1652
5139	0.2516
514	0.006
5140	0.508
5141	1.1937
5142	1.8552
5143	1.8728
5144	1.4072
5145	0.6709
5146	0.2888
5147	0.1724
5148	0.1437
5149	0.16
515	0.006
5150	0.2376
5151	0.4493
5152	0.618
5153	4.2394
5154	3.0498
5155	1.3577
5156	0.5046
5157	0.2414
5158	0.1591
5159	0.1344
516	0.006
5160	0.1265
5161	0.1242
5162	0.1235
5163	0.1233
5164	0.1232
5165	0.1233
5166	0.1234
5167	0.124
5168	0.1258
5169	0.132
517	0.006
5170	0.1514
5171	0.2128
5172	0.3941
5173	0.8772
5174	1.3265
5175	6.6047
5176	4.6856
5177	2.0373
5178	0.7149
5179	0.3082
518	0.006
5180	0.1812
5181	0.1432
5182	0.1311
5183	0.1276
5184	0.1265
5185	0.1262
5186	0.126
5187	0.126
5188	0.126
5189	0.126
519	0.1001
5190	0.126
5191	0.126
5192	0.126
5193	0.126
5194	0.126
5195	0.126
5196	0.126
5197	0.126
5198	0.126
5199	0.1262
52	13.2223
520	0.1001
5200	0.1264
5201	0.1273
5202	0.13
5203	0.1395
5204	0.1695
5205	0.2643
5206	0.5456
5207	1.2989
5208	2.0313
5209	3.2534
521	0.073
5210	2.3668
5211	1.0731
5212	0.4157
5213	0.2124
5214	0.1487
5215	0.1296
5216	0.1235
5217	0.1219
5218	0.1217
5219	0.123
522	0.0768
5220	0.1278
5221	0.1428
5222	0.1901
5223	0.3298
5224	0.7003
5225	1.0321
5226	5.4222
5227	3.8681
5228	1.6978
5229	0.6101
523	0.2351
5230	0.2751
5231	0.1704
5232	0.1391
5233	0.1291
5234	0.1262
5235	0.1253
5236	0.125
5237	0.1249
5238	0.1249
5239	0.1249
524	0.0768
5240	0.1249
5241	0.1249
5242	0.1249
5243	0.1249
5244	0.125
5245	0.1252
5246	0.1259
5247	0.1282
5248	0.1361
5249	0.1607
525	0.0768
5250	0.2388
5251	0.4702
5252	1.0884
5253	1.6791
5254	10.3516
5255	7.274
5256	3.1107
5257	1.0453
5258	0.4113
5259	0.2136
526	2.393
5260	0.1545
5261	0.1357
5262	0.1304
5263	0.1286
5264	0.1282
5265	0.128
5266	0.128
5267	0.128
5268	0.128
5269	0.128
527	0.0601
5270	0.128
5271	0.128
5272	0.128
5273	0.128
5274	0.128
5275	0.128
5276	0.128
5277	0.128
5278	0.128
5279	0.128
528	0.0582
5280	0.128
5281	0.128
5282	0.128
5283	0.128
5284	0.128
5285	0.128
5286	0.128
5287	0.128
5288	0.128
5289	0.128
529	0.0543
5290	0.128
5291	0.128
5292	0.128
5293	0.128
5294	0.128
5295	0.128
5296	0.128
5297	0.1282
5298	0.1284
5299	0.1299
53	0.2861
530	0.0543
5300	0.1341
5301	0.149
5302	0.1955
5303	0.3433
5304	0.7828
5305	1.9639
5306	3.146
5307	4.8308
5308	3.4591
5309	1.5279
531	3.0E-4
5310	0.5574
5311	0.2584
5312	0.1649
5313	0.1368
5314	0.1279
5315	0.1253
5316	0.1245
5317	0.1242
5318	0.1242
5319	0.1242
532	0.0025
5320	0.1242
5321	0.1242
5322	0.1242
5323	0.1244
5324	0.1251
5325	0.1271
5326	0.1342
5327	0.1562
5328	0.2259
5329	0.4322
533	3.0E-4
5330	0.9829
5331	1.5029
5332	2.859
5333	2.0933
5334	0.9588
5335	0.3798
5336	0.2005
5337	0.1443
5338	0.1274
5339	0.1224
534	3.0E-4
5340	0.1221
5341	0.1258
5342	0.139
5343	0.1807
5344	0.3036
5345	0.6291
5346	0.9141
5347	3.1527
5348	2.2914
5349	1.0458
535	3.0E-4
5350	0.4172
5351	0.2244
5352	0.1647
5353	0.1469
5354	0.1416
5355	0.1413
5356	0.1453
5357	0.1594
5358	0.2047
5359	0.3395
536	1.356
5360	0.6995
5361	1.0185
5362	0.0
5363	0.0
5364	0.0
5365	0.0
5366	0.0
5367	0.0
5368	0.0
5369	0.0
537	1.356
5370	0.0
5371	0.0
5372	0.0
5373	0.0
5374	0.0
5375	0.0
5376	0.0
5377	0.0
5378	0.0
5379	0.0
538	1.3561
5380	0.0
5381	0.0
5382	0.0
5383	0.0
5384	0.0
5385	0.0
5386	0.0
5387	0.0
5388	0.0
5389	0.0
539	1.3856
5390	0.0
5391	0.0
5392	0.0
5393	0.0
5394	0.0
5395	0.0
5396	0.0
5397	4.364
5398	2.275
5399	1.0583
54	0.2743
540	1.356
5400	0.6022
5401	0.4706
5402	0.4324
5403	0.4208
5404	0.4177
5405	0.4175
5406	0.4204
5407	0.4324
5408	0.4792
5409	0.6823
541	1.3856
5410	1.3746
5411	3.3754
5412	0.0
5413	0.0
5414	0.0
5415	0.0
5416	0.0
5417	0.0
5418	0.0497
5419	0.0497
542	1.356
5420	0.0497
5421	0.0
5422	0.0621
5423	0.0621
5424	0.0289
5425	0.0289
5426	0.0081
5427	0.0081
5428	0.0081
5429	3.0E-4
543	1.3558
5430	3.0E-4
5431	3.0E-4
5432	3.0E-4
5433	3.0E-4
5434	3.0E-4
5435	0.0113
5436	8.0E-4
5437	8.0E-4
5438	0.0016
5439	4.0E-4
544	1.356
5440	4.0E-4
5441	4.0E-4
5442	0.003
5443	0.003
5444	5.0E-4
5445	5.0E-4
5446	5.0E-4
5447	0.025
5448	0.025
5449	1.0663
545	1.3992
5450	1.0663
5451	1.0663
5452	1.0663
5453	1.2507
5454	1.1214
5455	1.0581
5456	4.7044
5457	0.7073
5458	0.7073
5459	0.0334
546	1.356
5460	0.0132
5461	0.0132
5462	0.0132
5463	0.0132
5464	0.0024
5465	0.0024
5466	0.0018
5467	0.0018
5468	1.295
5469	0.0136
547	0.1201
5470	1.176
5471	0.0136
5472	4.0E-4
5473	4.0E-4
5474	4.0E-4
5475	4.0E-4
5476	4.0E-4
5477	4.0E-4
5478	4.0E-4
5479	4.0E-4
548	0.0725
5480	0.0012
5481	0.0012
5482	0.0012
5483	0.0481
5484	0.0174
5485	0.0038
5486	0.0013
5487	0.0013
5488	0.0013
5489	0.0013
549	0.0118
5490	0.0031
5491	0.0031
5492	0.0031
5493	0.0031
5494	0.0034
5495	0.0031
5496	0.0031
5497	0.0076
5498	0.0043
5499	0.0043
55	0.2723
550	0.1583
5500	0.0043
5501	0.0043
5502	0.0061
5503	0.0103
5504	0.0103
5505	0.0103
5506	0.0497
5507	0.0497
5508	0.0497
5509	8.0E-4
551	0.1678
5510	4.0E-4
5511	4.0E-4
5512	5.0E-4
5513	0.0
5514	0.0
5515	0.0
5516	0.0
5517	0.0
5518	0.0
5519	0.0
552	0.1583
5520	0.0
5521	0.0
5522	0.0
5523	3.1527
5524	2.2913
5525	1.0458
5526	0.4172
5527	0.2244
5528	0.1647
5529	0.1469
553	0.1663
5530	0.1416
5531	0.1413
5532	0.1453
5533	0.1594
5534	0.2047
5535	0.3395
5536	0.6995
5537	1.0185
5538	0.0
5539	0.0
554	0.1769
5540	0.0
5541	0.0
5542	0.0
5543	0.0
5544	0.0
5545	0.0
5546	0.0
5547	0.0
5548	0.0
5549	0.0
555	0.1776
5550	0.0
5551	0.0
5552	0.0
5553	0.0
5554	0.0
5555	0.0
5556	0.0
5557	0.0
5558	0.0
5559	0.0
556	0.1776
5560	0.0
5561	0.0
5562	0.0
5563	0.0
5564	0.0
5565	0.0
5566	0.0
5567	0.0
5568	0.0
5569	0.0
557	0.3611
5570	0.0
5571	0.0
5572	0.0
5573	0.0
5574	0.0
5575	0.0
5576	0.0
5577	0.0
5578	0.0
5579	0.0
558	0.1147
5580	0.0
5581	0.0
5582	0.0
5583	0.0
5584	0.0
5585	0.0
5586	0.0
5587	0.0
5588	0.0
5589	0.0
559	0.1147
5590	0.0
5591	0.0
5592	0.0
5593	0.0
5594	0.0
5595	0.0
5596	0.0
5597	0.0
5598	0.0
5599	0.0
56	0.2516
560	0.1147
5600	0.0
5601	0.0
5602	0.0
5603	0.0
5604	0.0
5605	0.0
5606	0.0
5607	0.0
5608	0.0
5609	0.0
561	0.109
5610	0.0
5611	0.0
5612	0.0
5613	0.0
5614	0.0
5615	0.0
5616	0.0
5617	0.0
5618	0.0
5619	0.0
562	0.109
5620	0.0
5621	0.0
5622	0.0
5623	0.0
5624	0.0
5625	0.0
5626	0.0
5627	0.0
5628	0.0
5629	0.0
563	0.109
5630	0.0
5631	0.0
5632	0.0
5633	0.0
5634	0.0
5635	0.0
5636	0.0
5637	0.0
5638	0.0
5639	0.0
564	0.109
5640	0.0
5641	0.0
5642	0.0
5643	0.0
5644	0.0
5645	0.0
5646	0.0
5647	0.0
5648	0.0
5649	0.0
565	0.1148
5650	0.0
5651	0.0
5652	0.0
5653	0.0
5654	0.0
5655	0.0
5656	0.0
5657	0.0
5658	0.0
5659	0.0
566	0.0012
5660	0.0
5661	0.0
5662	0.0
5663	0.0
5664	0.0
5665	0.0
5666	0.0
5667	0.0
5668	0.0
5669	0.0
567	0.0012
5670	0.0
5671	0.0
5672	0.0
5673	0.0
5674	0.0
5675	0.0
5676	0.0
5677	0.0
5678	0.0
5679	0.0
568	0.0012
5680	0.0
5681	0.0
5682	0.0
5683	0.0
5684	0.0
5685	0.0
5686	0.0
5687	0.0
5688	0.0
5689	0.0
569	0.0027
5690	0.0
5691	0.0
5692	0.0
5693	0.0
5694	0.0
5695	0.0
5696	0.0
5697	0.0
5698	0.0
5699	0.0
57	0.2442
570	0.0012
5700	0.0
5701	0.0
5702	0.0
5703	0.0
5704	0.0
5705	0.0
5706	0.0
5707	0.0
5708	0.0
5709	0.0
571	0.0012
5710	0.0
5711	0.0
5712	0.0
5713	0.0
5714	0.0
5715	0.0
5716	0.0
5717	0.0
5718	0.0
5719	0.0
572	0.0012
5720	0.0
5721	0.0
5722	0.0
5723	0.0
5724	0.0
5725	0.0
5726	0.0
5727	0.0
5728	0.0
5729	0.0
573	0.0012
5730	0.0
5731	0.0
5732	0.0
5733	0.0
5734	0.0
5735	0.0
5736	0.0
5737	0.0
5738	0.0
5739	0.0
574	0.0012
5740	0.0
5741	0.0
5742	0.0
5743	0.0
5744	0.0
5745	0.0
5746	0.0
5747	0.0
5748	0.0
5749	0.0
575	0.0012
5750	0.0
5751	0.0
5752	0.0
5753	0.0
5754	0.0
5755	0.0
5756	0.0
5757	0.0
5758	0.0
5759	0.0
576	0.0012
5760	0.0
5761	0.0
5762	0.0
5763	0.0
5764	0.0
5765	0.0
5766	0.0
5767	0.0
5768	0.0
5769	0.0
577	0.0012
5770	0.0
5771	0.0
5772	0.0
5773	0.0
5774	0.0
5775	0.0
5776	0.0
5777	0.0
5778	0.0
5779	0.0
578	1.1014
5780	0.0
5781	0.0
5782	0.0
5783	0.0
5784	0.0
5785	3.1527
5786	2.2914
5787	1.0458
5788	0.4171
5789	0.2244
579	0.1574
5790	0.1646
5791	0.1469
5792	0.1416
5793	0.1413
5794	0.1453
5795	0.1594
5796	0.2047
5797	0.3395
5798	0.6995
5799	1.0185
58	0.2729
580	0.1574
5800	0.0
5801	0.0
5802	0.0
5803	0.0
5804	0.0
5805	0.0
5806	0.0
5807	0.0
5808	0.0
5809	0.0
581	0.1658
5810	0.0
5811	0.0
5812	0.0
5813	0.0
5814	0.0
5815	0.0104
5816	0.0104
5817	0.0
5818	0.0017
5819	0.0014
582	0.0015
5820	0.6491
5821	0.6491
5822	0.1293
5823	1.5083
5824	0.1333
5825	0.6741
5826	0.6147
5827	0.6147
5828	0.9506
5829	0.6147
583	0.0015
5830	0.6147
5831	0.6147
5832	0.6476
5833	0.6476
5834	0.0358
5835	0.1935
5836	0.1935
5837	0.1935
5838	0.1935
5839	0.1935
584	0.0012
5840	0.1935
5841	0.1935
5842	0.0272
5843	0.0272
5844	0.002
5845	4.0E-4
5846	4.0E-4
5847	4.0E-4
5848	4.0E-4
5849	4.0E-4
585	0.0015
5850	4.0E-4
5851	4.0E-4
5852	4.0E-4
5853	4.0E-4
5854	4.0E-4
5855	4.0E-4
5856	4.0E-4
5857	4.0E-4
5858	4.0E-4
5859	4.0E-4
586	0.0015
5860	4.0E-4
5861	4.0E-4
5862	4.0E-4
5863	4.0E-4
5864	4.0E-4
5865	4.0E-4
5866	4.0E-4
5867	0.0066
5868	0.0021
5869	0.0021
587	0.0015
5870	0.0021
5871	0.0021
5872	0.0021
5873	0.0021
5874	0.0021
5875	0.0044
5876	0.0021
5877	1.0617
5878	0.0021
5879	0.0021
588	0.0012
5880	0.0021
5881	0.0021
5882	0.0021
5883	0.0021
5884	0.0021
5885	0.0021
5886	0.0021
5887	0.0021
5888	0.0021
5889	0.0021
589	0.0017
5890	0.0021
5891	0.0021
5892	0.0
5893	0.0
5894	0.0
5895	0.0
5896	0.0
5897	0.0
5898	0.0
5899	0.0
59	0.2707
590	0.0017
5900	0.0
5901	0.0
5902	0.0
5903	0.0
5904	0.0
5905	0.0
5906	0.0
5907	0.0
5908	0.0
5909	0.0
591	0.0017
5910	0.0
5911	0.0
5912	0.0
5913	0.0
5914	0.0
5915	0.0
5916	0.0
5917	0.0
5918	0.0
5919	0.0
592	0.0017
5920	0.0018
5921	9.0E-4
5922	0.0842
5923	0.0842
5924	0.0842
5925	0.0842
5926	0.0842
5927	0.0842
5928	0.0842
5929	0.0842
593	5.2673
5930	1.3981
5931	1.3981
5932	1.3981
5933	1.3981
5934	1.3981
5935	1.3981
5936	0.0732
5937	0.0692
5938	0.3508
5939	0.0385
594	0.0018
5940	0.0
5941	0.0
5942	0.0
5943	0.0
5944	0.0
5945	0.0
5946	0.0
5947	0.0
5948	0.0
5949	0.0
595	0.0012
5950	0.0
5951	0.0069
5952	3.0E-4
5953	4.0E-4
5954	5.0E-4
5955	0.2795
5956	1.0439
5957	5.0E-4
5958	0.0
5959	0.0
596	0.0012
5960	0.0
5961	0.0
5962	0.0
5963	0.0
5964	0.0
5965	0.0
5966	0.0
5967	0.0
5968	0.0
5969	0.0
597	0.0012
5970	0.0
5971	0.0
5972	0.0
5973	0.0
5974	0.002
5975	0.0109
5976	0.0419
5977	0.0419
5978	0.004
5979	0.004
598	0.0234
5980	0.004
5981	0.004
5982	0.004
5983	0.004
5984	0.004
5985	0.004
5986	0.004
5987	0.004
5988	0.004
5989	0.004
599	0.0118
5990	0.004
5991	0.004
5992	0.0414
5993	0.0
5994	0.0
5995	0.0
5996	2.0E-4
5997	2.0E-4
5998	2.0E-4
5999	2.0E-4
6	0.0048
60	0.252
600	0.001
6000	2.0E-4
6001	8.0E-4
6002	8.0E-4
6003	8.0E-4
6004	0.2809
6005	0.3191
6006	0.0
6007	0.0
6008	0.0
6009	0.0
601	0.001
6010	0.0
6011	0.0
6012	0.1201
602	0.001
603	0.001
604	0.001
605	0.001
606	0.001
607	0.001
608	0.001
609	0.001
61	13.8901
610	0.001
611	0.016
612	0.0226
613	0.0145
614	0.1279
615	0.0114
616	0.0117
617	0.0161
618	0.0161
619	0.0161
62	0.047
620	0.0234
621	0.0547
622	0.0111
623	0.011
624	0.0109
625	0.0448
626	0.0448
627	0.0126
628	0.002
629	0.002
63	0.2333
630	0.0621
631	0.0091
632	0.0
633	0.0
634	0.0
635	0.0
636	0.0
637	0.0
638	0.0
639	0.0
64	0.1687
640	0.0
641	0.0
642	0.0
643	0.0
644	0.0
645	0.0
646	0.0
647	0.0
648	0.0054
649	0.0054
65	0.1895
650	0.0054
651	0.0054
652	0.0054
653	0.0054
654	0.0054
655	0.0054
656	0.0055
657	0.0054
658	0.0
659	0.0
66	0.1692
660	0.0
661	0.0
662	0.0
663	0.0
664	0.0
665	0.0
666	0.0
667	0.0072
668	0.0044
669	0.0208
67	0.1644
670	0.0207
671	0.0182
672	0.0182
673	0.0185
674	0.0206
675	0.0166
676	0.0166
677	0.0168
678	0.0189
679	0.0
68	0.2347
680	0.0
681	0.0
682	0.0
683	0.0
684	0.0
685	0.0
686	0.0167
687	0.0185
688	0.0185
689	0.0185
69	0.2459
690	0.0
691	0.0
692	0.0
693	0.0
694	0.0
695	0.0
696	0.0
697	0.0
698	0.0
699	0.0
7	0.0359
70	0.1799
700	0.0
701	0.0
702	0.0
703	0.0
704	0.0
705	0.0
706	0.0
707	0.0
708	0.0
709	0.0149
71	0.2646
710	3.0E-4
711	2.0E-4
712	3.0E-4
713	2.0E-4
714	2.0E-4
715	2.0E-4
716	2.0E-4
717	2.0E-4
718	2.0E-4
719	2.0E-4
72	0.3591
720	2.0E-4
721	2.0E-4
722	8.0E-4
723	2.0E-4
724	8.0E-4
725	2.0E-4
726	2.0E-4
727	2.0E-4
728	2.0E-4
729	2.0E-4
73	5.4338
730	2.0E-4
731	2.0E-4
732	2.0E-4
733	2.0E-4
734	2.0E-4
735	2.0E-4
736	2.0E-4
737	2.0E-4
738	2.0E-4
739	2.0E-4
74	1.8999
740	2.0E-4
741	2.0E-4
742	2.0E-4
743	2.0E-4
744	2.0E-4
745	3.0E-4
746	2.0E-4
747	2.0E-4
748	2.0E-4
749	2.0E-4
75	1.0108
750	2.0E-4
751	0.0245
752	2.0E-4
753	2.0E-4
754	2.0E-4
755	0.013
756	0.013
757	0.013
758	0.013
759	0.013
76	1.1629
760	0.013
761	0.013
762	0.013
763	0.0067
764	0.0066
765	0.0067
766	0.0073
767	0.007
768	0.0051
769	0.0067
77	0.335
770	0.0067
771	0.0
772	0.0063
773	0.0063
774	0.006
775	0.0064
776	0.0064
777	0.006
778	0.0042
779	0.0042
78	1.1697
780	0.0063
781	0.0063
782	2.0E-4
783	0.0051
784	0.0064
785	0.0064
786	0.0064
787	0.0064
788	0.0059
789	0.0059
79	0.7879
790	0.0059
791	0.0063
792	0.0063
793	0.0063
794	0.0064
795	0.0064
796	0.006
797	0.0059
798	0.0059
799	0.0059
8	0.0062
80	4.6705
800	0.0051
801	0.0317
802	0.0479
803	0.0458
804	0.0431
805	0.0431
806	0.0431
807	0.0431
808	0.0511
809	0.0511
81	6.6987
810	0.0423
811	0.0423
812	0.0423
813	0.0423
814	0.0423
815	0.0423
816	0.0441
817	0.0426
818	0.0542
819	0.054
82	2.7107
820	0.054
821	0.054
822	4.0871
823	0.7905
824	0.0827
825	0.063
826	0.1678
827	0.1479
828	4.2594
829	0.0266
83	1.9778
830	0.0413
831	0.0144
832	0.0144
833	0.0144
834	0.0144
835	0.0144
836	9.0E-4
837	0.0556
838	0.0335
839	0.0455
84	2.4665
840	0.0591
841	0.0356
842	0.0434
843	0.0283
844	0.0283
845	0.0283
846	0.0283
847	0.0283
848	0.0283
849	0.0283
85	0.0251
850	0.0283
851	0.0283
852	0.0283
853	0.0283
854	0.0283
855	0.0283
856	0.0283
857	0.0283
858	0.0283
859	0.0283
86	0.0185
860	0.0283
861	0.0283
862	0.0283
863	0.0283
864	0.0283
865	0.0283
866	0.0283
867	0.0283
868	0.0283
869	0.0415
87	0.0237
870	0.008
871	0.008
872	0.011
873	0.0188
874	0.0171
875	0.0037
876	0.0124
877	0.0122
878	0.0122
879	0.0104
88	0.0251
880	0.1013
881	0.0096
882	0.0096
883	0.0096
884	0.0096
885	0.0096
886	0.0096
887	0.0154
888	0.0096
889	3.0E-4
89	0.0192
890	4.0E-4
891	3.0E-4
892	0.3256
893	0.5047
894	0.3256
895	0.3256
896	3.0E-4
897	3.0E-4
898	3.0E-4
899	3.0E-4
9	0.0048
90	0.0263
900	0.0
901	0.0
902	0.0
903	0.0
904	0.0
905	0.0
906	0.0
907	0.0
908	0.0
909	0.0
91	0.0263
910	0.0
911	0.0
912	0.0
913	0.0
914	0.0
915	0.0
916	0.0
917	0.0
918	0.0037
919	0.0
92	0.0372
920	0.0037
921	0.0
922	0.0
923	2.0E-4
924	0.0
925	0.0
926	0.0
927	0.0
928	0.0
929	0.0
93	0.0202
930	0.0
931	2.0E-4
932	0.0
933	0.0
934	0.0
935	1.0E-4
936	1.0E-4
937	1.0E-4
938	3.0E-4
939	1.0E-4
94	2.0E-4
940	1.0E-4
941	1.0E-4
942	1.0E-4
943	0.075
944	0.075
945	0.0183
946	0.0184
947	0.0066
948	0.0066
949	0.0061
95	2.0E-4
950	0.0065
951	0.0066
952	0.0066
953	0.0074
954	0.0074
955	0.0074
956	0.0075
957	0.0135
958	0.0088
959	0.0088
96	2.0E-4
960	0.0088
961	0.0088
962	0.0088
963	0.0095
964	0.0088
965	0.0088
966	0.0088
967	0.0088
968	0.0118
969	0.0118
97	2.0E-4
970	0.1528
971	0.0087
972	0.0099
973	0.0099
974	0.0098
975	0.0098
976	0.0099
977	0.0098
978	0.0098
979	0.0174
98	2.0E-4
980	0.008
981	0.1008
982	0.0084
983	0.0084
984	0.0085
985	0.0088
986	0.0084
987	0.007
988	0.007
989	0.0062
99	2.0E-4
990	0.011
991	0.0348
992	0.0171
993	0.0883
994	0.011
995	0.6121
996	0.0073
997	0.0073
998	0.0092
999	0.0092
