1	0.2402
10	1.5755
100	6.0E-4
1000	0.0175
1001	0.0175
1002	0.0167
1003	0.0112
1004	0.0129
1005	0.0112
1006	0.0156
1007	0.0155
1008	0.0167
1009	0.0152
101	6.0E-4
1010	0.014
1011	0.014
1012	0.0152
1013	0.0151
1014	0.0151
1015	0.0172
1016	0.0171
1017	0.0171
1018	0.0151
1019	0.0153
102	0.0415
1020	0.9843
1021	0.5777
1022	0.0122
1023	7.0E-4
1024	0.0024
1025	0.1215
1026	0.1215
1027	0.0341
1028	0.0073
1029	0.0127
103	6.0E-4
1030	0.0163
1031	0.006
1032	0.0035
1033	0.0163
1034	1.0125
1035	0.0146
1036	0.0147
1037	0.0146
1038	0.0212
1039	1.0557
104	6.0E-4
1040	1.0557
1041	1.0557
1042	1.0557
1043	1.0557
1044	1.0557
1045	1.0557
1046	1.0557
1047	1.0557
1048	1.0557
1049	1.0557
105	6.0E-4
1050	1.0557
1051	1.0557
1052	1.0557
1053	1.0557
1054	1.0557
1055	1.0557
1056	1.0557
1057	1.0557
1058	1.0557
1059	1.0557
106	4.0
1060	1.0557
1061	1.0557
1062	1.0557
1063	1.0557
1064	1.0557
1065	1.0557
1066	0.0045
1067	0.0045
1068	0.0045
1069	0.0045
107	1.4154
1070	0.0045
1071	0.0045
1072	0.0045
1073	0.0045
1074	0.0045
1075	0.0045
1076	0.0045
1077	0.0045
1078	0.0045
1079	0.0045
108	0.7984
1080	0.0045
1081	0.0045
1082	0.0045
1083	0.0045
1084	0.0045
1085	0.0045
1086	0.0045
1087	0.0045
1088	0.0045
1089	0.0045
109	0.7155
1090	0.0045
1091	0.0045
1092	0.0045
1093	0.0045
1094	0.0045
1095	0.0045
1096	0.0045
1097	0.0031
1098	0.0036
1099	0.0036
11	0.0116
110	0.7155
1100	0.2403
1101	0.2732
1102	0.3184
1103	0.3184
1104	0.3184
1105	0.3184
1106	0.3184
1107	0.3184
1108	0.3184
1109	0.3184
111	2.5687
1110	0.3184
1111	0.3184
1112	0.3184
1113	0.3184
1114	0.3184
1115	0.3184
1116	0.3184
1117	0.3184
1118	0.3184
1119	0.3184
112	2.6894
1120	0.3184
1121	0.3184
1122	0.3184
1123	0.3184
1124	0.3184
1125	0.3184
1126	0.3184
1127	0.3184
1128	0.3184
1129	0.3184
113	1.1982
1130	0.3184
1131	0.3184
1132	0.3184
1133	0.3184
1134	0.3184
1135	0.3184
1136	0.3184
1137	0.3184
1138	0.3184
1139	0.3184
114	0.7268
1140	0.3184
1141	0.3184
1142	0.3184
1143	0.3184
1144	0.3184
1145	0.3184
1146	0.3184
1147	0.3184
1148	0.3184
1149	0.3184
115	1.3006
1150	0.3184
1151	0.3184
1152	0.3184
1153	0.3184
1154	0.3184
1155	0.3184
1156	0.3184
1157	0.3184
1158	0.3184
1159	0.0
116	2.1145
1160	0.0
1161	0.001
1162	0.0
1163	0.0
1164	0.0
1165	0.0
1166	0.0
1167	0.0
1168	0.0
1169	0.0
117	0.9149
1170	0.0
1171	0.0
1172	0.0
1173	0.0
1174	0.0
1175	0.0
1176	0.0
1177	0.005
1178	0.0268
1179	1.0E-4
118	2.056
1180	1.0E-4
1181	0.0
1182	0.0
1183	0.0
1184	0.0
1185	0.0
1186	0.0
1187	0.0039
1188	0.004
1189	0.004
119	5.1841
1190	0.0039
1191	0.0194
1192	0.0194
1193	0.0085
1194	0.013
1195	0.0087
1196	0.0049
1197	0.0049
1198	0.0026
1199	0.2031
12	0.0947
120	2.1863
1200	0.0028
1201	0.0028
1202	0.0033
1203	0.0028
1204	0.0028
1205	0.0028
1206	0.0028
1207	0.0017
1208	0.0019
1209	0.0018
121	2.0025
1210	0.0016
1211	0.0016
1212	0.0016
1213	0.0331
1214	0.003
1215	0.4607
1216	0.6391
1217	0.4607
1218	0.4607
1219	0.0037
122	2.1863
1220	0.0037
1221	1.0E-4
1222	1.0E-4
1223	1.0E-4
1224	1.0E-4
1225	0.0031
1226	0.0031
1227	0.0088
1228	0.0088
1229	0.0088
123	3.6599
1230	0.0088
1231	0.0088
1232	0.0088
1233	0.0088
1234	0.0
1235	0.0
1236	0.0
1237	0.0
1238	0.0
1239	0.0
124	2.9257
1240	0.0
1241	0.0
1242	0.0
1243	0.0
1244	0.0
1245	0.0
1246	0.0
1247	0.0
1248	0.0
1249	0.0
125	2.9417
1250	0.0
1251	0.0
1252	0.0
1253	0.0
1254	0.0
1255	0.0
1256	0.0
1257	0.0
1258	0.0
1259	0.0
126	2.9573
1260	0.0
1261	0.0
1262	0.0
1263	0.0
1264	0.0
1265	1.0E-4
1266	0.0
1267	0.0
1268	0.0
1269	0.012
127	0.9171
1270	0.012
1271	0.012
1272	0.012
1273	0.012
1274	0.012
1275	0.012
1276	0.012
1277	0.012
1278	0.012
1279	0.0096
128	0.9171
1280	0.0096
1281	0.0096
1282	0.0096
1283	0.0096
1284	0.0
1285	0.0
1286	0.0
1287	1.0E-4
1288	0.0244
1289	0.0244
129	0.8659
1290	0.0244
1291	0.0362
1292	0.0151
1293	0.0941
1294	0.0941
1295	0.0049
1296	0.0049
1297	0.0
1298	0.0
1299	0.0
13	0.0116
130	0.8214
1300	8.0E-4
1301	0.0
1302	0.0
1303	0.0
1304	0.0
1305	7.0E-4
1306	7.0E-4
1307	7.0E-4
1308	0.0
1309	0.004
131	0.6911
1310	1.0E-4
1311	0.0018
1312	9.0E-4
1313	8.0E-4
1314	8.0E-4
1315	8.0E-4
1316	8.0E-4
1317	8.0E-4
1318	8.0E-4
1319	8.0E-4
132	9.0514
1320	8.0E-4
1321	8.0E-4
1322	8.0E-4
1323	8.0E-4
1324	6.0E-4
1325	6.0E-4
1326	6.0E-4
1327	6.0E-4
1328	6.0E-4
1329	6.0E-4
133	0.3124
1330	6.0E-4
1331	6.0E-4
1332	6.0E-4
1333	6.0E-4
1334	6.0E-4
1335	6.0E-4
1336	6.0E-4
1337	6.0E-4
1338	6.0E-4
1339	6.0E-4
134	0.2864
1340	0.0011
1341	9.0E-4
1342	0.0825
1343	0.0825
1344	0.001
1345	0.0173
1346	0.0032
1347	0.0032
1348	0.0032
1349	0.0032
135	0.3401
1350	0.0032
1351	0.0032
1352	0.0032
1353	0.0032
1354	0.0032
1355	0.0032
1356	0.0032
1357	0.0032
1358	0.0032
1359	0.0032
136	0.3624
1360	0.0032
1361	0.0032
1362	0.0029
1363	0.0365
1364	0.0365
1365	0.0026
1366	0.0024
1367	0.0025
1368	0.0025
1369	0.0025
137	0.3883
1370	3.5282
1371	0.2548
1372	0.0787
1373	0.1108
1374	0.1645
1375	0.0843
1376	0.0485
1377	0.0485
1378	0.0144
1379	2.5175
138	0.4341
1380	0.0122
1381	0.0169
1382	0.0074
1383	0.0074
1384	0.0074
1385	0.0074
1386	0.0074
1387	0.0074
1388	0.0074
1389	0.0074
139	0.1073
1390	3.0E-4
1391	4.0E-4
1392	0.0
1393	0.0
1394	0.0
1395	0.0
1396	5.0E-4
1397	5.0E-4
1398	0.0054
1399	5.0E-4
14	0.9819
140	0.1048
1400	5.0E-4
1401	5.0E-4
1402	1.0E-4
1403	3.0E-4
1404	3.0E-4
1405	3.0E-4
1406	1.0E-4
1407	1.0E-4
1408	0.0725
1409	0.0866
141	0.0934
1410	0.0866
1411	0.0866
1412	0.0866
1413	0.0866
1414	0.0866
1415	0.0866
1416	0.1055
1417	0.1383
1418	0.0866
1419	0.1365
142	0.4703
1420	0.1365
1421	0.0866
1422	0.0044
1423	0.0044
1424	0.0052
1425	0.0073
1426	0.0051
1427	0.0076
1428	0.0052
1429	0.0052
143	0.584
1430	0.0046
1431	0.0044
1432	0.0044
1433	0.0526
1434	0.0526
1435	0.0526
1436	0.0526
1437	0.0526
1438	8.0E-4
1439	8.0E-4
144	0.1441
1440	0.0036
1441	0.0053
1442	0.0124
1443	0.9276
1444	0.0029
1445	8.0E-4
1446	7.0E-4
1447	7.0E-4
1448	7.0E-4
1449	7.0E-4
145	1.0631
1450	7.0E-4
1451	7.0E-4
1452	7.0E-4
1453	7.0E-4
1454	7.0E-4
1455	7.0E-4
1456	7.0E-4
1457	0.0028
1458	0.0011
1459	0.002
146	0.0934
1460	0.0025
1461	0.0255
1462	0.0254
1463	0.0255
1464	0.0254
1465	0.0254
1466	0.0255
1467	1.0276
1468	0.0012
1469	0.0259
147	0.0934
1470	0.0259
1471	0.0259
1472	0.0277
1473	0.0242
1474	0.0242
1475	0.0242
1476	0.0242
1477	0.0242
1478	0.0242
1479	0.0242
148	0.4415
1480	0.0242
1481	0.0242
1482	0.0242
1483	0.0034
1484	0.0034
1485	0.0034
1486	0.0034
1487	0.0595
1488	0.0402
1489	0.0595
149	0.1249
1490	0.0402
1491	0.0334
1492	0.0334
1493	0.034
1494	0.0439
1495	0.0083
1496	0.0083
1497	0.0083
1498	0.0083
1499	0.034
15	0.013
150	0.1276
1500	0.0083
1501	0.0083
1502	0.0402
1503	0.0402
1504	0.0083
1505	0.034
1506	0.0277
1507	0.2582
1508	0.0256
1509	0.0057
151	0.1312
1510	0.0057
1511	0.0057
1512	0.0057
1513	0.0057
1514	0.0057
1515	0.0057
1516	0.0057
1517	0.001
1518	0.0083
1519	0.0115
152	0.0838
1520	0.0037
1521	0.0037
1522	0.0037
1523	0.0037
1524	0.0037
1525	0.0037
1526	0.0037
1527	0.0067
1528	0.0067
1529	0.0056
153	0.1339
1530	0.0047
1531	0.0042
1532	0.0037
1533	0.0154
1534	2.0E-4
1535	5.0E-4
1536	5.0E-4
1537	0.0013
1538	0.8407
1539	1.4273
154	0.002
1540	1.9084
1541	1.7518
1542	0.8407
1543	0.007
1544	1.0E-4
1545	0.0
1546	0.0
1547	0.0
1548	0.0
1549	0.0
155	0.5721
1550	0.0
1551	0.0012
1552	0.0011
1553	0.0033
1554	0.0033
1555	0.0033
1556	0.0033
1557	0.0033
1558	0.0033
1559	0.0033
156	0.2279
1560	0.0033
1561	6.0E-4
1562	6.0E-4
1563	6.0E-4
1564	0.004
1565	1.0E-4
1566	0.0
1567	0.0
1568	0.0
1569	0.0
157	0.5882
1570	0.0
1571	0.0
1572	0.0
1573	0.0
1574	0.0
1575	0.0
1576	0.0
1577	0.0
1578	0.0
1579	0.0
158	0.6922
1580	0.0
1581	0.0
1582	0.0
1583	0.0
1584	0.0
1585	0.0
1586	0.0
1587	0.0
1588	0.0
1589	0.0017
159	0.5882
1590	0.0015
1591	0.0015
1592	0.0
1593	0.0
1594	0.0
1595	0.0
1596	0.0
1597	0.0
1598	0.0
1599	0.0
16	3.9792
160	0.6313
1600	0.0
1601	0.0
1602	0.0185
1603	0.0185
1604	0.0185
1605	0.0185
1606	0.0185
1607	7.0E-4
1608	0.1299
1609	0.1299
161	0.6054
1610	0.1299
1611	0.1299
1612	0.1299
1613	0.1299
1614	0.0072
1615	0.0072
1616	0.0072
1617	0.0072
1618	0.0072
1619	1.0E-4
162	0.5882
1620	0.1502
1621	0.1137
1622	0.1137
1623	0.1137
1624	0.1137
1625	0.1137
1626	0.0021
1627	0.0021
1628	0.0021
1629	0.0021
163	0.5721
1630	0.0021
1631	0.0021
1632	0.0021
1633	0.0021
1634	0.0037
1635	0.0021
1636	0.0021
1637	0.0021
1638	0.0021
1639	0.0015
164	0.334
1640	0.0018
1641	0.0018
1642	0.0017
1643	0.0017
1644	0.0018
1645	0.0023
1646	0.0018
1647	0.0018
1648	0.0015
1649	0.0015
165	0.5721
1650	0.002
1651	0.002
1652	0.002
1653	0.002
1654	0.002
1655	0.002
1656	0.002
1657	0.002
1658	0.002
1659	0.002
166	0.6035
1660	0.002
1661	0.002
1662	0.002
1663	0.002
1664	0.002
1665	0.5476
1666	0.777
1667	0.5476
1668	0.5476
1669	0.0275
167	0.5721
1670	0.0275
1671	0.0347
1672	0.0275
1673	0.0275
1674	0.0275
1675	0.0275
1676	0.0275
1677	0.0275
1678	1.2174
1679	0.0101
168	0.5236
1680	0.0063
1681	0.0022
1682	0.0022
1683	0.0125
1684	0.0022
1685	0.0022
1686	0.0022
1687	0.001
1688	0.0095
1689	0.001
169	0.5236
1690	0.001
1691	0.001
1692	0.001
1693	0.001
1694	0.001
1695	0.001
1696	0.0012
1697	0.0012
1698	0.0012
1699	0.0012
17	0.0124
170	0.5236
1700	0.0011
1701	0.0011
1702	0.0011
1703	0.0011
1704	0.0011
1705	0.0011
1706	0.0039
1707	0.0012
1708	0.0012
1709	0.0012
171	0.5253
1710	0.0012
1711	0.0012
1712	0.0012
1713	0.0012
1714	0.0012
1715	0.0012
1716	0.0012
1717	0.0012
1718	0.0012
1719	0.0012
172	0.5236
1720	0.0012
1721	0.0012
1722	0.0012
1723	0.0016
1724	0.0016
1725	0.0016
1726	0.0016
1727	0.0016
1728	0.0016
1729	0.0016
173	0.5134
1730	0.0016
1731	0.0016
1732	0.0016
1733	0.0016
1734	0.0016
1735	0.0016
1736	0.0016
1737	0.0012
1738	0.0012
1739	0.0012
174	0.3815
1740	0.0012
1741	0.0016
1742	0.0016
1743	0.0016
1744	0.0016
1745	0.0016
1746	0.0016
1747	0.0016
1748	0.0016
1749	0.0016
175	0.5649
1750	0.0025
1751	0.0025
1752	0.0025
1753	0.0025
1754	0.0025
1755	0.0025
1756	0.0025
1757	0.0025
1758	0.0025
1759	0.0025
176	0.6424
1760	0.0136
1761	0.0176
1762	0.0176
1763	0.0176
1764	0.0562
1765	0.0562
1766	0.002
1767	0.002
1768	0.002
1769	0.002
177	0.392
1770	0.002
1771	0.002
1772	0.0017
1773	0.0017
1774	0.0017
1775	0.0017
1776	0.0017
1777	0.0017
1778	0.0017
1779	0.0017
178	0.1127
1780	0.0017
1781	0.0017
1782	0.0016
1783	0.0016
1784	0.0016
1785	0.0016
1786	0.0016
1787	0.0016
1788	0.0016
1789	0.0042
179	0.2078
1790	0.0042
1791	0.0019
1792	0.0019
1793	0.0019
1794	0.0019
1795	0.0019
1796	0.0019
1797	0.0019
1798	0.0021
1799	0.0021
18	0.4417
180	0.1933
1800	0.0021
1801	0.0021
1802	0.0021
1803	0.0021
1804	0.0021
1805	0.0021
1806	0.0021
1807	0.0021
1808	0.0021
1809	0.0021
181	0.1943
1810	0.0021
1811	0.0021
1812	0.0021
1813	0.0021
1814	0.0021
1815	0.0028
1816	0.0028
1817	0.0026
1818	0.0365
1819	0.1687
182	0.1259
1820	0.0123
1821	0.0146
1822	0.0123
1823	0.0936
1824	0.0936
1825	0.0936
1826	0.0936
1827	0.0936
1828	0.0936
1829	0.0936
183	0.1933
1830	0.1171
1831	0.158
1832	0.0936
1833	0.1557
1834	0.1557
1835	0.0936
1836	0.0961
1837	0.0484
1838	0.1308
1839	0.1234
184	0.1959
1840	0.1234
1841	0.1059
1842	0.0975
1843	0.0975
1844	0.0975
1845	0.0975
1846	0.0975
1847	0.0975
1848	0.0975
1849	0.0342
185	0.1931
1850	0.0342
1851	0.0443
1852	0.0342
1853	0.0258
1854	1.0E-4
1855	0.0
1856	0.0
1857	0.0
1858	0.0
1859	0.0
186	0.1945
1860	0.004
1861	0.0049
1862	0.0049
1863	0.0057
1864	0.0
1865	0.0
1866	0.0
1867	5.0E-4
1868	5.0E-4
1869	1.0E-4
187	0.1942
1870	8.0E-4
1871	0.9573
1872	3.576
1873	3.9172
1874	0.9269
1875	4.6536
1876	3.1291
1877	4.6536
1878	4.6948
1879	0.1764
188	0.1931
1880	0.1764
1881	0.1764
1882	0.1764
1883	4.1124
1884	0.6325
1885	0.6325
1886	0.6325
1887	0.6325
1888	0.6325
1889	0.6325
189	0.2363
1890	0.6325
1891	0.6325
1892	0.6325
1893	0.6325
1894	0.6325
1895	0.6325
1896	0.0
1897	0.0
1898	0.0
1899	0.0
19	0.4131
190	0.0068
1900	0.0
1901	0.0
1902	0.0
1903	0.0
1904	0.0
1905	0.0
1906	0.0
1907	0.0
1908	0.0
1909	0.0
191	0.0094
1910	0.0
1911	0.0
1912	0.0
1913	0.0
1914	0.0
1915	0.0
1916	0.0
1917	0.0
1918	0.0
1919	0.0
192	0.4679
1920	0.0
1921	0.0
1922	0.0
1923	0.0
1924	0.0
1925	0.0
1926	0.0
1927	0.0
1928	0.0
1929	0.0
193	3.5439
1930	0.0
1931	0.0
1932	0.0
1933	0.0
1934	0.0
1935	0.0
1936	0.0
1937	0.0
1938	0.0
1939	0.0
194	1.1352
1940	0.0
1941	0.0
1942	0.0
1943	0.0
1944	0.0
1945	0.0
1946	0.0
1947	0.0
1948	0.0
1949	0.0
195	1.5463
1950	0.0
1951	0.0
1952	0.0
1953	0.0
1954	0.0
1955	0.0
1956	0.0
1957	0.0
1958	0.0
1959	0.0
196	1.5139
1960	0.0
1961	0.0
1962	0.0
1963	0.0
1964	0.0
1965	0.0
1966	0.0
1967	0.0
1968	0.0
1969	0.0
197	1.0549
1970	0.0
1971	0.0
1972	0.0
1973	0.0
1974	0.0
1975	0.0
1976	0.0
1977	0.0
1978	0.0
1979	0.0
198	1.2701
1980	0.0
1981	0.0
1982	0.0
1983	0.0
1984	0.0
1985	0.0
1986	0.0
1987	0.0
1988	0.0
1989	0.0
199	1.5084
1990	0.0
1991	0.0
1992	0.0
1993	0.0
1994	0.0
1995	1.0018
1996	0.0
1997	0.0
1998	0.0
1999	0.0
2	39.4785
20	1.0794
200	1.9899
2000	0.0
2001	0.0
2002	0.0
2003	0.0
2004	0.0
2005	0.0
2006	0.0
2007	0.0
2008	0.0
2009	0.0
201	2.8336
2010	0.0
2011	0.0
2012	0.0
2013	0.0
2014	0.0
2015	0.0
2016	0.0
2017	0.0
2018	0.0
2019	0.0
202	2.9063
2020	0.0
2021	0.0
2022	0.0
2023	0.0
2024	0.0
2025	0.0
2026	0.0
2027	0.0
2028	0.0
2029	0.0
203	0.9285
2030	0.0
2031	0.0
2032	0.0
2033	0.0
2034	0.0
2035	0.0
2036	0.0
2037	0.0
2038	0.0
2039	0.0
204	1.2904
2040	0.0
2041	0.0
2042	0.0
2043	0.0
2044	0.0
2045	0.0
2046	0.0
2047	0.0
2048	0.0
2049	0.0
205	1.0866
2050	0.0
2051	0.0
2052	0.0
2053	0.0
2054	0.0
2055	0.0
2056	0.0
2057	0.0
2058	0.0
2059	0.0
206	0.897
2060	0.0
2061	0.0
2062	0.0
2063	0.0
2064	0.0
2065	0.0
2066	0.0
2067	0.0
2068	0.0
2069	0.0
207	0.0549
2070	0.0
2071	0.0
2072	0.0
2073	0.0
2074	0.0
2075	0.0
2076	0.0
2077	0.0
2078	0.0
2079	0.0
208	0.0575
2080	0.0811
2081	0.0587
2082	0.0811
2083	0.0587
2084	0.0509
2085	0.0655
2086	0.0122
2087	0.0122
2088	0.0122
2089	0.0122
209	0.1848
2090	0.0509
2091	0.0122
2092	0.0122
2093	0.0546
2094	0.0546
2095	0.0122
2096	0.0509
2097	0.0346
2098	0.1884
2099	0.0387
21	0.3961
210	0.1484
2100	1.2001
2101	0.0076
2102	0.001
2103	0.2616
2104	6.0E-4
2105	0.0022
2106	0.0022
2107	0.0011
2108	0.0011
2109	0.0011
211	0.3067
2110	0.0011
2111	0.0011
2112	0.0011
2113	0.0011
2114	0.0011
2115	0.0014
2116	0.0011
2117	0.0011
2118	0.0011
2119	0.0011
212	2.6385
2120	0.0011
2121	0.0011
2122	0.0011
2123	0.0011
2124	0.0011
2125	0.0553
2126	0.0553
2127	0.0879
2128	0.1846
2129	0.0879
213	2.4172
2130	0.0879
2131	0.0879
2132	0.0312
2133	0.0312
2134	0.0312
2135	0.0312
2136	0.0312
2137	0.1179
2138	0.1179
2139	0.1377
214	2.4662
2140	0.1179
2141	0.1179
2142	0.1179
2143	0.1179
2144	0.8401
2145	0.9935
2146	0.8158
2147	0.8158
2148	0.8401
2149	0.0011
215	2.4298
2150	0.0011
2151	0.0011
2152	0.0011
2153	0.0011
2154	0.0011
2155	0.0011
2156	0.0011
2157	0.0011
2158	0.0011
2159	0.0018
216	2.4081
2160	0.0018
2161	0.0018
2162	0.0018
2163	0.0018
2164	0.0018
2165	0.0018
2166	0.0018
2167	0.0013
2168	0.0013
2169	0.0013
217	2.695
2170	0.0013
2171	0.0713
2172	1.6345
2173	0.0013
2174	0.0013
2175	0.0013
2176	0.0013
2177	0.0013
2178	0.0013
2179	0.0013
218	1.5528
2180	0.0012
2181	0.0012
2182	0.0012
2183	0.0012
2184	0.0012
2185	0.0012
2186	0.0012
2187	0.0012
2188	0.0012
2189	0.0012
219	0.3761
2190	0.0012
2191	0.0012
2192	0.0012
2193	0.983
2194	0.9627
2195	0.9627
2196	0.983
2197	0.983
2198	0.9213
2199	0.4937
22	0.0116
220	0.3986
2200	0.4937
2201	0.4937
2202	0.4937
2203	0.4937
2204	0.4937
2205	0.4937
2206	0.4937
2207	0.4937
2208	0.4937
2209	0.0084
221	0.0531
2210	9.0E-4
2211	0.0033
2212	0.008
2213	0.0027
2214	0.0016
2215	0.0023
2216	9.0E-4
2217	9.0E-4
2218	0.001
2219	0.0028
222	0.0531
2220	0.001
2221	0.0022
2222	0.0046
2223	0.001
2224	0.001
2225	0.0018
2226	0.0018
2227	0.0018
2228	0.0018
2229	0.0036
223	0.0025
2230	0.0024
2231	0.0012
2232	0.0012
2233	0.0012
2234	0.0012
2235	0.0024
2236	0.0059
2237	0.0024
2238	0.0036
2239	0.0036
224	1.9686
2240	0.0036
2241	0.0024
2242	0.0024
2243	0.0024
2244	0.0036
2245	0.0036
2246	0.0018
2247	0.0018
2248	0.0018
2249	0.0025
225	0.0317
2250	7.0E-4
2251	7.0E-4
2252	7.0E-4
2253	7.0E-4
2254	7.0E-4
2255	7.0E-4
2256	7.0E-4
2257	7.0E-4
2258	0.0053
2259	0.0018
226	0.0323
2260	0.0024
2261	0.0036
2262	0.0024
2263	0.0036
2264	0.0014
2265	0.0014
2266	0.0014
2267	0.0026
2268	0.0053
2269	0.0012
227	0.0299
2270	0.0014
2271	0.0014
2272	0.0014
2273	0.0014
2274	0.0014
2275	0.0036
2276	0.0036
2277	0.0036
2278	0.0036
2279	0.0024
228	0.0317
2280	0.0024
2281	0.0036
2282	0.0059
2283	0.0083
2284	0.0024
2285	0.0014
2286	0.0014
2287	0.0014
2288	0.0014
2289	0.0014
229	0.0412
2290	0.0071
2291	0.0018
2292	0.0018
2293	0.0018
2294	0.0036
2295	0.0036
2296	0.0036
2297	0.0036
2298	9.0E-4
2299	9.0E-4
23	0.105
230	0.0317
2300	9.0E-4
2301	9.0E-4
2302	9.0E-4
2303	9.0E-4
2304	9.0E-4
2305	9.0E-4
2306	0.0
2307	0.0
2308	0.0
2309	0.0
231	0.3775
2310	0.0
2311	0.0
2312	0.0
2313	0.0
2314	0.0
2315	0.0
2316	0.0
2317	0.0
2318	0.0
2319	0.0
232	0.2758
2320	0.0
2321	0.0
2322	0.0
2323	0.0
2324	0.0
2325	0.0
2326	0.0
2327	0.0
2328	0.0
2329	0.0
233	0.2758
2330	0.0
2331	0.0
2332	0.0
2333	0.0
2334	0.0
2335	0.0
2336	0.0
2337	0.0
2338	0.0
2339	0.0
234	0.2758
2340	0.0
2341	0.0
2342	0.0
2343	0.0
2344	0.0
2345	0.0
2346	0.0
2347	0.0
2348	0.0
2349	0.0
235	0.4837
2350	0.0
2351	0.0
2352	0.0
2353	0.0
2354	1.0E-4
2355	0.0
2356	0.0
2357	0.0
2358	0.0
2359	0.0
236	0.5186
2360	0.0
2361	0.0
2362	0.0289
2363	0.1784
2364	0.0
2365	0.0
2366	0.0
2367	1.0E-4
2368	1.0E-4
2369	1.0E-4
237	0.2758
2370	2.0E-4
2371	2.0E-4
2372	0.0
2373	0.0
2374	0.0
2375	0.0
2376	0.0
2377	1.0E-4
2378	1.0E-4
2379	1.0E-4
238	0.2758
2380	1.0E-4
2381	1.0E-4
2382	1.0E-4
2383	1.0E-4
2384	1.0E-4
2385	1.0E-4
2386	0.0
2387	0.0
2388	0.0
2389	0.0
239	0.2758
2390	0.0
2391	0.0
2392	0.0
2393	0.0
2394	0.0
2395	0.0
2396	0.0
2397	0.0
2398	0.0
2399	0.0
24	0.0128
240	0.6227
2400	0.0
2401	0.0
2402	0.0106
2403	0.0
2404	0.0
2405	0.0
2406	0.0
2407	0.0
2408	0.0
2409	0.0
241	0.2865
2410	0.0
2411	0.0
2412	0.0
2413	0.0
2414	0.0
2415	0.0
2416	0.0
2417	2.0E-4
2418	2.0E-4
2419	2.0E-4
242	0.5053
2420	1.0E-4
2421	1.0E-4
2422	1.0E-4
2423	1.0E-4
2424	1.0E-4
2425	1.0E-4
2426	1.0E-4
2427	0.0
2428	0.0
2429	0.0
243	0.2758
2430	0.0
2431	0.0
2432	0.0
2433	0.0
2434	0.0
2435	0.0
2436	0.0
2437	0.0
2438	0.0
2439	0.0
244	0.4415
2440	0.0
2441	0.0
2442	0.0
2443	0.0
2444	0.0
2445	0.0
2446	0.0
2447	0.0
2448	0.0
2449	0.0
245	0.4415
2450	0.0
2451	0.0
2452	0.0292
2453	0.0177
2454	0.0177
2455	0.0074
2456	0.0177
2457	0.0189
2458	0.0177
2459	0.0074
246	0.3872
2460	0.0037
2461	0.0037
2462	0.0037
2463	0.0037
2464	0.0037
2465	0.0037
2466	0.0037
2467	0.0037
2468	0.0037
2469	0.0037
247	0.2758
2470	0.0037
2471	0.0037
2472	0.0037
2473	0.0037
2474	0.0037
2475	0.0037
2476	0.0037
2477	0.0037
2478	0.0037
2479	0.0037
248	1.2738
2480	0.0037
2481	0.0037
2482	0.0207
2483	0.0115
2484	0.0115
2485	0.0419
2486	0.0419
2487	0.0043
2488	0.0043
2489	0.0043
249	1.4696
2490	0.0043
2491	0.0043
2492	0.0043
2493	0.0043
2494	0.0043
2495	0.0043
2496	0.0043
2497	0.0043
2498	0.0043
2499	0.0043
25	0.0116
250	0.377
2500	0.0043
2501	0.0043
2502	0.0043
2503	0.0043
2504	0.0043
2505	0.0043
2506	0.0043
2507	0.0043
2508	0.0043
2509	0.0043
251	0.3934
2510	0.003
2511	0.0023
2512	0.0023
2513	0.0023
2514	0.0023
2515	7.0E-4
2516	7.0E-4
2517	7.0E-4
2518	7.0E-4
2519	7.0E-4
252	0.7829
2520	7.0E-4
2521	7.0E-4
2522	7.0E-4
2523	7.0E-4
2524	0.002
2525	7.0E-4
2526	7.0E-4
2527	7.0E-4
2528	7.0E-4
2529	7.0E-4
253	0.2923
2530	7.0E-4
2531	7.0E-4
2532	0.0012
2533	0.0012
2534	0.0012
2535	0.0011
2536	0.2784
2537	0.5863
2538	0.5863
2539	0.2784
254	0.463
2540	8.0E-4
2541	8.0E-4
2542	8.0E-4
2543	8.0E-4
2544	3.0E-4
2545	3.0E-4
2546	3.0E-4
2547	7.0E-4
2548	7.0E-4
2549	7.0E-4
255	0.5898
2550	7.0E-4
2551	1.0177
2552	1.0177
2553	1.0177
2554	1.0177
2555	2.0E-4
2556	2.0E-4
2557	2.0E-4
2558	2.0E-4
2559	2.0E-4
256	0.5454
2560	2.0E-4
2561	2.0E-4
2562	2.0E-4
2563	0.0123
2564	0.001
2565	0.001
2566	0.001
2567	0.001
2568	0.001
2569	3.0E-4
257	0.6861
2570	3.0E-4
2571	3.0E-4
2572	3.0E-4
2573	3.0E-4
2574	3.0E-4
2575	3.0E-4
2576	3.0E-4
2577	3.0E-4
2578	3.0E-4
2579	3.0E-4
258	1.5054
2580	3.0E-4
2581	3.0E-4
2582	3.0E-4
2583	3.0E-4
2584	3.0E-4
2585	3.0E-4
2586	0.0026
2587	0.0026
2588	0.0477
2589	0.01
259	1.5054
2590	0.01
2591	0.01
2592	0.0088
2593	0.0088
2594	0.0088
2595	0.0088
2596	0.0088
2597	0.0088
2598	0.0416
2599	0.002
26	1.6975
260	1.5054
2600	0.002
2601	0.002
2602	0.002
2603	0.002
2604	0.0011
2605	0.0011
2606	0.0011
2607	0.0011
2608	0.0011
2609	0.0011
261	0.1478
2610	9.0E-4
2611	9.0E-4
2612	9.0E-4
2613	9.0E-4
2614	9.0E-4
2615	5.0E-4
2616	5.0E-4
2617	5.0E-4
2618	5.0E-4
2619	5.0E-4
262	0.1652
2620	5.0E-4
2621	5.0E-4
2622	5.0E-4
2623	5.0E-4
2624	5.0E-4
2625	5.0E-4
2626	5.0E-4
2627	5.0E-4
2628	5.0E-4
2629	5.0E-4
263	0.154
2630	0.0
2631	0.0
2632	0.0
2633	0.0
2634	0.0
2635	0.0
2636	0.0
2637	0.0
2638	0.0
2639	0.0
264	0.1734
2640	0.0
2641	0.0
2642	0.0
2643	0.0
2644	0.0
2645	0.0
2646	0.0
2647	0.0
2648	0.0
2649	0.0
265	0.1571
2650	4.0E-4
2651	4.0E-4
2652	4.0E-4
2653	4.0E-4
2654	4.0E-4
2655	4.0E-4
2656	4.0E-4
2657	4.0E-4
2658	4.0E-4
2659	4.0E-4
266	0.1557
2660	4.0E-4
2661	4.0E-4
2662	4.0E-4
2663	0.0028
2664	0.0017
2665	0.0017
2666	0.0017
2667	0.001
2668	0.001
2669	0.001
267	0.168
2670	0.001
2671	1.0699
2672	1.0699
2673	1.0699
2674	1.0699
2675	1.0699
2676	0.0059
2677	0.0
2678	6.0E-4
2679	6.0E-4
268	0.1637
2680	0.0011
2681	5.0E-4
2682	5.0E-4
2683	5.0E-4
2684	5.0E-4
2685	1.0E-4
2686	1.0E-4
2687	1.0E-4
2688	1.0E-4
2689	1.0E-4
269	0.154
2690	1.0E-4
2691	1.0E-4
2692	1.0E-4
2693	1.0E-4
2694	1.0E-4
2695	1.0E-4
2696	1.0E-4
2697	1.0E-4
2698	1.0E-4
2699	1.0E-4
27	20.3698
270	0.1705
2700	1.0E-4
2701	1.0E-4
2702	1.0E-4
2703	1.0E-4
2704	1.0E-4
2705	1.0E-4
2706	1.0E-4
2707	1.0E-4
2708	1.0E-4
2709	1.0E-4
271	0.1438
2710	2.0E-4
2711	1.0E-4
2712	1.0E-4
2713	1.0E-4
2714	1.0E-4
2715	1.0E-4
2716	1.0E-4
2717	3.0E-4
2718	1.0E-4
2719	1.0E-4
272	0.167
2720	1.0E-4
2721	2.0E-4
2722	2.0E-4
2723	2.0E-4
2724	2.0E-4
2725	2.0E-4
2726	6.0E-4
2727	0.0016
2728	2.0E-4
2729	2.0E-4
273	0.1554
2730	2.0E-4
2731	2.0E-4
2732	2.0E-4
2733	2.0E-4
2734	2.0E-4
2735	0.2293
2736	3.0E-4
2737	0.0022
2738	0.0022
2739	0.0022
274	0.1458
2740	0.0022
2741	0.0022
2742	0.0022
2743	0.0022
2744	0.0022
2745	0.0022
2746	0.0022
2747	0.0022
2748	3.0E-4
2749	3.0E-4
275	0.1624
2750	0.001
2751	0.001
2752	0.0012
2753	0.0191
2754	9.0E-4
2755	9.0E-4
2756	0.0011
2757	0.0013
2758	0.0013
2759	0.0014
276	0.1817
2760	0.0037
2761	0.0037
2762	0.0042
2763	0.003
2764	0.003
2765	0.003
2766	0.003
2767	0.003
2768	0.003
2769	0.003
277	0.1576
2770	0.003
2771	0.6341
2772	0.6341
2773	0.6341
2774	0.6341
2775	0.6341
2776	0.6341
2777	0.6341
2778	0.6341
2779	0.6341
278	0.1743
2780	0.6341
2781	0.6341
2782	0.6341
2783	6.0E-4
2784	0.004
2785	0.004
2786	0.0266
2787	0.079
2788	0.079
2789	0.0025
279	0.1551
2790	0.0025
2791	0.0025
2792	0.0025
2793	0.0025
2794	0.0029
2795	0.0029
2796	0.0032
2797	0.0042
2798	0.0545
2799	0.0014
28	15.9526
280	0.9225
2800	0.0014
2801	0.0014
2802	0.0014
2803	0.0014
2804	0.0014
2805	0.0014
2806	0.0014
2807	0.0014
2808	0.0014
2809	0.0014
281	0.1554
2810	0.0014
2811	0.0014
2812	0.0014
2813	0.0014
2814	0.0014
2815	0.0014
2816	0.0014
2817	0.0014
2818	0.0014
2819	0.0014
282	0.1598
2820	0.0014
2821	0.0014
2822	0.0014
2823	0.0014
2824	0.0014
2825	0.0014
2826	0.0014
2827	0.0014
2828	0.0014
2829	0.0014
283	0.1557
2830	0.0014
2831	0.0014
2832	0.0014
2833	0.0014
2834	0.0014
2835	0.0014
2836	0.0014
2837	0.0014
2838	0.0014
2839	0.0014
284	0.1573
2840	0.0014
2841	0.0014
2842	0.0014
2843	0.0014
2844	0.0014
2845	0.0014
2846	0.0014
2847	0.0014
2848	0.0014
2849	0.0014
285	0.1563
2850	0.0014
2851	0.0014
2852	0.0014
2853	0.0014
2854	0.0014
2855	0.0014
2856	0.0014
2857	0.0014
2858	0.0014
2859	0.0014
286	0.154
2860	0.0014
2861	0.0014
2862	0.0014
2863	0.0014
2864	0.0014
2865	0.0014
2866	0.0014
2867	0.0014
2868	0.0014
2869	0.0014
287	0.154
2870	0.0014
2871	0.0014
2872	0.0014
2873	0.0014
2874	0.0014
2875	0.0014
2876	0.0014
2877	0.0014
2878	0.0014
2879	0.0014
288	0.1581
2880	0.0014
2881	0.0014
2882	0.0014
2883	0.0014
2884	0.0014
2885	0.0014
2886	0.0014
2887	0.0014
2888	0.0014
2889	0.0014
289	0.1557
2890	0.0014
2891	0.0014
2892	0.0014
2893	0.0014
2894	0.0014
2895	0.0014
2896	0.0014
2897	0.0014
2898	0.0014
2899	0.0014
29	15.2515
290	0.1565
2900	0.0014
2901	0.0014
2902	0.0014
2903	0.0014
2904	0.0014
2905	0.0014
2906	0.0014
2907	0.0014
2908	0.0014
2909	0.0014
291	0.1661
2910	0.0014
2911	0.0014
2912	0.0014
2913	0.0014
2914	0.0014
2915	0.0014
2916	0.0014
2917	0.0014
2918	0.0014
2919	0.0014
292	0.1586
2920	0.0014
2921	0.0014
2922	0.0014
2923	0.0014
2924	0.0014
2925	0.0014
2926	0.0014
2927	0.0014
2928	0.0014
2929	0.0014
293	0.1566
2930	0.0014
2931	0.0014
2932	0.0014
2933	0.0014
2934	0.0014
2935	0.0014
2936	0.0014
2937	0.0014
2938	0.0014
2939	0.0014
294	0.2194
2940	0.0014
2941	0.0014
2942	0.0014
2943	0.0014
2944	0.0014
2945	0.0014
2946	0.0014
2947	0.0014
2948	0.0014
2949	0.0014
295	0.2199
2950	0.0014
2951	0.0014
2952	0.0014
2953	0.0014
2954	0.0014
2955	0.0014
2956	0.0014
2957	0.0014
2958	0.0014
2959	0.0014
296	0.2188
2960	0.0014
2961	0.0014
2962	0.0014
2963	0.0014
2964	0.0014
2965	0.0014
2966	0.0014
2967	0.0014
2968	0.0014
2969	0.0014
297	0.2285
2970	0.0014
2971	0.0014
2972	0.0014
2973	0.0014
2974	0.0014
2975	0.0014
2976	0.0014
2977	0.0014
2978	0.0014
2979	0.0014
298	0.2291
2980	0.0014
2981	0.0014
2982	0.0014
2983	0.0205
2984	0.0023
2985	0.0023
2986	0.0023
2987	0.0023
2988	0.0023
2989	0.0023
299	0.2188
2990	0.0364
2991	0.0221
2992	0.0221
2993	0.0221
2994	0.0092
2995	0.0221
2996	0.0235
2997	0.0221
2998	0.0092
2999	0.0044
3	0.0187
30	4.3335
300	0.654
3000	0.0044
3001	0.0044
3002	0.0044
3003	0.0044
3004	0.0044
3005	0.0044
3006	0.0044
3007	0.0044
3008	0.0044
3009	0.0044
301	0.2188
3010	0.0044
3011	0.0044
3012	0.0044
3013	0.0044
3014	0.0044
3015	0.0044
3016	0.0044
3017	0.0044
3018	0.0044
3019	0.0044
302	0.5178
3020	0.0044
3021	0.0047
3022	0.0044
3023	0.0044
3024	0.0044
3025	0.0044
3026	0.0258
3027	0.0258
3028	0.0143
3029	0.0143
303	1.021
3030	0.0541
3031	0.0541
3032	0.0054
3033	0.0054
3034	0.0054
3035	0.0054
3036	0.0054
3037	0.0054
3038	0.0054
3039	0.0054
304	0.0107
3040	0.0054
3041	0.0054
3042	0.0054
3043	0.0054
3044	0.0054
3045	0.0054
3046	0.0054
3047	0.0054
3048	0.0054
3049	0.0054
305	0.0262
3050	0.0054
3051	0.0054
3052	0.0054
3053	0.0054
3054	0.0054
3055	0.0598
3056	0.0404
3057	0.0598
3058	0.0404
3059	0.0084
306	0.0341
3060	0.0084
3061	0.0084
3062	0.0084
3063	0.0084
3064	0.0084
3065	0.0406
3066	0.0406
3067	0.0084
3068	0.0278
3069	0.0101
307	0.0299
3070	0.0101
3071	0.0101
3072	0.0089
3073	0.0089
3074	0.0089
3075	0.0089
3076	0.0089
3077	0.0089
3078	8.0E-4
3079	8.0E-4
308	0.0127
3080	8.0E-4
3081	8.0E-4
3082	8.0E-4
3083	8.0E-4
3084	8.0E-4
3085	8.0E-4
3086	8.0E-4
3087	8.0E-4
3088	0.8661
3089	3.4439
309	1.2127
3090	0.2988
3091	0.2988
3092	0.2988
3093	0.2988
3094	0.309
3095	0.6051
3096	0.2988
3097	0.329
3098	0.5337
3099	0.4982
31	2.394
310	0.9711
3100	0.4982
3101	0.4982
3102	0.335
3103	0.335
3104	0.3705
3105	0.4982
3106	0.4982
3107	0.508
3108	0.4982
3109	0.6279
311	0.9749
3110	0.4982
3111	1.7392
3112	0.4746
3113	0.4656
3114	0.0785
3115	0.0887
3116	0.0785
3117	0.1721
3118	0.0785
3119	0.4415
312	1.0176
3120	0.1036
3121	0.0033
3122	7.0E-4
3123	0.0011
3124	7.0E-4
3125	0.0027
3126	0.0018
3127	0.0018
3128	0.0022
3129	1.0063
313	0.9711
3130	0.0146
3131	0.0146
3132	0.0146
3133	0.0128
3134	0.0128
3135	0.0128
3136	0.0128
3137	0.0128
3138	0.0128
3139	0.052
314	0.9711
3140	0.6338
3141	0.6338
3142	0.6338
3143	0.6338
3144	0.6338
3145	0.6338
3146	0.6338
3147	0.6338
3148	0.6338
3149	0.6338
315	0.9711
3150	0.6338
3151	0.6338
3152	0.0013
3153	4.0E-4
3154	4.0E-4
3155	4.0E-4
3156	0.1624
3157	0.0165
3158	0.0076
3159	0.0245
316	0.9711
3160	0.0076
3161	0.0195
3162	0.0076
3163	1.5696
3164	0.5638
3165	0.0076
3166	0.0076
3167	0.033
3168	0.033
3169	0.0274
317	0.9711
3170	0.1469
3171	0.1495
3172	0.1495
3173	0.1469
3174	5.0E-4
3175	5.0E-4
3176	5.0E-4
3177	0.07
3178	0.07
3179	0.07
318	0.9711
3180	0.0948
3181	0.8712
3182	2.2512
3183	0.1346
3184	1.3881
3185	0.07
3186	3.209
3187	0.1225
3188	2.251
3189	1.156
319	0.9711
3190	1.156
3191	0.0964
3192	0.07
3193	0.07
3194	0.07
3195	0.07
3196	0.2856
3197	0.0
3198	0.0
3199	0.0
32	4.0297
320	1.1741
3200	0.0
3201	0.0
3202	0.0
3203	0.0
3204	0.0
3205	0.0
3206	0.0
3207	0.0
3208	0.0
3209	0.0
321	0.1041
3210	0.0
3211	0.0
3212	0.0
3213	0.0
3214	0.0
3215	0.0
3216	0.0
3217	0.0
3218	0.0
3219	1.0E-4
322	0.1047
3220	9.1746
3221	7.1165
3222	2.3069
3223	5.0569
3224	7.8029
3225	3.9121
3226	6.43
3227	12.149
3228	5.7438
3229	3.4539
323	0.1047
3230	0.0
3231	0.0
3232	0.0
3233	0.0049
3234	0.0049
3235	0.0049
3236	0.0024
3237	0.0024
3238	0.0428
3239	0.0303
324	0.0354
3240	0.0303
3241	0.0025
3242	0.0025
3243	0.0025
3244	0.0025
3245	0.0025
3246	0.0025
3247	0.0025
3248	0.0025
3249	0.0025
325	0.0364
3250	0.0025
3251	0.0025
3252	0.0025
3253	0.0025
3254	0.0025
3255	0.0025
3256	0.0025
3257	0.0025
3258	0.0025
3259	0.0025
326	0.0364
3260	0.0025
3261	0.0025
3262	0.0025
3263	0.0025
3264	0.0025
3265	0.0025
3266	0.0025
3267	1.0E-4
3268	0.0
3269	0.0
327	0.0364
3270	0.0
3271	0.0
3272	0.0
3273	0.0
3274	3.6232
3275	0.0
3276	0.0023
3277	0.0023
3278	0.0023
3279	0.0
328	0.0364
3280	0.0
3281	0.0
3282	0.0
3283	0.0
3284	0.0
3285	0.0
3286	0.0
3287	0.0
3288	0.0
3289	0.0
329	0.0364
3290	0.0
3291	0.0
3292	0.0
3293	0.0
3294	0.0
3295	0.0
3296	0.0
3297	0.0
3298	0.0
3299	0.0
33	5.476
330	0.0364
3300	0.0052
3301	0.0052
3302	0.0052
3303	0.0017
3304	0.0017
3305	0.0017
3306	0.0017
3307	0.0017
3308	0.0017
3309	0.0017
331	0.109
3310	0.0017
3311	0.0017
3312	0.0017
3313	0.0012
3314	0.0012
3315	0.0012
3316	0.0012
3317	0.0012
3318	0.0012
3319	0.0015
332	0.134
3320	0.0015
3321	0.0016
3322	0.0328
3323	0.0328
3324	0.0328
3325	0.0328
3326	0.0328
3327	0.0328
3328	0.0328
3329	1.0E-4
333	0.0102
3330	1.0E-4
3331	1.0E-4
3332	1.0E-4
3333	1.0E-4
3334	1.0E-4
3335	1.0E-4
3336	1.0E-4
3337	1.0E-4
3338	1.0E-4
3339	1.0E-4
334	0.2125
3340	1.0E-4
3341	0.0
3342	0.0
3343	0.0
3344	0.0
3345	0.0
3346	0.0
3347	0.0
3348	0.0
3349	0.0
335	0.2125
3350	0.0
3351	2.0E-4
3352	2.0E-4
3353	2.0E-4
3354	2.0E-4
3355	2.0E-4
3356	5.0E-4
3357	1.0E-4
3358	1.0E-4
3359	1.0E-4
336	0.2125
3360	1.0E-4
3361	1.0E-4
3362	0.0
3363	0.0
3364	0.0
3365	0.0
3366	0.0
3367	0.0
3368	0.0
3369	0.0
337	0.9018
3370	0.0
3371	0.0
3372	0.0
3373	0.0
3374	0.0
3375	0.0
3376	0.0
3377	0.0
3378	0.0
3379	0.0
338	0.9018
3380	0.0
3381	0.0
3382	0.0
3383	0.0
3384	0.0
3385	0.0
3386	0.0
3387	0.0
3388	0.0
3389	0.0
339	0.9018
3390	0.0
3391	0.0
3392	1.0E-4
3393	0.0
3394	0.0
3395	0.0
3396	0.0
3397	0.0
3398	0.0
3399	0.0
34	2.5187
340	0.0317
3400	1.0E-4
3401	0.0
3402	0.0
3403	0.0
3404	0.0
3405	0.0
3406	0.0
3407	0.0
3408	0.0
3409	0.0
341	0.0459
3410	0.0
3411	0.0
3412	0.0
3413	0.0
3414	0.0
3415	0.0
3416	0.0
3417	0.0
3418	0.0
3419	0.0
342	0.0025
3420	0.0
3421	0.0
3422	0.0
3423	0.0
3424	0.0
3425	0.0
3426	0.0
3427	0.0
3428	0.0
3429	0.0
343	0.0025
3430	0.0
3431	0.0
3432	0.0
3433	0.0
3434	0.0
3435	0.0
3436	0.0
3437	0.0
3438	0.0
3439	0.0
344	0.1128
3440	0.0
3441	0.0
3442	0.0
3443	0.0
3444	0.0
3445	0.0
3446	0.0
3447	0.0
3448	0.0
3449	0.0
345	5.0E-4
3450	0.0
3451	0.0
3452	0.0
3453	0.0
3454	0.0
3455	0.0
3456	0.0
3457	0.0
3458	0.0
3459	0.0
346	6.0E-4
3460	0.0
3461	0.0
3462	0.0
3463	0.0
3464	0.0
3465	0.0
3466	0.0
3467	0.0
3468	0.0
3469	0.0
347	6.0E-4
3470	0.0
3471	6.0E-4
3472	6.0E-4
3473	6.0E-4
3474	6.0E-4
3475	6.0E-4
3476	6.0E-4
3477	6.0E-4
3478	6.0E-4
3479	1.0692
348	0.0012
3480	1.0692
3481	1.0692
3482	1.0692
3483	1.0692
3484	1.0692
3485	1.0692
3486	1.0692
3487	1.0692
3488	1.0692
3489	0.0
349	6.0E-4
3490	1.0E-4
3491	1.0E-4
3492	3.0E-4
3493	3.0E-4
3494	3.0E-4
3495	0.0
3496	0.0
3497	0.0
3498	0.0
3499	0.0
35	2.8805
350	0.0016
3500	1.0E-4
3501	1.0E-4
3502	1.0E-4
3503	1.0E-4
3504	1.0E-4
3505	0.0
3506	0.0
3507	0.0
3508	0.0
3509	1.0E-4
351	6.0E-4
3510	0.0
3511	0.0107
3512	0.1042
3513	0.0065
3514	1.0138
3515	0.0027
3516	0.0027
3517	0.0079
3518	0.0079
3519	0.0079
352	5.0E-4
3520	0.0015
3521	7.0E-4
3522	0.0015
3523	7.0E-4
3524	7.0E-4
3525	7.0E-4
3526	7.0E-4
3527	7.0E-4
3528	7.0E-4
3529	7.0E-4
353	5.0E-4
3530	7.0E-4
3531	7.0E-4
3532	0.0033
3533	7.0E-4
3534	0.0033
3535	7.0E-4
3536	7.0E-4
3537	7.0E-4
3538	7.0E-4
3539	7.0E-4
354	5.0E-4
3540	7.0E-4
3541	7.0E-4
3542	7.0E-4
3543	7.0E-4
3544	7.0E-4
3545	7.0E-4
3546	7.0E-4
3547	7.0E-4
3548	7.0E-4
3549	7.0E-4
355	5.0E-4
3550	7.0E-4
3551	7.0E-4
3552	7.0E-4
3553	7.0E-4
3554	7.0E-4
3555	0.0015
3556	7.0E-4
3557	7.0E-4
3558	7.0E-4
3559	7.0E-4
356	2.6228
3560	7.0E-4
3561	7.0E-4
3562	7.0E-4
3563	7.0E-4
3564	0.0026
3565	0.0026
3566	0.0026
3567	0.0026
3568	0.0026
3569	0.0026
357	2.3967
3570	0.0026
3571	0.0026
3572	0.0026
3573	0.0026
3574	0.0019
3575	0.0019
3576	0.0019
3577	0.0019
3578	0.0019
3579	0.0019
358	0.5247
3580	0.0021
3581	0.0021
3582	0.0023
3583	0.0421
3584	1.4352
3585	1.655
3586	2.1791
3587	1.655
3588	0.037
3589	0.037
359	0.7278
3590	0.0767
3591	0.0644
3592	0.0644
3593	0.0644
3594	0.082
3595	0.082
3596	0.082
3597	0.0519
3598	0.082
3599	0.082
36	6.306
360	0.5247
3600	0.5323
3601	0.0547
3602	0.3585
3603	0.0763
3604	0.0781
3605	0.2669
3606	0.2669
3607	0.0166
3608	0.0402
3609	0.0166
361	0.5247
3610	0.0402
3611	0.0247
3612	0.0247
3613	0.2409
3614	0.0402
3615	0.1361
3616	0.1782
3617	0.0334
3618	0.0334
3619	0.0334
362	1.1391
3620	0.0334
3621	0.0334
3622	0.0334
3623	0.0334
3624	0.0755
3625	0.0334
3626	0.0683
3627	0.0422
3628	0.0422
3629	0.0422
363	0.0415
3630	0.0422
3631	0.0422
3632	0.0422
3633	0.0422
3634	0.0534
3635	0.0534
3636	0.0534
3637	0.0824
3638	0.0184
3639	0.0184
364	0.0415
3640	0.0184
3641	0.0184
3642	0.0184
3643	2.0669
3644	2.0669
3645	1.9383
3646	1.9383
3647	1.9383
3648	1.9383
3649	0.0177
365	0.0638
3650	0.0177
3651	0.0177
3652	0.0177
3653	0.0177
3654	0.0177
3655	0.0177
3656	0.0177
3657	0.0177
3658	0.0177
3659	0.0346
366	0.0415
3660	0.0165
3661	0.0165
3662	0.0165
3663	0.0165
3664	0.7034
3665	0.0
3666	0.0
3667	0.0
3668	0.0
3669	0.0
367	0.0415
3670	0.0
3671	0.0
3672	0.0
3673	0.0
3674	0.0
3675	0.0
3676	0.0
3677	0.0
3678	0.0
3679	0.0
368	0.0415
3680	0.0
3681	0.0
3682	0.0
3683	0.0
3684	0.0
3685	0.0
3686	0.0
3687	0.0
3688	0.0
3689	0.0
369	1.3479
3690	0.0
3691	0.0
3692	0.0
3693	0.0
3694	0.0
3695	0.0
3696	0.0
3697	0.0
3698	0.0
3699	0.0
37	28.4968
370	7.0E-4
3700	0.001
3701	0.0031
3702	0.1035
3703	6.0E-4
3704	0.0364
3705	0.1389
3706	0.0779
3707	0.0342
3708	0.0342
3709	0.0203
371	0.0108
3710	0.0175
3711	0.0342
3712	0.0175
3713	0.0265
3714	0.0265
3715	0.0265
3716	0.009
3717	0.009
3718	0.0147
3719	0.0139
372	6.0E-4
3720	0.0148
3721	0.006
3722	0.006
3723	0.0025
3724	0.0025
3725	0.0025
3726	0.0113
3727	0.0113
3728	0.0113
3729	1.1793
373	6.0E-4
3730	0.0025
3731	0.0025
3732	0.0025
3733	0.4807
3734	1.6423
3735	0.5039
3736	0.4807
3737	0.0527
3738	0.1733
3739	0.2015
374	6.0E-4
3740	0.4882
3741	0.1182
3742	1.6302
3743	0.0527
3744	0.0527
3745	0.0527
3746	0.0527
3747	0.0527
3748	0.0179
3749	0.0244
375	6.0E-4
3750	0.0179
3751	0.0127
3752	0.0127
3753	0.0127
3754	0.0127
3755	0.0127
3756	0.0127
3757	0.0127
3758	0.0127
3759	0.0488
376	6.0E-4
3760	0.0488
3761	0.0488
3762	0.2784
3763	0.2784
3764	0.2784
3765	0.2784
3766	1.2491
3767	1.2491
3768	0.0247
3769	0.0247
377	7.0E-4
3770	0.0247
3771	0.0247
3772	0.0247
3773	1.3403
3774	1.3403
3775	1.3403
3776	1.3403
3777	0.0285
3778	0.0285
3779	0.0285
378	6.0E-4
3780	0.0285
3781	0.9813
3782	1.312
3783	0.9813
3784	0.9813
3785	0.9813
3786	0.9813
3787	0.0263
3788	0.0348
3789	1.1661
379	6.0E-4
3790	1.1661
3791	1.1661
3792	0.4856
3793	0.4856
3794	0.4856
3795	0.4856
3796	0.4856
3797	0.4856
3798	0.4856
3799	0.4856
38	26.1858
380	5.0E-4
3800	0.0
3801	0.0
3802	0.0
3803	0.0
3804	0.0
3805	0.0
3806	0.0
3807	0.0
3808	3.6232
3809	0.0
381	5.0E-4
3810	0.0023
3811	0.0023
3812	0.0023
3813	0.0
3814	0.0
3815	0.0
3816	0.0
3817	0.0
3818	0.0
3819	0.0
382	0.0507
3820	0.0
3821	0.0
3822	0.0
3823	0.0
3824	0.0
3825	0.0
3826	0.0
3827	0.0
3828	0.0
3829	0.0
383	0.0507
3830	0.0
3831	0.0
3832	0.0
3833	0.0
3834	10.8116
3835	5.071
3836	2.0515
3837	0.8091
3838	0.5193
3839	0.4151
384	0.0954
3840	0.3997
3841	0.3947
3842	0.3945
3843	0.3945
3844	0.3945
3845	0.3945
3846	0.3945
3847	0.3945
3848	0.3945
3849	0.3945
385	0.0954
3850	0.3945
3851	0.3945
3852	0.3945
3853	0.3945
3854	0.3945
3855	0.3945
3856	0.3945
3857	0.3945
3858	0.3945
3859	0.3945
386	0.0954
3860	0.3945
3861	0.3945
3862	0.3945
3863	0.3945
3864	0.3945
3865	0.3945
3866	0.3946
3867	0.3948
3868	0.4002
3869	0.4167
387	0.2142
3870	0.5308
3871	0.9855
3872	2.8075
3873	8.1328
3874	0.2238
3875	8.4313
3876	4.0268
3877	1.6844
3878	0.7172
3879	0.4904
388	0.0572
3880	0.4094
3881	0.3972
3882	0.3932
3883	0.3931
3884	0.3931
3885	0.3931
3886	0.3931
3887	0.3931
3888	0.3931
3889	0.3931
389	0.1354
3890	0.3931
3891	0.3931
3892	0.3931
3893	0.3931
3894	0.3931
3895	0.3931
3896	0.3931
3897	0.3931
3898	0.3931
3899	0.3933
39	7.0159
390	0.0063
3900	0.3975
3901	0.4106
3902	0.4998
3903	0.8556
3904	2.2642
3905	6.3533
3906	0.2226
3907	2.8611
3908	1.5761
3909	0.8161
391	0.1462
3910	0.4923
3911	0.4143
3912	0.3922
3913	0.4183
3914	0.5414
3915	0.9838
3916	2.1879
3917	0.2117
3918	6.0484
3919	2.9806
392	0.0042
3920	1.3159
3921	0.624
3922	0.4602
3923	0.4024
3924	0.3934
3925	0.3905
3926	0.3904
3927	0.3904
3928	0.3904
3929	0.3904
393	0.0042
3930	0.3904
3931	0.3904
3932	0.3904
3933	0.3906
3934	0.3937
3935	0.4032
3936	0.4674
3937	0.7244
3938	1.7192
3939	4.5718
394	0.0042
3940	0.2204
3941	9.2251
3942	4.3751
3943	1.8069
3944	0.7479
3945	0.5001
3946	0.4114
3947	0.3981
3948	0.3938
3949	0.3937
395	0.0042
3950	0.3936
3951	0.3936
3952	0.3936
3953	0.3936
3954	0.3936
3955	0.3936
3956	0.3936
3957	0.3936
3958	0.3936
3959	0.3936
396	0.0063
3960	0.3936
3961	0.3936
3962	0.3936
3963	0.3936
3964	0.3936
3965	0.3936
3966	0.3936
3967	0.3937
3968	0.3939
3969	0.3985
397	0.0042
3970	0.4127
3971	0.5102
3972	0.899
3973	2.4455
3974	6.9469
3975	0.2231
3976	4.7228
3977	2.3979
3978	1.1097
3979	0.5709
398	0.0042
3980	0.4422
3981	0.3973
3982	0.39
3983	0.3878
3984	0.3877
3985	0.3877
3986	0.3878
3987	0.3903
3988	0.3979
3989	0.4483
399	0.0085
3990	0.6501
3991	1.415
3992	3.5806
3993	0.2183
3994	7.6372
3995	3.6783
3996	1.5618
3997	0.6863
3998	0.4805
3999	0.4072
4	0.0116
40	10.4646
400	0.0042
4000	0.3961
4001	0.3925
4002	0.3924
4003	0.3924
4004	0.3924
4005	0.3924
4006	0.3924
4007	0.3924
4008	0.3924
4009	0.3924
401	0.004
4010	0.3924
4011	0.3924
4012	0.3924
4013	0.3924
4014	0.3924
4015	0.3926
4016	0.3964
4017	0.4083
4018	0.4892
4019	0.8121
402	0.0042
4020	2.0827
4021	5.7597
4022	0.222
4023	14.2512
4024	6.579
4025	2.5811
4026	0.9412
4027	0.5602
4028	0.4225
4029	0.4026
403	0.0042
4030	0.396
4031	0.3958
4032	0.3958
4033	0.3958
4034	0.3958
4035	0.3958
4036	0.3958
4037	0.3958
4038	0.3958
4039	0.3958
404	0.0063
4040	0.3958
4041	0.3958
4042	0.3958
4043	0.3958
4044	0.3958
4045	0.3958
4046	0.3958
4047	0.3958
4048	0.3958
4049	0.3958
405	0.0042
4050	0.3958
4051	0.3958
4052	0.3958
4053	0.3958
4054	0.3958
4055	0.3958
4056	0.3958
4057	0.3958
4058	0.3958
4059	0.3958
406	0.0063
4060	0.3958
4061	0.3958
4062	0.3958
4063	0.3958
4064	0.3958
4065	0.3958
4066	0.3958
4067	0.3958
4068	0.3959
4069	0.3962
407	0.004
4070	0.4032
4071	0.4248
4072	0.5749
4073	1.1722
4074	3.5918
4075	10.704
4076	0.2248
4077	6.8432
4078	3.3297
4079	1.439
408	0.004
4080	0.6553
4081	0.4705
4082	0.4049
4083	0.3948
4084	0.3916
4085	0.3915
4086	0.3915
4087	0.3915
4088	0.3915
4089	0.3915
409	0.0625
4090	0.3915
4091	0.3915
4092	0.3915
4093	0.3915
4094	0.3916
4095	0.3917
4096	0.3952
4097	0.4059
4098	0.4784
4099	0.7684
41	6.86
410	0.0625
4100	1.9012
4101	5.1661
4102	0.2213
4103	4.192
4104	2.1641
4105	1.0267
4106	0.5492
4107	0.4345
4108	0.3947
4109	0.3882
411	0.0625
4110	0.3862
4111	0.3862
4112	0.3884
4113	0.3953
4114	0.44
4115	0.6199
4116	1.2928
4117	3.1836
4118	0.217
4119	0.0
412	0.0625
4120	0.0
4121	0.0099
4122	0.0168
4123	0.0168
4124	0.0
4125	0.0
4126	0.0
4127	0.0
4128	0.0
4129	0.0
413	0.0625
4130	0.0
4131	0.0
4132	0.0
4133	0.0
4134	0.0
4135	0.0
4136	0.0
4137	0.0
4138	0.0
4139	4.3842
414	0.0625
4140	2.2507
4141	1.0754
4142	0.5887
4143	0.4725
4144	0.4325
4145	0.4259
4146	0.4239
4147	0.424
4148	0.4262
4149	0.4331
415	0.0445
4150	0.479
4151	0.6653
4152	1.3652
4153	3.3522
4154	0.0056
4155	0.0056
4156	0.0056
4157	0.0056
4158	0.0056
4159	0.0056
416	0.271
4160	0.0
4161	0.0
4162	0.0
4163	0.0
4164	0.0
4165	0.0
4166	0.0
4167	0.0
4168	0.0
4169	0.0
417	7.0E-4
4170	0.0
4171	0.0
4172	0.0
4173	0.0
4174	0.0
4175	0.0
4176	0.0
4177	0.0
4178	0.0
4179	0.0
418	7.0E-4
4180	0.0
4181	0.0
4182	0.0
4183	0.0
4184	0.0
4185	0.0
4186	0.0
4187	0.0
4188	0.0
4189	0.0
419	7.0E-4
4190	0.0
4191	0.0
4192	0.0
4193	0.0
4194	0.0
4195	0.0
4196	0.0
4197	0.0
4198	0.0
4199	0.0
42	8.7801
420	7.0E-4
4200	0.0
4201	0.0
4202	0.0
4203	0.0
4204	0.0
4205	0.0
4206	0.0
4207	0.0
4208	0.0
4209	0.0
421	7.0E-4
4210	0.0
4211	0.0
4212	0.0
4213	0.0
4214	0.0
4215	0.0
4216	0.0
4217	0.0
4218	0.0
4219	0.0
422	7.0E-4
4220	0.0
4221	0.0
4222	0.0
4223	0.0
4224	0.0
4225	0.0
4226	0.0
4227	0.0
4228	0.0
4229	0.0
423	7.0E-4
4230	0.0
4231	0.0
4232	0.0
4233	0.0
4234	0.0
4235	0.0
4236	0.0
4237	0.0
4238	0.0
4239	0.0
424	7.0E-4
4240	0.0
4241	0.0
4242	0.0
4243	0.0
4244	0.0
4245	0.0
4246	0.0
4247	0.0
4248	0.0
4249	0.0
425	1.9499
4250	0.0
4251	0.0
4252	0.0
4253	0.0
4254	0.0
4255	0.0
4256	0.0
4257	0.0
4258	0.0
4259	0.0
426	0.8252
4260	0.0
4261	0.0
4262	0.0
4263	0.0
4264	0.0
4265	0.0
4266	0.0
4267	0.0
4268	0.0
4269	0.0
427	0.6313
4270	0.0
4271	0.0
4272	0.0
4273	0.0
4274	0.0
4275	0.0
4276	0.0
4277	0.0
4278	0.0
4279	0.0
428	0.1036
4280	0.0
4281	0.0
4282	0.0
4283	0.0
4284	0.0
4285	0.0
4286	0.0
4287	0.0
4288	0.0
4289	0.0
429	0.5161
4290	0.0
4291	0.0
4292	0.0
4293	0.0
4294	0.0
4295	0.0
4296	0.0
4297	0.0
4298	0.0
4299	0.0
43	21.3651
430	1.2026
4300	0.0
4301	0.0
4302	0.0
4303	0.0
4304	0.0
4305	0.0
4306	0.0
4307	0.0
4308	0.0
4309	0.0
431	0.0362
4310	0.0
4311	0.0
4312	0.0
4313	0.0
4314	0.0
4315	0.0
4316	0.0
4317	0.0
4318	0.0
4319	0.0
432	0.0041
4320	0.0
4321	0.0
4322	0.0
4323	0.0
4324	0.0
4325	0.0
4326	0.0
4327	0.0
4328	0.0
4329	0.0
433	0.0398
4330	0.0
4331	0.0
4332	0.0
4333	0.0
4334	0.0
4335	0.0
4336	0.0
4337	0.0
4338	0.0
4339	0.0
434	0.0398
4340	0.0
4341	0.0
4342	0.0
4343	0.0
4344	0.0
4345	0.0
4346	0.0
4347	0.0
4348	0.0
4349	0.0
435	0.0372
4350	0.0
4351	0.0
4352	0.0
4353	0.0
4354	0.0
4355	0.0
4356	0.0
4357	0.0
4358	0.0
4359	0.0
436	0.0372
4360	0.0
4361	0.0
4362	0.0
4363	0.0
4364	0.0
4365	0.0
4366	0.0
4367	0.0
4368	0.0
4369	0.0
437	0.0372
4370	0.0
4371	0.0
4372	0.0
4373	0.0
4374	0.0
4375	0.0
4376	0.0
4377	0.0
4378	0.0
4379	0.0
438	0.0372
4380	0.0
4381	0.0
4382	0.0
4383	0.0
4384	0.0
4385	0.0
4386	0.0
4387	0.0
4388	0.0
4389	0.0
439	0.0372
4390	0.0
4391	0.0
4392	0.0
4393	0.0
4394	0.0
4395	0.0
4396	0.0
4397	0.0
4398	0.0
4399	0.0
44	5.7739
440	0.0379
4400	0.0
4401	0.0
4402	0.0
4403	0.0
4404	0.0
4405	0.0
4406	0.0
4407	0.0
4408	0.0
4409	0.0
441	0.0036
4410	0.0
4411	0.0
4412	0.0
4413	0.0
4414	0.0
4415	0.0
4416	0.0
4417	0.0
4418	0.0
4419	0.0
442	0.0045
4420	0.0
4421	0.0
4422	0.0
4423	0.0
4424	0.0
4425	0.0
4426	0.0
4427	0.0
4428	0.0
4429	0.0
443	0.0045
4430	0.0
4431	0.0
4432	0.0
4433	0.0
4434	0.0
4435	0.0
4436	5.0E-4
4437	5.0E-4
4438	2.0E-4
4439	5.0E-4
444	0.0045
4440	5.0E-4
4441	5.0E-4
4442	5.0E-4
4443	2.0E-4
4444	2.0E-4
4445	2.0E-4
4446	3.0E-4
4447	5.0E-4
4448	2.0E-4
4449	2.0E-4
445	0.0541
4450	4.0E-4
4451	2.0E-4
4452	0.0
4453	0.0
4454	0.0
4455	0.0
4456	0.0
4457	0.0
4458	3.6232
4459	0.0
446	0.0547
4460	0.0023
4461	0.0023
4462	0.0023
4463	0.0
4464	0.0
4465	0.0
4466	0.0
4467	0.0
4468	0.0
4469	0.0
447	0.0541
4470	0.0
4471	0.0
4472	0.0
4473	0.0
4474	0.0
4475	0.0
4476	0.0
4477	0.0
4478	0.0
4479	0.0
448	0.0975
4480	0.0
4481	0.0
4482	0.0
4483	1.0E-4
4484	0.7045
4485	2.0132
4486	1.0E-4
4487	1.0E-4
4488	1.0E-4
4489	1.0E-4
449	0.0642
4490	1.0E-4
4491	1.0E-4
4492	1.0E-4
4493	1.0E-4
4494	1.0E-4
4495	1.0E-4
4496	1.0E-4
4497	1.0E-4
4498	1.0E-4
4499	1.0E-4
45	3.3534
450	0.0414
4500	1.0E-4
4501	1.0E-4
4502	1.0E-4
4503	1.0E-4
4504	1.0E-4
4505	1.0E-4
4506	1.0E-4
4507	1.0E-4
4508	1.0E-4
4509	1.0E-4
451	0.0382
4510	1.0E-4
4511	1.0E-4
4512	1.0E-4
4513	1.0E-4
4514	1.0E-4
4515	1.0E-4
4516	1.0E-4
4517	1.0E-4
4518	1.0E-4
4519	1.0E-4
452	0.0277
4520	1.0E-4
4521	1.0E-4
4522	1.0E-4
4523	1.0E-4
4524	1.0E-4
4525	1.0E-4
4526	1.0E-4
4527	1.0E-4
4528	1.0E-4
4529	1.0E-4
453	0.0251
4530	1.0E-4
4531	1.0E-4
4532	1.0E-4
4533	1.0E-4
4534	0.0
4535	0.0
4536	0.0
4537	0.0
4538	0.0
4539	0.0
454	0.0251
4540	0.0
4541	0.0
4542	0.0
4543	0.0
4544	0.0
4545	0.0
4546	0.0
4547	0.0
4548	0.0
4549	0.0
455	0.0251
4550	0.0
4551	0.0
4552	0.0
4553	0.0
4554	0.0
4555	0.0
4556	0.0
4557	0.0
4558	0.0
4559	0.0
456	0.0251
4560	0.0
4561	0.0
4562	0.0
4563	0.0
4564	0.0
4565	0.0
4566	0.0
4567	0.0
4568	0.0
4569	0.0
457	0.2981
4570	0.0
4571	0.0
4572	0.0
4573	0.0
4574	0.0
4575	0.0
4576	0.0
4577	0.0
4578	0.0
4579	0.0
458	0.2981
4580	0.0
4581	0.0
4582	0.0
4583	0.0
4584	0.0
4585	0.0
4586	0.0
4587	0.0
4588	0.0
4589	0.0
459	0.2981
4590	0.0
4591	0.0
4592	0.0
4593	0.0
4594	0.0
4595	0.0
4596	0.0
4597	0.0
4598	0.0
4599	0.0
46	6.5218
460	0.2728
4600	0.0
4601	0.0
4602	0.0
4603	0.0
4604	0.0
4605	0.0
4606	0.0
4607	0.0
4608	0.0
4609	0.0
461	0.2981
4610	0.0
4611	0.0
4612	0.0
4613	0.0
4614	0.0
4615	0.0
4616	0.0
4617	0.0
4618	0.0
4619	0.0
462	0.2999
4620	0.0
4621	0.0
4622	0.0
4623	0.0
4624	0.0
4625	0.0
4626	0.0
4627	0.0
4628	0.0
4629	0.0
463	0.2999
4630	0.0
4631	0.0
4632	0.0
4633	0.0
4634	0.0
4635	0.0
4636	0.0
4637	0.0
4638	0.0
4639	0.0
464	0.2999
4640	0.0
4641	0.0
4642	0.0
4643	0.0
4644	0.0
4645	0.0
4646	0.0
4647	0.0
4648	0.0
4649	0.0
465	0.2981
4650	0.0
4651	0.0
4652	0.0
4653	0.0
4654	0.0
4655	0.0
4656	0.0
4657	0.0
4658	0.0
4659	0.0
466	0.2981
4660	0.0
4661	0.0
4662	0.0
4663	0.0
4664	0.0
4665	0.0
4666	0.0
4667	0.0
4668	0.0
4669	0.0
467	0.3258
4670	0.0
4671	0.0
4672	0.0
4673	0.0
4674	0.0
4675	0.0
4676	0.0
4677	0.0
4678	0.0
4679	0.0
468	0.3258
4680	0.0
4681	0.0
4682	0.0
4683	0.0
4684	0.0
4685	0.0
4686	0.0
4687	0.0
4688	0.0
4689	0.0
469	0.086
4690	0.0
4691	0.0
4692	0.0
4693	0.0
4694	0.0
4695	0.0
4696	0.0
4697	0.0
4698	0.0
4699	0.0
47	1.6987
470	0.0671
4700	0.0
4701	0.0
4702	0.0
4703	0.0
4704	0.0
4705	0.0
4706	0.0
4707	0.0
4708	0.0
4709	0.0
471	0.0671
4710	0.0
4711	0.0
4712	0.0
4713	0.0
4714	0.0
4715	0.0
4716	0.0
4717	0.0
4718	0.0
4719	0.0
472	0.0671
4720	0.0
4721	0.0
4722	0.0
4723	0.0
4724	0.0
4725	0.0
4726	0.0
4727	0.0
4728	0.0
4729	0.0
473	0.0605
4730	0.0
4731	0.0
4732	0.0
4733	0.0
4734	0.0
4735	0.0
4736	0.0
4737	0.0
4738	0.0
4739	0.0
474	0.1339
4740	0.0
4741	0.0
4742	0.0
4743	0.0
4744	0.0
4745	0.0
4746	0.0
4747	0.0
4748	0.0
4749	0.0
475	0.0372
4750	0.0
4751	0.0
4752	0.0
4753	0.0
4754	0.0
4755	0.0
4756	0.0
4757	0.0
4758	0.0
4759	0.0
476	0.0355
4760	0.0
4761	0.0
4762	6.0E-4
4763	6.0E-4
4764	2.0E-4
4765	6.0E-4
4766	6.0E-4
4767	6.0E-4
4768	6.0E-4
4769	2.0E-4
477	0.0356
4770	2.0E-4
4771	2.0E-4
4772	4.0E-4
4773	8.0E-4
4774	0.2459
4775	0.2197
4776	0.8883
4777	0.8883
4778	0.1558
4779	0.1558
478	0.0356
4780	0.1558
4781	0.1297
4782	0.1297
4783	0.1297
4784	0.1395
4785	0.1663
4786	0.1663
4787	0.1716
4788	0.1716
4789	0.1297
479	0.1813
4790	0.1425
4791	0.1297
4792	0.1425
4793	0.003
4794	0.0028
4795	0.0028
4796	0.0028
4797	0.0028
4798	0.0028
4799	0.117
48	3.6425
480	0.2784
4800	0.0028
4801	0.0102
4802	0.0098
4803	0.0098
4804	0.0098
4805	0.0869
4806	1.5321
4807	0.0435
4808	0.0435
4809	0.0869
481	0.1804
4810	3.0875
4811	0.058
4812	0.2593
4813	0.0081
4814	0.0091
4815	0.3376
4816	0.0236
4817	0.0236
4818	0.0236
4819	1.1078
482	0.1304
4820	0.0236
4821	0.0061
4822	0.0061
4823	0.0061
4824	0.0061
4825	0.0061
4826	0.0061
4827	0.0061
4828	0.0302
4829	0.0302
483	0.1231
4830	0.0131
4831	0.0087
4832	0.0087
4833	0.1574
4834	0.1574
4835	0.1574
4836	0.1574
4837	0.1574
4838	0.0429
4839	0.0074
484	0.1231
4840	0.0301
4841	0.0301
4842	0.0301
4843	0.0103
4844	0.0256
4845	0.0051
4846	0.0051
4847	0.0051
4848	0.3417
4849	0.3417
485	0.1059
4850	0.3417
4851	0.2568
4852	0.2568
4853	0.2568
4854	0.0165
4855	0.0165
4856	0.0165
4857	0.049
4858	0.049
4859	0.049
486	0.0975
4860	0.1472
4861	0.1472
4862	0.7046
4863	0.0167
4864	0.0167
4865	0.0437
4866	0.0167
4867	0.0388
4868	0.0313
4869	0.0437
487	0.0975
4870	0.0437
4871	5.0E-4
4872	5.0E-4
4873	5.0E-4
4874	5.0E-4
4875	5.0E-4
4876	5.0E-4
4877	5.0E-4
4878	5.0E-4
4879	5.0E-4
488	0.0975
4880	5.0E-4
4881	5.0E-4
4882	5.0E-4
4883	5.0E-4
4884	5.0E-4
4885	5.0E-4
4886	5.0E-4
4887	5.0E-4
4888	5.0E-4
4889	5.0E-4
489	0.0975
4890	5.0E-4
4891	5.0E-4
4892	5.0E-4
4893	5.0E-4
4894	5.0E-4
4895	5.0E-4
4896	5.0E-4
4897	5.0E-4
4898	5.0E-4
4899	5.0E-4
49	1.6975
490	0.0975
4900	5.0E-4
4901	5.0E-4
4902	5.0E-4
4903	5.0E-4
4904	5.0E-4
4905	5.0E-4
4906	5.0E-4
4907	5.0E-4
4908	5.0E-4
4909	5.0E-4
491	0.0975
4910	5.0E-4
4911	5.0E-4
4912	5.0E-4
4913	5.0E-4
4914	5.0E-4
4915	5.0E-4
4916	5.0E-4
4917	5.0E-4
4918	5.0E-4
4919	5.0E-4
492	0.1558
4920	5.0E-4
4921	5.0E-4
4922	5.0E-4
4923	5.0E-4
4924	0.0019
4925	0.0019
4926	0.0019
4927	0.0019
4928	0.0019
4929	0.0027
493	0.0975
4930	1.0361
4931	1.0361
4932	1.0361
4933	1.0361
4934	1.0361
4935	1.0361
4936	1.0361
4937	0.0612
4938	0.0612
4939	0.0612
494	6.0E-4
4940	0.0612
4941	0.0612
4942	0.0612
4943	0.0612
4944	0.0612
4945	0.0612
4946	0.0612
4947	0.0612
4948	0.0612
4949	0.0612
495	6.0E-4
4950	0.0612
4951	0.0612
4952	0.0612
4953	0.0612
4954	0.0612
4955	0.0612
4956	0.0612
4957	0.0612
4958	0.0612
4959	0.0612
496	0.0089
4960	0.0612
4961	0.0612
4962	0.0612
4963	0.0845
4964	0.0612
4965	0.0612
4966	0.0612
4967	0.0612
4968	0.0612
4969	0.0612
497	6.0E-4
4970	0.0612
4971	0.0612
4972	0.0089
4973	0.0089
4974	0.0089
4975	0.0089
4976	0.0089
4977	0.0089
4978	0.0089
4979	0.0089
498	0.0069
4980	0.0089
4981	0.0089
4982	0.0089
4983	0.0089
4984	0.0089
4985	0.0089
4986	0.0089
4987	0.0089
4988	0.0089
4989	0.0089
499	0.0306
4990	0.0089
4991	0.0089
4992	0.0089
4993	0.0089
4994	0.0089
4995	0.0089
4996	0.0089
4997	0.0089
4998	0.0089
4999	0.0089
5	0.0116
50	1.6975
500	0.3926
5000	0.0089
5001	0.069
5002	0.069
5003	0.069
5004	0.069
5005	0.069
5006	0.069
5007	0.069
5008	1.1308
5009	1.1308
501	0.3809
5010	1.1308
5011	1.1308
5012	1.1308
5013	0.0167
5014	0.0167
5015	0.0167
5016	0.0167
5017	0.0167
5018	0.0167
5019	0.0167
502	0.3747
5020	0.0167
5021	0.0167
5022	0.0167
5023	0.0167
5024	0.0167
5025	0.0167
5026	0.0167
5027	0.0167
5028	0.0167
5029	0.0167
503	0.148
5030	0.0167
5031	0.0167
5032	0.0167
5033	0.0065
5034	0.0065
5035	0.3214
5036	0.0
5037	0.0
5038	0.0
5039	0.0
504	0.148
5040	0.0
5041	0.0
5042	0.0
5043	0.0
5044	0.0
5045	0.0
5046	0.0
5047	0.0
5048	0.0
5049	0.0
505	0.4237
5050	0.0
5051	4.3842
5052	2.2507
5053	1.0754
5054	0.5887
5055	0.4725
5056	0.4325
5057	0.4259
5058	0.4239
5059	0.424
506	0.0215
5060	0.4262
5061	0.4331
5062	0.479
5063	0.6653
5064	1.3652
5065	3.3522
5066	0.0056
5067	0.0056
5068	0.0056
5069	0.0056
507	0.0215
5070	0.0056
5071	0.0056
5072	7.9695
5073	5.7702
5074	2.3649
5075	0.8566
5076	0.313
5077	0.1933
5078	0.1489
5079	0.1435
508	0.0215
5080	0.1418
5081	0.1417
5082	0.1417
5083	0.1417
5084	0.1417
5085	0.1417
5086	0.1417
5087	0.1417
5088	0.1417
5089	0.1417
509	0.0215
5090	0.1417
5091	0.1417
5092	0.1417
5093	0.1417
5094	0.1417
5095	0.1417
5096	0.1417
5097	0.1417
5098	0.1417
5099	0.1417
510	0.0215
5100	0.1417
5101	0.1417
5102	0.1417
5103	0.1417
5104	0.1418
5105	0.1433
5106	0.1469
5107	0.179
5108	0.2615
5109	0.6077
511	0.0215
5110	1.4577
5111	2.4166
5112	6.1983
5113	4.5141
5114	1.8748
5115	0.6984
5116	0.2757
5117	0.1819
5118	0.1474
5119	0.1431
512	0.0215
5120	0.1417
5121	0.1417
5122	0.1417
5123	0.1417
5124	0.1417
5125	0.1417
5126	0.1417
5127	0.1417
5128	0.1417
5129	0.1417
513	0.0215
5130	0.1417
5131	0.1417
5132	0.1417
5133	0.1417
5134	0.1417
5135	0.1417
5136	0.1429
5137	0.1458
5138	0.1709
5139	0.2355
514	0.0215
5140	0.505
5141	1.1664
5142	1.8965
5143	2.0571
5144	1.5768
5145	0.7289
5146	0.3286
5147	0.1897
5148	0.1649
5149	0.1762
515	0.0215
5150	0.2645
5151	0.4838
5152	0.6796
5153	4.4254
5154	3.257
5155	1.3843
5156	0.54
5157	0.2384
5158	0.1704
5159	0.1457
516	0.0215
5160	0.1425
5161	0.1415
5162	0.1415
5163	0.1415
5164	0.1415
5165	0.1415
5166	0.1415
5167	0.1415
5168	0.1424
5169	0.1446
517	0.0216
5170	0.1626
5171	0.2094
5172	0.4021
5173	0.8746
5174	1.3758
5175	6.7888
5176	4.9328
5177	2.0382
5178	0.7511
5179	0.2882
518	0.0215
5180	0.1857
5181	0.1479
5182	0.1432
5183	0.1417
5184	0.1417
5185	0.1417
5186	0.1417
5187	0.1417
5188	0.1417
5189	0.1417
519	0.1712
5190	0.1417
5191	0.1417
5192	0.1417
5193	0.1417
5194	0.1417
5195	0.1417
5196	0.1417
5197	0.1417
5198	0.1417
5199	0.1417
52	24.7396
520	0.1712
5200	0.1417
5201	0.1417
5202	0.1431
5203	0.1461
5204	0.1736
5205	0.2442
5206	0.5392
5207	1.2635
5208	2.0699
5209	3.4398
521	0.1273
5210	2.5579
5211	1.1116
5212	0.4519
5213	0.2175
5214	0.164
5215	0.1447
5216	0.1421
5217	0.1413
5218	0.1413
5219	0.1421
522	0.1335
5220	0.1438
5221	0.158
5222	0.1948
5223	0.3448
5224	0.7123
5225	1.0863
5226	5.6076
5227	4.0952
5228	1.7113
5229	0.6456
523	0.4011
5230	0.2633
5231	0.1781
5232	0.1468
5233	0.1429
5234	0.1417
5235	0.1416
5236	0.1416
5237	0.1416
5238	0.1416
5239	0.1416
524	0.1335
5240	0.1416
5241	0.1416
5242	0.1416
5243	0.1416
5244	0.1416
5245	0.1416
5246	0.1416
5247	0.1428
5248	0.1454
5249	0.1681
525	0.1335
5250	0.2268
5251	0.4707
5252	1.0692
5253	1.7229
5254	10.529
5255	7.5852
5256	3.0731
5257	1.0851
5258	0.3668
5259	0.2097
526	3.9923
5260	0.1511
5261	0.1441
5262	0.1419
5263	0.1418
5264	0.1418
5265	0.1418
5266	0.1418
5267	0.1418
5268	0.1418
5269	0.1418
527	0.1144
5270	0.1418
5271	0.1418
5272	0.1418
5273	0.1418
5274	0.1418
5275	0.1418
5276	0.1418
5277	0.1418
5278	0.1418
5279	0.1418
528	0.1109
5280	0.1418
5281	0.1418
5282	0.1418
5283	0.1418
5284	0.1418
5285	0.1418
5286	0.1418
5287	0.1418
5288	0.1418
5289	0.1418
529	0.0995
5290	0.1418
5291	0.1418
5292	0.1418
5293	0.1418
5294	0.1418
5295	0.1418
5296	0.1418
5297	0.1418
5298	0.1418
5299	0.1418
53	1.2652
530	0.0995
5300	0.1439
5301	0.1485
5302	0.1908
5303	0.299
5304	0.7561
5305	1.8786
5306	3.1681
5307	5.0166
5308	3.6762
5309	1.5479
531	8.0E-4
5310	0.5928
5311	0.2509
5312	0.1743
5313	0.1463
5314	0.1427
5315	0.1416
5316	0.1416
5317	0.1416
5318	0.1416
5319	0.1416
532	0.0444
5320	0.1416
5321	0.1416
5322	0.1416
5323	0.1416
5324	0.1416
5325	0.1426
5326	0.145
5327	0.1654
5328	0.2182
5329	0.4364
533	8.0E-4
5330	0.972
5331	1.5494
5332	3.0453
5333	2.278
5334	1.0024
5335	0.4166
5336	0.2092
5337	0.1613
5338	0.1443
5339	0.1419
534	8.0E-4
5340	0.1419
5341	0.1434
5342	0.156
5343	0.1889
5344	0.3218
5345	0.6472
5346	0.9703
5347	3.1457
5348	2.3362
5349	1.027
535	8.0E-4
5350	0.4293
5351	0.2198
5352	0.1715
5353	0.1545
5354	0.1521
5355	0.1521
5356	0.1536
5357	0.1664
5358	0.2
5359	0.3364
536	1.6206
5360	0.6741
5361	1.012
5362	0.001
5363	0.001
5364	0.001
5365	0.001
5366	0.001
5367	0.001
5368	0.001
5369	0.001
537	1.6206
5370	0.001
5371	0.001
5372	0.001
5373	0.001
5374	0.001
5375	0.001
5376	0.001
5377	2.0E-4
5378	1.0E-4
5379	2.0E-4
538	1.6215
5380	1.0E-4
5381	2.0E-4
5382	0.0
5383	0.0
5384	0.0
5385	0.0
5386	0.0
5387	0.0
5388	0.0
5389	0.0
539	1.6559
5390	0.0
5391	0.0
5392	0.0
5393	0.0
5394	0.0
5395	0.0
5396	0.0
5397	4.3842
5398	2.2507
5399	1.0754
54	1.2109
540	1.6206
5400	0.5887
5401	0.4725
5402	0.4325
5403	0.4259
5404	0.4239
5405	0.424
5406	0.4262
5407	0.4331
5408	0.479
5409	0.6653
541	1.6559
5410	1.3652
5411	3.3522
5412	0.0056
5413	0.0056
5414	0.0056
5415	0.0056
5416	0.0056
5417	0.0056
5418	0.0491
5419	0.0491
542	1.6206
5420	0.0491
5421	3.0E-4
5422	0.1202
5423	0.1202
5424	0.056
5425	0.056
5426	0.0156
5427	0.0156
5428	0.0156
5429	6.0E-4
543	1.6203
5430	6.0E-4
5431	6.0E-4
5432	7.0E-4
5433	7.0E-4
5434	7.0E-4
5435	0.1414
5436	0.0015
5437	0.0015
5438	0.0031
5439	8.0E-4
544	1.6206
5440	8.0E-4
5441	8.0E-4
5442	0.0665
5443	0.0665
5444	0.001
5445	0.001
5446	0.001
5447	0.0471
5448	0.0471
5449	1.4854
545	1.6721
5450	1.4854
5451	1.4854
5452	1.4854
5453	1.742
5454	1.5621
5455	1.1259
5456	3.6155
5457	0.7656
5458	0.7656
5459	0.0627
546	1.6206
5460	0.0262
5461	0.0262
5462	0.0262
5463	0.0262
5464	0.0043
5465	0.0043
5466	0.0033
5467	0.0033
5468	2.0906
5469	0.0253
547	0.2045
5470	1.1398
5471	0.0253
5472	8.0E-4
5473	8.0E-4
5474	8.0E-4
5475	8.0E-4
5476	8.0E-4
5477	8.0E-4
5478	8.0E-4
5479	8.0E-4
548	0.1175
5480	0.0021
5481	0.0021
5482	0.0021
5483	0.2431
5484	0.0319
5485	0.007
5486	0.0023
5487	0.0023
5488	0.0023
5489	0.0023
549	0.0577
5490	0.0057
5491	0.0056
5492	0.0057
5493	0.0058
5494	0.0066
5495	0.0057
5496	0.0057
5497	0.0139
5498	0.0071
5499	0.0071
55	1.204
550	0.2676
5500	0.0071
5501	0.0071
5502	0.0986
5503	0.0872
5504	0.0872
5505	0.0872
5506	0.049
5507	0.049
5508	0.049
5509	0.0221
551	0.2827
5510	0.0124
5511	0.0117
5512	0.0147
5513	8.0E-4
5514	3.0E-4
5515	3.0E-4
5516	4.0E-4
5517	4.0E-4
5518	3.0E-4
5519	3.0E-4
552	0.2676
5520	3.0E-4
5521	8.0E-4
5522	8.0E-4
5523	3.1457
5524	2.3363
5525	1.027
5526	0.4293
5527	0.2198
5528	0.1715
5529	0.1545
553	0.2813
5530	0.1521
5531	0.1521
5532	0.1536
5533	0.1664
5534	0.2
5535	0.3364
5536	0.6741
5537	1.012
5538	0.001
5539	0.001
554	0.2893
5540	0.001
5541	0.001
5542	0.001
5543	0.001
5544	0.001
5545	0.001
5546	0.001
5547	0.001
5548	0.001
5549	0.001
555	0.2905
5550	0.001
5551	0.001
5552	0.001
5553	0.0
5554	0.0
5555	0.0
5556	0.0
5557	0.0
5558	0.0
5559	0.0
556	0.2905
5560	0.0
5561	0.0
5562	0.0
5563	0.0
5564	0.0
5565	0.0
5566	0.0
5567	0.0
5568	0.0
5569	0.0
557	0.6892
5570	0.0
5571	0.0
5572	0.0
5573	0.0
5574	0.0
5575	0.0
5576	0.0
5577	0.0
5578	0.0
5579	0.0
558	0.1888
5580	0.0
5581	0.0
5582	0.0
5583	0.0
5584	0.0
5585	0.0
5586	0.0
5587	0.0
5588	0.0
5589	0.0
559	0.1888
5590	0.0
5591	0.0
5592	0.0
5593	0.0
5594	0.0
5595	0.0
5596	0.0
5597	0.0
5598	0.0
5599	0.0
56	1.124
560	0.1888
5600	0.0
5601	0.0
5602	0.0
5603	0.0
5604	0.0
5605	0.0
5606	0.0
5607	0.0
5608	0.0
5609	0.0
561	0.1787
5610	0.0
5611	0.0
5612	0.0
5613	0.0
5614	0.0
5615	0.0
5616	0.0
5617	0.0
5618	0.0
5619	0.0
562	0.1787
5620	0.0
5621	0.0
5622	0.0
5623	0.0
5624	0.0
5625	0.0
5626	0.0
5627	0.0
5628	0.0
5629	0.0
563	0.1787
5630	0.0
5631	0.0
5632	0.0
5633	0.0
5634	0.0
5635	0.0
5636	0.0
5637	0.0
5638	0.0
5639	0.0
564	0.1787
5640	0.0
5641	0.0
5642	0.0
5643	0.0
5644	0.0
5645	0.0
5646	0.0
5647	0.0
5648	0.0
5649	0.0
565	0.1877
5650	0.0
5651	0.0
5652	0.0
5653	0.0
5654	0.0
5655	0.0
5656	0.0
5657	0.0
5658	0.0
5659	0.0
566	0.0243
5660	0.0
5661	0.0
5662	0.0
5663	0.0
5664	0.0
5665	0.0
5666	0.0
5667	0.0
5668	0.0
5669	0.0
567	0.0244
5670	0.0
5671	0.0
5672	0.0
5673	0.0
5674	0.0
5675	0.0
5676	0.0
5677	0.0
5678	0.0
5679	0.0
568	0.0244
5680	0.0
5681	0.0
5682	0.0
5683	0.0
5684	0.0
5685	0.0
5686	0.0
5687	0.0
5688	0.0
5689	0.0
569	0.0543
5690	0.0
5691	0.0
5692	0.0
5693	0.0
5694	0.0
5695	0.0
5696	0.0
5697	0.0
5698	0.0
5699	0.0
57	1.099
570	0.0244
5700	0.0
5701	0.0
5702	0.0
5703	0.0
5704	0.0
5705	0.0
5706	0.0
5707	0.0
5708	0.0
5709	0.0
571	0.0243
5710	0.0
5711	0.0
5712	0.0
5713	0.0
5714	0.0
5715	0.0
5716	0.0
5717	0.0
5718	0.0
5719	0.0
572	0.0243
5720	0.0
5721	0.0
5722	0.0
5723	0.0
5724	0.0
5725	0.0
5726	0.0
5727	0.0
5728	0.0
5729	0.0
573	0.0243
5730	0.0
5731	0.0
5732	0.0
5733	0.0
5734	0.0
5735	0.0
5736	0.0
5737	0.0
5738	0.0
5739	0.0
574	0.0243
5740	0.0
5741	0.0
5742	0.0
5743	0.0
5744	0.0
5745	0.0
5746	0.0
5747	0.0
5748	0.0
5749	0.0
575	0.0243
5750	0.0
5751	0.0
5752	0.0
5753	0.0
5754	0.0
5755	0.0
5756	0.0
5757	0.0
5758	0.0
5759	0.0
576	0.0243
5760	0.0
5761	0.0
5762	0.0
5763	0.0
5764	0.0
5765	0.0
5766	0.0
5767	0.0
5768	0.0
5769	0.0
577	0.0243
5770	0.0
5771	0.0
5772	0.0
5773	0.0
5774	0.0
5775	0.0
5776	0.0
5777	0.0
5778	0.0
5779	0.0
578	1.722
5780	0.0
5781	0.0
5782	0.0
5783	0.0
5784	0.0
5785	3.1457
5786	2.3363
5787	1.027
5788	0.4293
5789	0.2198
579	0.2601
5790	0.1715
5791	0.1545
5792	0.1521
5793	0.1521
5794	0.1536
5795	0.1664
5796	0.2
5797	0.3364
5798	0.6741
5799	1.012
58	1.2064
580	0.2601
5800	0.001
5801	0.001
5802	0.001
5803	0.001
5804	0.001
5805	0.001
5806	0.001
5807	0.001
5808	0.001
5809	0.001
581	0.2732
5810	0.001
5811	0.001
5812	0.001
5813	0.001
5814	0.001
5815	0.0203
5816	0.0203
5817	1.0E-4
5818	0.0031
5819	0.0258
582	0.0299
5820	0.9032
5821	0.9032
5822	0.1799
5823	1.3517
5824	0.1855
5825	0.6839
5826	0.705
5827	0.705
5828	0.9293
5829	0.705
583	0.0299
5830	0.705
5831	0.705
5832	0.5426
5833	0.5426
5834	0.0628
5835	0.4012
5836	0.4012
5837	0.4012
5838	0.4012
5839	0.4012
584	0.0263
5840	0.4012
5841	0.4012
5842	0.1547
5843	0.1547
5844	0.0036
5845	0.001
5846	0.001
5847	0.001
5848	0.0012
5849	0.001
585	0.0301
5850	0.001
5851	0.001
5852	0.001
5853	0.001
5854	0.001
5855	0.001
5856	0.0012
5857	0.001
5858	0.0012
5859	0.001
586	0.0299
5860	0.0012
5861	0.001
5862	0.0012
5863	0.001
5864	0.001
5865	0.001
5866	0.0012
5867	0.1009
5868	0.0036
5869	0.0036
587	0.0352
5870	0.0036
5871	0.0036
5872	0.0036
5873	0.0036
5874	0.0036
5875	0.0111
5876	0.0036
5877	1.0399
5878	0.0036
5879	0.0036
588	0.0263
5880	0.0036
5881	0.0036
5882	0.0036
5883	0.0036
5884	0.0036
5885	0.0036
5886	0.0036
5887	0.0036
5888	0.0036
5889	0.0036
589	0.0346
5890	0.0036
5891	0.0036
5892	5.0E-4
5893	8.0E-4
5894	5.0E-4
5895	5.0E-4
5896	5.0E-4
5897	5.0E-4
5898	5.0E-4
5899	5.0E-4
59	1.1987
590	0.0346
5900	5.0E-4
5901	5.0E-4
5902	5.0E-4
5903	5.0E-4
5904	5.0E-4
5905	5.0E-4
5906	5.0E-4
5907	5.0E-4
5908	5.0E-4
5909	5.0E-4
591	0.0346
5910	5.0E-4
5911	5.0E-4
5912	5.0E-4
5913	5.0E-4
5914	5.0E-4
5915	5.0E-4
5916	5.0E-4
5917	5.0E-4
5918	5.0E-4
5919	5.0E-4
592	0.0346
5920	0.0039
5921	0.0244
5922	0.1171
5923	0.1171
5924	0.1171
5925	0.1171
5926	0.1171
5927	0.1171
5928	0.1171
5929	0.1171
593	9.6777
5930	1.1983
5931	1.1983
5932	1.1983
5933	1.1983
5934	1.1983
5935	1.1983
5936	0.1018
5937	0.0963
5938	0.3603
5939	0.0704
594	0.0347
5940	1.0E-4
5941	1.0E-4
5942	1.0E-4
5943	1.0E-4
5944	1.0E-4
5945	1.0E-4
5946	1.0E-4
5947	2.0E-4
5948	7.0E-4
5949	2.0E-4
595	0.0243
5950	2.0E-4
5951	0.0953
5952	0.0018
5953	0.0024
5954	0.0036
5955	0.8518
5956	1.0486
5957	0.0036
5958	0.0
5959	0.0
596	0.0243
5960	0.0
5961	0.0
5962	0.0
5963	0.0
5964	0.0
5965	0.0
5966	0.0
5967	0.0
5968	1.0E-4
5969	1.0E-4
597	0.0243
5970	1.0E-4
5971	1.0E-4
5972	1.0E-4
5973	1.0E-4
5974	0.002
5975	0.0152
5976	0.0583
5977	0.0583
5978	0.0055
5979	0.0055
598	0.0447
5980	0.0055
5981	0.0055
5982	0.0055
5983	0.0055
5984	0.0055
5985	0.0055
5986	0.0055
5987	0.0055
5988	0.0055
5989	0.0055
599	0.0224
5990	0.0055
5991	0.0055
5992	0.0388
5993	2.0E-4
5994	2.0E-4
5995	2.0E-4
5996	6.0E-4
5997	6.0E-4
5998	6.0E-4
5999	6.0E-4
6	0.0116
60	1.1253
600	0.0232
6000	6.0E-4
6001	0.0025
6002	0.0025
6003	0.0027
6004	0.8785
6005	0.988
6006	2.0E-4
6007	2.0E-4
6008	2.0E-4
6009	2.0E-4
601	0.0232
6010	2.0E-4
6011	2.0E-4
6012	0.3674
602	0.0232
603	0.0232
604	0.0232
605	0.0232
606	0.0232
607	0.0232
608	0.0232
609	0.0232
61	25.8032
610	0.0232
611	0.3231
612	0.4918
613	0.0275
614	0.2467
615	0.0262
616	0.0357
617	0.0334
618	0.0334
619	0.0334
62	0.1682
620	0.335
621	1.0342
622	0.027
623	0.0268
624	0.0266
625	0.0797
626	0.0797
627	0.2849
628	0.0337
629	0.0337
63	1.0695
630	1.0761
631	0.1565
632	0.0
633	0.0
634	0.0
635	0.0
636	0.0
637	0.0
638	0.0
639	0.0
64	0.8385
640	0.0
641	0.0
642	0.0
643	0.0
644	0.0
645	0.0
646	0.0
647	0.0
648	0.0131
649	0.0131
65	0.9086
650	0.0131
651	0.0131
652	0.0131
653	0.0131
654	0.0131
655	0.0131
656	0.0132
657	0.0131
658	0.0
659	0.0
66	0.8401
660	0.0
661	0.0
662	0.0
663	0.0
664	0.0
665	1.0E-4
666	1.0E-4
667	0.0202
668	0.0155
669	0.0405
67	0.8184
670	0.0403
671	0.0401
672	0.0401
673	0.0452
674	0.1252
675	0.036
676	0.0361
677	0.0395
678	0.1209
679	0.0
68	1.0734
680	0.0
681	0.0
682	0.0
683	0.0
684	0.0
685	0.0
686	0.0352
687	0.0378
688	0.0378
689	0.0378
69	1.1357
690	0.0
691	0.0
692	0.0
693	0.0
694	0.0
695	0.0
696	0.0
697	0.0
698	0.0
699	0.0
7	0.5678
70	0.9093
700	0.0
701	0.0
702	0.0
703	0.0
704	0.0
705	0.0
706	0.0
707	0.0
708	0.0
709	0.0317
71	1.2042
710	0.0018
711	0.0013
712	0.0018
713	0.0013
714	0.0013
715	0.0013
716	0.0013
717	0.0013
718	0.0013
719	0.0013
72	1.35
720	0.0013
721	0.0013
722	0.003
723	0.0013
724	0.003
725	0.0013
726	0.0013
727	0.0013
728	0.0013
729	0.0013
73	9.9659
730	0.0013
731	0.0013
732	0.0013
733	0.0013
734	0.0013
735	0.0013
736	0.0013
737	0.0013
738	0.0013
739	0.0013
74	3.4481
740	0.0013
741	0.0013
742	0.0013
743	0.0013
744	0.0013
745	0.0018
746	0.0013
747	0.0013
748	0.0013
749	0.0013
75	1.8803
750	0.0013
751	0.0641
752	0.0013
753	0.0013
754	0.0013
755	0.0274
756	0.0274
757	0.0274
758	0.0274
759	0.0274
76	2.166
760	0.0274
761	0.0274
762	0.0274
763	0.0149
764	0.0148
765	0.0149
766	0.0165
767	0.0158
768	0.0112
769	0.0149
77	0.6381
770	0.0149
771	0.0
772	0.0136
773	0.0136
774	0.0129
775	0.0139
776	0.0139
777	0.0129
778	0.0088
779	0.0088
78	2.2066
780	0.0136
781	0.0136
782	6.0E-4
783	0.0111
784	0.0141
785	0.0141
786	0.0141
787	0.0141
788	0.0128
789	0.0128
79	1.4646
790	0.0128
791	0.0137
792	0.0137
793	0.0137
794	0.0138
795	0.0138
796	0.0129
797	0.0128
798	0.0128
799	0.0128
8	0.0408
80	8.3306
800	0.0111
801	0.0633
802	0.0931
803	0.0892
804	0.1011
805	0.1011
806	0.1011
807	0.1011
808	0.1176
809	0.1176
81	12.0288
810	0.0693
811	0.0694
812	0.0693
813	0.0693
814	0.0693
815	0.0693
816	0.0721
817	0.0697
818	0.0957
819	0.0953
82	4.8737
820	0.0953
821	0.0953
822	7.775
823	1.494
824	0.2329
825	0.1565
826	0.4777
827	0.3734
828	1.202
829	0.0074
83	3.5863
830	0.1003
831	0.0307
832	0.0307
833	0.0307
834	0.0306
835	0.0307
836	0.0026
837	0.2534
838	0.1545
839	0.2155
84	4.5165
840	0.2931
841	0.167
842	0.1897
843	0.1357
844	0.1357
845	0.1357
846	0.1357
847	0.1357
848	0.1357
849	0.1357
85	0.4127
850	0.1357
851	0.1357
852	0.1357
853	0.1357
854	0.1357
855	0.1357
856	0.1357
857	0.1357
858	0.1357
859	0.1357
86	0.3556
860	0.1357
861	0.1357
862	0.1357
863	0.1357
864	0.1357
865	0.1357
866	0.1357
867	0.1357
868	0.1357
869	0.1016
87	0.3992
870	0.0164
871	0.0164
872	0.0227
873	0.0561
874	0.0441
875	0.0902
876	0.1884
877	0.1811
878	0.1811
879	0.1547
88	0.4127
880	1.5512
881	0.1424
882	0.1424
883	0.1424
884	0.1424
885	0.1424
886	0.1424
887	0.2351
888	0.1424
889	0.0036
89	0.3607
890	0.0053
891	0.0036
892	0.6194
893	0.881
894	0.6194
895	0.6194
896	0.0082
897	0.0082
898	0.0082
899	0.0082
9	0.0116
90	0.437
900	0.0011
901	0.0011
902	0.0011
903	0.0011
904	0.0011
905	0.0011
906	0.0011
907	0.0011
908	0.0011
909	0.0011
91	0.437
910	0.0011
911	0.0011
912	0.0011
913	0.0011
914	0.0011
915	0.0011
916	0.0011
917	0.0011
918	0.008
919	0.0011
92	0.464
920	0.008
921	0.0011
922	0.0011
923	0.0017
924	0.0011
925	0.0011
926	0.0011
927	0.0011
928	0.0011
929	0.0011
93	0.3839
930	0.0011
931	0.004
932	0.0011
933	0.0011
934	0.0011
935	0.0019
936	0.002
937	0.002
938	0.007
939	0.0029
94	6.0E-4
940	0.0029
941	0.0029
942	0.0029
943	0.1303
944	0.1303
945	0.0348
946	0.035
947	0.0125
948	0.0124
949	0.0116
95	6.0E-4
950	0.0124
951	0.0124
952	0.0144
953	0.0167
954	0.0167
955	0.0166
956	0.017
957	0.0286
958	0.0168
959	0.0168
96	6.0E-4
960	0.0167
961	0.0172
962	0.0172
963	0.0186
964	0.0172
965	0.0172
966	0.0172
967	0.0172
968	0.0223
969	0.0223
97	6.0E-4
970	0.3897
971	0.0166
972	0.0206
973	0.0207
974	0.0205
975	0.0205
976	0.0206
977	0.0205
978	0.0205
979	0.035
98	6.0E-4
980	0.0151
981	0.2019
982	0.0177
983	0.0176
984	0.0178
985	0.0252
986	0.0176
987	0.0134
988	0.0133
989	0.0118
99	6.0E-4
990	0.0581
991	0.432
992	0.1163
993	0.3886
994	0.0581
995	0.9554
996	0.0138
997	0.0138
998	0.0176
999	0.0175
