1	0.2786
10	2.0989
100	6.0E-4
1000	0.0191
1001	0.0191
1002	0.0181
1003	0.0122
1004	0.014
1005	0.0122
1006	0.017
1007	0.0169
1008	0.0181
1009	0.0165
101	6.0E-4
1010	0.0152
1011	0.0152
1012	0.0171
1013	0.017
1014	0.017
1015	0.0187
1016	0.0186
1017	0.0186
1018	0.0165
1019	0.0166
102	0.0581
1020	0.9993
1021	5.9248
1022	0.0121
1023	7.0E-4
1024	0.0033
1025	0.118
1026	0.118
1027	0.0431
1028	0.0068
1029	0.0134
103	6.0E-4
1030	0.0172
1031	0.0084
1032	0.0053
1033	0.0172
1034	1.1024
1035	0.0178
1036	0.0179
1037	0.0178
1038	0.0249
1039	1.052
104	6.0E-4
1040	1.052
1041	1.052
1042	1.052
1043	1.052
1044	1.052
1045	1.052
1046	1.052
1047	1.052
1048	1.052
1049	1.052
105	6.0E-4
1050	1.052
1051	1.052
1052	1.052
1053	1.052
1054	1.052
1055	1.052
1056	1.052
1057	1.052
1058	1.052
1059	1.052
106	4.1854
1060	1.052
1061	1.052
1062	1.052
1063	1.052
1064	1.052
1065	1.052
1066	0.0071
1067	0.0071
1068	0.0071
1069	0.0071
107	1.5148
1070	0.0071
1071	0.0071
1072	0.0071
1073	0.0071
1074	0.0071
1075	0.0071
1076	0.0071
1077	0.0071
1078	0.0071
1079	0.0071
108	0.8533
1080	0.0071
1081	0.0071
1082	0.0071
1083	0.0071
1084	0.0071
1085	0.0071
1086	0.0071
1087	0.0071
1088	0.0071
1089	0.0071
109	0.7542
1090	0.0071
1091	0.0071
1092	0.0071
1093	0.0071
1094	0.0071
1095	0.0071
1096	0.0071
1097	0.0034
1098	0.0038
1099	0.0038
11	0.0136
110	0.7542
1100	0.1885
1101	0.2251
1102	0.0281
1103	0.0281
1104	0.0281
1105	0.0281
1106	0.0281
1107	0.0281
1108	0.0281
1109	0.0281
111	2.6648
1110	0.0281
1111	0.0281
1112	0.0281
1113	0.0281
1114	0.0281
1115	0.0281
1116	0.0281
1117	0.0281
1118	0.0281
1119	0.0281
112	2.7995
1120	0.0281
1121	0.0281
1122	0.0281
1123	0.0281
1124	0.0281
1125	0.0281
1126	0.0281
1127	0.0281
1128	0.0281
1129	0.0281
113	1.2625
1130	0.0281
1131	0.0281
1132	0.0281
1133	0.0281
1134	0.0281
1135	0.0281
1136	0.0281
1137	0.0281
1138	0.0281
1139	0.0281
114	0.7665
1140	0.0281
1141	0.0281
1142	0.0281
1143	0.0281
1144	0.0281
1145	0.0281
1146	0.0281
1147	0.0281
1148	0.0281
1149	0.0281
115	1.3723
1150	0.0281
1151	0.0281
1152	0.0281
1153	0.0281
1154	0.0281
1155	0.0281
1156	0.0281
1157	0.0281
1158	0.0281
1159	0.0
116	2.1888
1160	0.0
1161	0.0013
1162	0.0
1163	0.0
1164	0.0
1165	1.0E-4
1166	0.0
1167	0.0
1168	0.0
1169	0.0
117	0.9601
1170	0.0
1171	0.0
1172	0.0
1173	0.0
1174	0.0
1175	0.0
1176	0.0
1177	0.0053
1178	0.028
1179	1.0E-4
118	2.1156
1180	1.0E-4
1181	1.0E-4
1182	1.0E-4
1183	1.0E-4
1184	1.0E-4
1185	1.0E-4
1186	1.0E-4
1187	0.0042
1188	0.0042
1189	0.0042
119	5.3519
1190	0.0042
1191	0.0289
1192	0.0289
1193	0.0095
1194	0.0158
1195	0.0097
1196	0.0051
1197	0.0051
1198	0.0032
1199	0.3077
12	0.0766
120	2.2455
1200	0.0036
1201	0.0036
1202	0.0043
1203	0.0036
1204	0.0036
1205	0.0036
1206	0.0036
1207	0.0019
1208	0.0021
1209	0.0021
121	2.0618
1210	0.0018
1211	0.0018
1212	0.0018
1213	0.0346
1214	0.0028
1215	0.3568
1216	0.6336
1217	0.3568
1218	0.3568
1219	0.0039
122	2.2455
1220	0.0039
1221	1.0E-4
1222	1.0E-4
1223	1.0E-4
1224	1.0E-4
1225	0.0032
1226	0.0032
1227	0.0093
1228	0.0093
1229	0.0093
123	3.327
1230	0.0093
1231	0.0093
1232	0.0093
1233	0.0093
1234	0.0
1235	0.0
1236	0.0
1237	0.0
1238	0.0
1239	0.0
124	3.0193
1240	0.0
1241	0.0
1242	0.0
1243	0.0
1244	0.0
1245	0.0
1246	0.0
1247	0.0
1248	0.0
1249	0.0
125	3.0354
1250	0.0
1251	0.0
1252	0.0
1253	0.0
1254	0.0
1255	0.0
1256	0.0
1257	0.0
1258	0.0
1259	0.0
126	3.0524
1260	0.0
1261	0.0
1262	0.0
1263	0.0
1264	0.0
1265	1.0E-4
1266	0.0
1267	0.0
1268	0.0
1269	0.0127
127	0.9441
1270	0.0127
1271	0.0127
1272	0.0127
1273	0.0127
1274	0.0127
1275	0.0127
1276	0.0127
1277	0.0127
1278	0.0127
1279	0.0102
128	0.9441
1280	0.0102
1281	0.0102
1282	0.0102
1283	0.0102
1284	0.0
1285	0.0
1286	0.0
1287	1.0E-4
1288	0.0247
1289	0.0247
129	0.8919
1290	0.0247
1291	0.0361
1292	0.0152
1293	0.0924
1294	0.0924
1295	0.0052
1296	0.0052
1297	0.0
1298	0.0
1299	0.0
13	0.0136
130	0.8469
1300	0.0011
1301	1.0E-4
1302	1.0E-4
1303	1.0E-4
1304	1.0E-4
1305	0.001
1306	0.001
1307	0.001
1308	1.0E-4
1309	0.0043
131	0.717
1310	2.0E-4
1311	0.0018
1312	0.0011
1313	0.001
1314	0.001
1315	0.001
1316	0.001
1317	0.001
1318	0.001
1319	0.001
132	9.6777
1320	0.001
1321	0.001
1322	0.001
1323	0.001
1324	8.0E-4
1325	8.0E-4
1326	8.0E-4
1327	8.0E-4
1328	8.0E-4
1329	8.0E-4
133	0.336
1330	8.0E-4
1331	8.0E-4
1332	8.0E-4
1333	8.0E-4
1334	8.0E-4
1335	8.0E-4
1336	8.0E-4
1337	8.0E-4
1338	8.0E-4
1339	8.0E-4
134	0.3087
1340	0.0013
1341	0.0011
1342	0.062
1343	0.062
1344	0.0012
1345	0.0169
1346	0.0033
1347	0.0033
1348	0.0033
1349	0.0033
135	0.3652
1350	0.0033
1351	0.0033
1352	0.0033
1353	0.0033
1354	0.0033
1355	0.0033
1356	0.0033
1357	0.0033
1358	0.0033
1359	0.0033
136	0.3887
1360	0.0033
1361	0.0033
1362	0.0108
1363	0.036
1364	0.036
1365	0.0025
1366	0.0024
1367	0.0025
1368	0.0025
1369	0.0025
137	0.416
1370	3.7748
1371	0.3456
1372	0.1226
1373	0.1552
1374	0.3053
1375	0.1029
1376	0.0716
1377	0.0716
1378	0.0304
1379	5.8722
138	0.5757
1380	0.0282
1381	0.0261
1382	0.0162
1383	0.0162
1384	0.0162
1385	0.0162
1386	0.0162
1387	0.0162
1388	0.0162
1389	0.0162
139	0.1144
1390	4.0E-4
1391	5.0E-4
1392	1.0E-4
1393	1.0E-4
1394	1.0E-4
1395	1.0E-4
1396	7.0E-4
1397	7.0E-4
1398	0.0106
1399	7.0E-4
14	1.0322
140	0.1131
1400	7.0E-4
1401	7.0E-4
1402	1.0E-4
1403	4.0E-4
1404	4.0E-4
1405	4.0E-4
1406	1.0E-4
1407	1.0E-4
1408	0.0757
1409	0.1034
141	0.0998
1410	0.1034
1411	0.1034
1412	0.1034
1413	0.1034
1414	0.1034
1415	0.1034
1416	0.1257
1417	0.1644
1418	0.1034
1419	0.1623
142	0.5014
1420	0.1623
1421	0.1034
1422	0.0084
1423	0.0084
1424	0.01
1425	0.014
1426	0.0095
1427	0.0145
1428	0.01
1429	0.01
143	0.6239
1430	0.0087
1431	0.0084
1432	0.0084
1433	0.0543
1434	0.0543
1435	0.0543
1436	0.0543
1437	0.0543
1438	0.0011
1439	0.0011
144	0.1419
1440	0.0044
1441	0.0074
1442	0.0125
1443	1.1138
1444	0.0032
1445	8.0E-4
1446	9.0E-4
1447	9.0E-4
1448	9.0E-4
1449	9.0E-4
145	1.105
1450	9.0E-4
1451	9.0E-4
1452	9.0E-4
1453	9.0E-4
1454	9.0E-4
1455	9.0E-4
1456	9.0E-4
1457	0.0032
1458	0.0013
1459	0.0023
146	0.0998
1460	0.0029
1461	0.0314
1462	0.0312
1463	0.0314
1464	0.0312
1465	0.0312
1466	0.0314
1467	4.071
1468	0.0014
1469	0.0314
147	0.0998
1470	0.0314
1471	0.0314
1472	0.0336
1473	0.0123
1474	0.0123
1475	0.0123
1476	0.0123
1477	0.0123
1478	0.0123
1479	0.0123
148	0.4959
1480	0.0123
1481	0.0123
1482	0.0123
1483	0.0051
1484	0.0051
1485	0.0051
1486	0.0051
1487	0.0955
1488	0.0658
1489	0.0955
149	0.1275
1490	0.0658
1491	0.0477
1492	0.0477
1493	0.0499
1494	0.0613
1495	0.0119
1496	0.0119
1497	0.0119
1498	0.0119
1499	0.0499
15	0.0157
150	0.1338
1500	0.0119
1501	0.0119
1502	0.0469
1503	0.0469
1504	0.0119
1505	0.0499
1506	0.0416
1507	0.3934
1508	0.038
1509	0.009
151	0.2627
1510	0.009
1511	0.009
1512	0.009
1513	0.009
1514	0.009
1515	0.009
1516	0.009
1517	0.0015
1518	0.0122
1519	0.0172
152	0.0891
1520	0.0055
1521	0.0055
1522	0.0055
1523	0.0055
1524	0.0055
1525	0.0055
1526	0.0055
1527	0.0101
1528	0.0101
1529	0.0085
153	0.2639
1530	0.0071
1531	0.0062
1532	0.0055
1533	0.2141
1534	3.0E-4
1535	7.0E-4
1536	7.0E-4
1537	0.002
1538	0.8355
1539	1.4503
154	0.0023
1540	1.7826
1541	1.8598
1542	0.8355
1543	0.0074
1544	1.0E-4
1545	0.0
1546	0.0
1547	0.0
1548	0.0
1549	0.0
155	0.6309
1550	0.0
1551	0.0016
1552	0.0018
1553	0.005
1554	0.005
1555	0.005
1556	0.005
1557	0.005
1558	0.005
1559	0.005
156	0.2479
1560	0.005
1561	9.0E-4
1562	9.0E-4
1563	9.0E-4
1564	0.0059
1565	1.0E-4
1566	0.0
1567	0.0
1568	0.0
1569	0.0
157	0.6489
1570	0.0
1571	0.0
1572	0.0
1573	0.0
1574	0.0
1575	0.0
1576	0.0
1577	0.0
1578	0.0
1579	0.0
158	0.7768
1580	0.0
1581	0.0
1582	0.0
1583	0.0
1584	0.0
1585	0.0
1586	0.0
1587	0.0
1588	0.0
1589	0.0017
159	0.6489
1590	0.0014
1591	0.0014
1592	1.0E-4
1593	1.0E-4
1594	1.0E-4
1595	1.0E-4
1596	1.0E-4
1597	1.0E-4
1598	1.0E-4
1599	1.0E-4
16	4.3013
160	0.7046
1600	1.0E-4
1601	1.0E-4
1602	0.0174
1603	0.0174
1604	0.0174
1605	0.0174
1606	0.0174
1607	0.001
1608	0.1324
1609	0.1324
161	0.6683
1610	0.1324
1611	0.1324
1612	0.1324
1613	0.1324
1614	0.007
1615	0.007
1616	0.007
1617	0.007
1618	0.007
1619	1.0E-4
162	0.6489
1620	0.1531
1621	0.1159
1622	0.1159
1623	0.1159
1624	0.1159
1625	0.1159
1626	0.0032
1627	0.0032
1628	0.0032
1629	0.0032
163	0.6309
1630	0.0032
1631	0.0032
1632	0.0032
1633	0.0032
1634	0.0057
1635	0.0032
1636	0.0032
1637	0.0032
1638	0.0032
1639	0.0022
164	0.3694
1640	0.0028
1641	0.0028
1642	0.0026
1643	0.0026
1644	0.0028
1645	0.0034
1646	0.0028
1647	0.0028
1648	0.0022
1649	0.0022
165	0.6309
1650	0.003
1651	0.003
1652	0.003
1653	0.003
1654	0.003
1655	0.003
1656	0.003
1657	0.003
1658	0.003
1659	0.003
166	0.6662
1660	0.003
1661	0.003
1662	0.003
1663	0.003
1664	0.003
1665	0.4587
1666	0.778
1667	0.4587
1668	0.4587
1669	0.0269
167	0.6309
1670	0.0269
1671	0.0382
1672	0.0269
1673	0.0269
1674	0.0269
1675	0.0269
1676	0.0269
1677	0.0269
1678	7.6095
1679	0.0516
168	0.5669
1680	0.0089
1681	0.0022
1682	0.0022
1683	0.0126
1684	0.0022
1685	0.0022
1686	0.0022
1687	0.001
1688	0.0099
1689	0.001
169	0.5669
1690	0.001
1691	0.001
1692	0.001
1693	0.001
1694	0.001
1695	0.001
1696	0.0013
1697	0.0013
1698	0.0013
1699	0.0013
17	0.0145
170	0.5669
1700	0.0011
1701	0.0011
1702	0.0011
1703	0.0011
1704	0.0011
1705	0.0011
1706	0.0058
1707	0.0013
1708	0.0013
1709	0.0013
171	0.5687
1710	0.0013
1711	0.0013
1712	0.0013
1713	0.0013
1714	0.0013
1715	0.0013
1716	0.0013
1717	0.0013
1718	0.0013
1719	0.0013
172	0.5669
1720	0.0013
1721	0.0013
1722	0.0013
1723	0.0023
1724	0.0023
1725	0.0023
1726	0.0023
1727	0.0023
1728	0.0023
1729	0.0023
173	0.5554
1730	0.0023
1731	0.0023
1732	0.0023
1733	0.0023
1734	0.0023
1735	0.0023
1736	0.0023
1737	0.0013
1738	0.0013
1739	0.0013
174	0.434
1740	0.0013
1741	0.0023
1742	0.0023
1743	0.0023
1744	0.0023
1745	0.0023
1746	0.0023
1747	0.0023
1748	0.0023
1749	0.0023
175	0.6293
1750	0.0037
1751	0.0037
1752	0.0037
1753	0.0037
1754	0.0037
1755	0.0037
1756	0.0037
1757	0.0037
1758	0.0037
1759	0.0037
176	0.7133
1760	0.0202
1761	0.0266
1762	0.0266
1763	0.0266
1764	0.079
1765	0.079
1766	0.003
1767	0.003
1768	0.003
1769	0.003
177	0.4465
1770	0.003
1771	0.003
1772	0.0025
1773	0.0025
1774	0.0025
1775	0.0025
1776	0.0025
1777	0.0025
1778	0.0025
1779	0.0025
178	0.1264
1780	0.0025
1781	0.0025
1782	0.0024
1783	0.0024
1784	0.0024
1785	0.0024
1786	0.0024
1787	0.0024
1788	0.0024
1789	0.0063
179	0.2354
1790	0.0063
1791	0.0029
1792	0.0029
1793	0.0029
1794	0.0029
1795	0.0029
1796	0.0029
1797	0.0029
1798	0.0032
1799	0.0032
18	0.6177
180	0.2183
1800	0.0032
1801	0.0032
1802	0.0032
1803	0.0032
1804	0.0032
1805	0.0032
1806	0.0032
1807	0.0032
1808	0.0032
1809	0.0032
181	0.2195
1810	0.0032
1811	0.0032
1812	0.0032
1813	0.0032
1814	0.0032
1815	0.0042
1816	0.0042
1817	0.0039
1818	0.0545
1819	0.252
182	0.1414
1820	0.0178
1821	0.0205
1822	0.0178
1823	0.1288
1824	0.1288
1825	0.1288
1826	0.1288
1827	0.1288
1828	0.1288
1829	0.1288
183	0.2183
1830	0.1623
1831	0.2206
1832	0.1288
1833	0.2174
1834	0.2174
1835	0.1288
1836	0.1127
1837	0.0568
1838	0.1601
1839	0.1678
184	0.2215
1840	0.1678
1841	0.1414
1842	0.1294
1843	0.1294
1844	0.1294
1845	0.1294
1846	0.1294
1847	0.1294
1848	0.1294
1849	0.0505
185	0.2181
1850	0.0505
1851	0.062
1852	0.0505
1853	0.0384
1854	1.0E-4
1855	1.0E-4
1856	1.0E-4
1857	1.0E-4
1858	1.0E-4
1859	1.0E-4
186	0.2197
1860	0.0025
1861	0.009
1862	0.009
1863	0.0095
1864	1.0E-4
1865	1.0E-4
1866	1.0E-4
1867	3.0E-4
1868	3.0E-4
1869	1.0E-4
187	0.2194
1870	0.0013
1871	1.0288
1872	3.8217
1873	4.1837
1874	0.9869
1875	4.9817
1876	3.3501
1877	4.9817
1878	5.026
1879	0.1902
188	0.2181
1880	0.1902
1881	0.1902
1882	0.1902
1883	4.4145
1884	0.1091
1885	0.1091
1886	0.1091
1887	0.1091
1888	0.1091
1889	0.1091
189	0.2667
1890	0.1091
1891	0.1091
1892	0.1091
1893	0.1091
1894	0.1091
1895	0.1091
1896	0.0
1897	0.0
1898	0.0
1899	0.0
19	0.6042
190	0.0078
1900	0.0
1901	0.0
1902	0.0
1903	0.0
1904	0.0
1905	0.0
1906	0.0
1907	0.0
1908	0.0
1909	0.0
191	0.011
1910	0.0
1911	0.0
1912	0.0
1913	0.0
1914	0.0
1915	0.0
1916	0.0
1917	0.0
1918	0.0
1919	0.0
192	0.5065
1920	0.0
1921	0.0
1922	0.0
1923	0.0
1924	0.0
1925	0.0
1926	0.0
1927	0.0
1928	0.0
1929	0.0
193	3.8535
1930	0.0
1931	0.0
1932	0.0
1933	0.0
1934	0.0
1935	0.0
1936	0.0
1937	0.0
1938	0.0
1939	0.0
194	1.2035
1940	0.0
1941	0.0
1942	0.0
1943	0.0
1944	0.0
1945	0.0
1946	0.0
1947	0.0
1948	0.0
1949	0.0
195	1.6605
1950	0.0
1951	0.0
1952	0.0
1953	0.0
1954	0.0
1955	0.0
1956	0.0
1957	0.0
1958	0.0
1959	0.0
196	1.6095
1960	0.0
1961	0.0
1962	0.0
1963	0.0
1964	0.0
1965	0.0
1966	0.0
1967	0.0
1968	0.0
1969	0.0
197	1.12
1970	0.0
1971	0.0
1972	0.0
1973	0.0
1974	0.0
1975	0.0
1976	0.0
1977	0.0
1978	0.0
1979	0.0
198	1.3741
1980	0.0
1981	0.0
1982	0.0
1983	0.0
1984	0.0
1985	0.0
1986	0.0
1987	0.0
1988	0.0
1989	0.0
199	1.6037
1990	0.0
1991	0.0
1992	0.0
1993	0.0
1994	0.0
1995	1.0063
1996	0.0
1997	0.0
1998	0.0
1999	0.0
2	41.7533
20	1.4627
200	2.2248
2000	0.0
2001	0.0
2002	0.0
2003	0.0
2004	0.0
2005	0.0
2006	0.0
2007	0.0
2008	0.0
2009	0.0
201	2.9434
2010	0.0
2011	0.0
2012	0.0
2013	0.0
2014	0.0
2015	0.0
2016	0.0
2017	0.0
2018	0.0
2019	0.0
202	3.0192
2020	0.0
2021	0.0
2022	0.0
2023	0.0
2024	0.0
2025	0.0
2026	0.0
2027	0.0
2028	0.0
2029	0.0
203	0.9591
2030	0.0
2031	0.0
2032	0.0
2033	0.0
2034	0.0
2035	0.0
2036	0.0
2037	0.0
2038	0.0
2039	0.0
204	1.3211
2040	0.0
2041	0.0
2042	0.0
2043	0.0
2044	0.0
2045	0.0
2046	0.0
2047	0.0
2048	0.0
2049	0.0
205	1.1368
2050	0.0
2051	0.0
2052	0.0
2053	0.0
2054	0.0
2055	0.0
2056	0.0
2057	0.0
2058	0.0
2059	0.0
206	0.9314
2060	0.0
2061	0.0
2062	0.0
2063	0.0
2064	0.0
2065	0.0
2066	0.0
2067	0.0
2068	0.0
2069	0.0
207	0.0862
2070	0.0
2071	0.0
2072	0.0
2073	0.0
2074	0.0
2075	0.0
2076	0.0
2077	0.0
2078	0.0
2079	0.0
208	0.0902
2080	0.127
2081	0.092
2082	0.127
2083	0.092
2084	0.073
2085	0.0898
2086	0.017
2087	0.017
2088	0.017
2089	0.017
209	0.2669
2090	0.073
2091	0.017
2092	0.017
2093	0.0621
2094	0.0621
2095	0.017
2096	0.073
2097	0.052
2098	0.2761
2099	0.0559
21	0.5775
210	0.215
2100	7.6059
2101	0.048
2102	0.0017
2103	0.3585
2104	3.0E-4
2105	0.0034
2106	0.0034
2107	0.0013
2108	0.0013
2109	0.0013
211	0.3274
2110	0.0013
2111	0.0013
2112	0.0013
2113	0.0013
2114	0.0013
2115	0.0016
2116	0.0013
2117	0.0013
2118	0.0013
2119	0.0013
212	3.0279
2120	0.0013
2121	0.0013
2122	0.0013
2123	0.0013
2124	0.0013
2125	0.0398
2126	0.0398
2127	0.0991
2128	0.2291
2129	0.0991
213	2.6603
2130	0.0991
2131	0.0991
2132	0.0252
2133	0.0252
2134	0.0252
2135	0.0252
2136	0.0252
2137	0.0548
2138	0.0548
2139	0.0622
214	2.7405
2140	0.0548
2141	0.0548
2142	0.0548
2143	0.0548
2144	0.8813
2145	1.0462
2146	0.8557
2147	0.8557
2148	0.8813
2149	0.0012
215	2.7006
2150	0.0012
2151	0.0012
2152	0.0012
2153	0.0012
2154	0.0012
2155	0.0012
2156	0.0012
2157	0.0012
2158	0.0012
2159	0.0019
216	2.6502
2160	0.0019
2161	0.0019
2162	0.0019
2163	0.0019
2164	0.0019
2165	0.0019
2166	0.0019
2167	0.0013
2168	0.0013
2169	0.0013
217	3.0278
2170	0.0013
2171	0.1153
2172	1.4708
2173	0.0013
2174	0.0013
2175	0.0013
2176	0.0013
2177	0.0013
2178	0.0013
2179	0.0013
218	1.7052
2180	0.0012
2181	0.0012
2182	0.0012
2183	0.0012
2184	0.0012
2185	0.0012
2186	0.0012
2187	0.0012
2188	0.0012
2189	0.0012
219	0.405
2190	0.0012
2191	0.0012
2192	0.0012
2193	0.9997
2194	0.979
2195	0.979
2196	0.9997
2197	0.9997
2198	0.9369
2199	0.055
22	0.0136
220	0.4293
2200	0.055
2201	0.055
2202	0.055
2203	0.055
2204	0.055
2205	0.055
2206	0.055
2207	0.055
2208	0.055
2209	0.0132
221	0.0765
2210	0.0011
2211	0.004
2212	0.0098
2213	0.0033
2214	0.002
2215	0.0028
2216	0.0011
2217	0.0011
2218	0.0012
2219	0.0034
222	0.0765
2220	0.0012
2221	0.0027
2222	0.0056
2223	0.0012
2224	0.0012
2225	0.0022
2226	0.0022
2227	0.0022
2228	0.0022
2229	0.0043
223	0.0035
2230	0.0029
2231	0.0014
2232	0.0014
2233	0.0014
2234	0.0014
2235	0.0029
2236	0.0072
2237	0.0029
2238	0.0043
2239	0.0043
224	2.4776
2240	0.0043
2241	0.0029
2242	0.0029
2243	0.0029
2244	0.0043
2245	0.0043
2246	0.0022
2247	0.0022
2248	0.0022
2249	0.003
225	0.0491
2250	9.0E-4
2251	9.0E-4
2252	9.0E-4
2253	9.0E-4
2254	9.0E-4
2255	9.0E-4
2256	9.0E-4
2257	9.0E-4
2258	0.0065
2259	0.0022
226	0.0501
2260	0.0029
2261	0.0043
2262	0.0029
2263	0.0043
2264	0.0017
2265	0.0017
2266	0.0017
2267	0.0032
2268	0.0065
2269	0.0014
227	0.0464
2270	0.0017
2271	0.0017
2272	0.0017
2273	0.0017
2274	0.0017
2275	0.0043
2276	0.0043
2277	0.0043
2278	0.0043
2279	0.0029
228	0.0491
2280	0.0029
2281	0.0043
2282	0.0072
2283	0.0101
2284	0.0029
2285	0.0017
2286	0.0017
2287	0.0017
2288	0.0017
2289	0.0017
229	0.0632
2290	0.0087
2291	0.0022
2292	0.0022
2293	0.0022
2294	0.0043
2295	0.0043
2296	0.0043
2297	0.0043
2298	0.0011
2299	0.0011
23	0.1134
230	0.0491
2300	0.0011
2301	0.0011
2302	0.0011
2303	0.0011
2304	0.0011
2305	0.0011
2306	0.0
2307	0.0
2308	0.0
2309	0.0
231	0.4079
2310	0.0
2311	0.0
2312	0.0
2313	0.0
2314	0.0
2315	0.0
2316	0.0
2317	0.0
2318	0.0
2319	0.0
232	0.2957
2320	0.0
2321	0.0
2322	0.0
2323	0.0
2324	0.0
2325	0.0
2326	0.0
2327	0.0
2328	0.0
2329	0.0
233	0.2957
2330	0.0
2331	0.0
2332	0.0
2333	0.0
2334	0.0
2335	0.0
2336	0.0
2337	0.0
2338	0.0
2339	0.0
234	0.2957
2340	0.0
2341	0.0
2342	0.0
2343	0.0
2344	0.0
2345	0.0
2346	0.0
2347	0.0
2348	0.0
2349	0.0
235	0.523
2350	0.0
2351	0.0
2352	0.0
2353	0.0
2354	1.0E-4
2355	0.0
2356	0.0
2357	0.0
2358	0.0
2359	0.0
236	0.5614
2360	0.0
2361	0.0
2362	0.0462
2363	0.2768
2364	0.0
2365	0.0
2366	0.0
2367	1.0E-4
2368	1.0E-4
2369	1.0E-4
237	0.2957
2370	3.0E-4
2371	3.0E-4
2372	0.0
2373	0.0
2374	0.0
2375	0.0
2376	0.0
2377	1.0E-4
2378	2.0E-4
2379	2.0E-4
238	0.2957
2380	2.0E-4
2381	2.0E-4
2382	2.0E-4
2383	2.0E-4
2384	2.0E-4
2385	2.0E-4
2386	1.0E-4
2387	1.0E-4
2388	1.0E-4
2389	1.0E-4
239	0.2957
2390	1.0E-4
2391	1.0E-4
2392	1.0E-4
2393	1.0E-4
2394	1.0E-4
2395	1.0E-4
2396	1.0E-4
2397	1.0E-4
2398	1.0E-4
2399	1.0E-4
24	0.0152
240	0.7287
2400	1.0E-4
2401	1.0E-4
2402	0.0196
2403	1.0E-4
2404	1.0E-4
2405	1.0E-4
2406	1.0E-4
2407	1.0E-4
2408	1.0E-4
2409	1.0E-4
241	0.3079
2410	1.0E-4
2411	1.0E-4
2412	1.0E-4
2413	1.0E-4
2414	1.0E-4
2415	1.0E-4
2416	1.0E-4
2417	4.0E-4
2418	4.0E-4
2419	4.0E-4
242	0.5735
2420	2.0E-4
2421	2.0E-4
2422	2.0E-4
2423	2.0E-4
2424	2.0E-4
2425	2.0E-4
2426	2.0E-4
2427	0.0
2428	0.0
2429	0.0
243	0.2957
2430	0.0
2431	0.0
2432	0.0
2433	0.0
2434	0.0
2435	0.0
2436	0.0
2437	0.0
2438	0.0
2439	0.0
244	0.4778
2440	0.0
2441	0.0
2442	0.0
2443	0.0
2444	0.0
2445	0.0
2446	0.0
2447	0.0
2448	0.0
2449	0.0
245	0.4778
2450	0.0
2451	0.0
2452	0.0344
2453	0.0209
2454	0.0209
2455	0.0087
2456	0.0209
2457	0.0223
2458	0.0209
2459	0.0087
246	0.413
2460	0.0044
2461	0.0044
2462	0.0044
2463	0.0044
2464	0.0044
2465	0.0044
2466	0.0044
2467	0.0044
2468	0.0044
2469	0.0044
247	0.2957
2470	0.0044
2471	0.0044
2472	0.0044
2473	0.0044
2474	0.0044
2475	0.0044
2476	0.0044
2477	0.0044
2478	0.0044
2479	0.0044
248	1.5841
2480	0.0044
2481	0.0044
2482	0.0244
2483	0.0135
2484	0.0135
2485	0.0513
2486	0.0513
2487	0.0051
2488	0.0051
2489	0.0051
249	1.5184
2490	0.0051
2491	0.0051
2492	0.0051
2493	0.0051
2494	0.0051
2495	0.0051
2496	0.0051
2497	0.0051
2498	0.0051
2499	0.0051
25	0.0136
250	0.4016
2500	0.0051
2501	0.0051
2502	0.0051
2503	0.0051
2504	0.0051
2505	0.0051
2506	0.0051
2507	0.0051
2508	0.0051
2509	0.0051
251	0.4194
2510	0.0058
2511	0.0045
2512	0.0045
2513	0.0045
2514	0.0045
2515	0.0013
2516	0.0013
2517	0.0013
2518	0.0013
2519	0.0013
252	0.8667
2520	0.0013
2521	0.0013
2522	0.0013
2523	0.0013
2524	0.004
2525	0.0013
2526	0.0013
2527	0.0013
2528	0.0013
2529	0.0013
253	0.3135
2530	0.0013
2531	0.0013
2532	0.0021
2533	0.0021
2534	0.0021
2535	0.002
2536	0.2627
2537	0.6157
2538	0.6157
2539	0.2627
254	0.4944
2540	0.001
2541	0.001
2542	0.001
2543	0.001
2544	3.0E-4
2545	3.0E-4
2546	4.0E-4
2547	9.0E-4
2548	9.0E-4
2549	9.0E-4
255	0.6266
2550	9.0E-4
2551	0.2566
2552	0.2566
2553	0.2566
2554	0.2566
2555	2.0E-4
2556	2.0E-4
2557	2.0E-4
2558	2.0E-4
2559	2.0E-4
256	0.5799
2560	2.0E-4
2561	2.0E-4
2562	2.0E-4
2563	0.0596
2564	0.0016
2565	0.0016
2566	0.0016
2567	0.0016
2568	0.0016
2569	5.0E-4
257	0.7266
2570	5.0E-4
2571	5.0E-4
2572	5.0E-4
2573	5.0E-4
2574	5.0E-4
2575	5.0E-4
2576	5.0E-4
2577	5.0E-4
2578	5.0E-4
2579	5.0E-4
258	1.5631
2580	5.0E-4
2581	5.0E-4
2582	5.0E-4
2583	5.0E-4
2584	5.0E-4
2585	5.0E-4
2586	0.004
2587	0.004
2588	0.0559
2589	0.0114
259	1.5631
2590	0.0114
2591	0.0114
2592	0.0111
2593	0.0111
2594	0.0111
2595	0.0111
2596	0.0111
2597	0.0111
2598	0.058
2599	0.0031
26	1.8036
260	1.5631
2600	0.0031
2601	0.0031
2602	0.0031
2603	0.0031
2604	0.0016
2605	0.0016
2606	0.0016
2607	0.0016
2608	0.0016
2609	0.0016
261	0.1576
2610	0.0014
2611	0.0014
2612	0.0014
2613	0.0014
2614	0.0014
2615	8.0E-4
2616	8.0E-4
2617	9.0E-4
2618	8.0E-4
2619	9.0E-4
262	0.1791
2620	8.0E-4
2621	8.0E-4
2622	8.0E-4
2623	8.0E-4
2624	8.0E-4
2625	8.0E-4
2626	8.0E-4
2627	8.0E-4
2628	8.0E-4
2629	8.0E-4
263	0.1648
2630	0.0
2631	0.0
2632	0.0
2633	0.0
2634	0.0
2635	0.0
2636	0.0
2637	0.0
2638	0.0
2639	0.0
264	0.1859
2640	0.0
2641	0.0
2642	0.0
2643	0.0
2644	0.0
2645	0.0
2646	0.0
2647	0.0
2648	0.0
2649	0.0
265	0.168
2650	6.0E-4
2651	6.0E-4
2652	6.0E-4
2653	6.0E-4
2654	6.0E-4
2655	6.0E-4
2656	6.0E-4
2657	6.0E-4
2658	6.0E-4
2659	6.0E-4
266	0.1665
2660	6.0E-4
2661	6.0E-4
2662	6.0E-4
2663	0.0043
2664	0.0026
2665	0.0026
2666	0.0026
2667	0.0015
2668	0.0015
2669	0.0015
267	0.1807
2670	0.0015
2671	1.0699
2672	1.0699
2673	1.0699
2674	1.0699
2675	1.0699
2676	0.0094
2677	0.0
2678	0.001
2679	0.001
268	0.1754
2680	0.0017
2681	7.0E-4
2682	7.0E-4
2683	7.0E-4
2684	7.0E-4
2685	1.0E-4
2686	1.0E-4
2687	1.0E-4
2688	1.0E-4
2689	1.0E-4
269	0.1648
2690	1.0E-4
2691	1.0E-4
2692	1.0E-4
2693	1.0E-4
2694	1.0E-4
2695	1.0E-4
2696	1.0E-4
2697	1.0E-4
2698	1.0E-4
2699	1.0E-4
27	21.4566
270	0.1827
2700	1.0E-4
2701	1.0E-4
2702	1.0E-4
2703	1.0E-4
2704	1.0E-4
2705	1.0E-4
2706	1.0E-4
2707	1.0E-4
2708	1.0E-4
2709	1.0E-4
271	0.1533
2710	4.0E-4
2711	1.0E-4
2712	1.0E-4
2713	1.0E-4
2714	2.0E-4
2715	2.0E-4
2716	2.0E-4
2717	4.0E-4
2718	2.0E-4
2719	2.0E-4
272	0.181
2720	2.0E-4
2721	3.0E-4
2722	3.0E-4
2723	3.0E-4
2724	3.0E-4
2725	3.0E-4
2726	9.0E-4
2727	0.0026
2728	3.0E-4
2729	3.0E-4
273	0.1662
2730	3.0E-4
2731	3.0E-4
2732	3.0E-4
2733	3.0E-4
2734	3.0E-4
2735	0.3193
2736	0.001
2737	0.0021
2738	0.0021
2739	0.0021
274	0.156
2740	0.0021
2741	0.0021
2742	0.0021
2743	0.0021
2744	0.0021
2745	0.0021
2746	0.0021
2747	0.0021
2748	0.001
2749	0.0012
275	0.1753
2750	9.0E-4
2751	9.0E-4
2752	0.0011
2753	0.0215
2754	0.0013
2755	0.0013
2756	0.0014
2757	0.0037
2758	0.0037
2759	0.0042
276	0.1946
2760	0.0294
2761	0.0294
2762	0.0333
2763	0.0028
2764	0.0028
2765	0.0028
2766	0.0028
2767	0.0028
2768	0.0028
2769	0.0028
277	0.1689
2770	0.0028
2771	0.1103
2772	0.1103
2773	0.1103
2774	0.1103
2775	0.1103
2776	0.1103
2777	0.1103
2778	0.1103
2779	0.1103
278	0.1879
2780	0.1103
2781	0.1103
2782	0.1103
2783	9.0E-4
2784	0.0065
2785	0.0065
2786	0.0413
2787	0.098
2788	0.098
2789	0.0039
279	0.1659
2790	0.0039
2791	0.0039
2792	0.0039
2793	0.0039
2794	0.0045
2795	0.0045
2796	0.0051
2797	0.0066
2798	0.0862
2799	0.0022
28	17.0832
280	0.8708
2800	0.0022
2801	0.0022
2802	0.0022
2803	0.0022
2804	0.0022
2805	0.0022
2806	0.0022
2807	0.0022
2808	0.0022
2809	0.0022
281	0.1662
2810	0.0022
2811	0.0022
2812	0.0022
2813	0.0022
2814	0.0022
2815	0.0022
2816	0.0022
2817	0.0022
2818	0.0022
2819	0.0022
282	0.1711
2820	0.0022
2821	0.0022
2822	0.0022
2823	0.0022
2824	0.0022
2825	0.0022
2826	0.0022
2827	0.0022
2828	0.0022
2829	0.0022
283	0.1665
2830	0.0022
2831	0.0022
2832	0.0022
2833	0.0022
2834	0.0022
2835	0.0022
2836	0.0022
2837	0.0022
2838	0.0022
2839	0.0022
284	0.1685
2840	0.0022
2841	0.0022
2842	0.0022
2843	0.0022
2844	0.0022
2845	0.0022
2846	0.0022
2847	0.0022
2848	0.0022
2849	0.0022
285	0.1674
2850	0.0022
2851	0.0022
2852	0.0022
2853	0.0022
2854	0.0022
2855	0.0022
2856	0.0022
2857	0.0022
2858	0.0022
2859	0.0022
286	0.1648
2860	0.0022
2861	0.0022
2862	0.0022
2863	0.0022
2864	0.0022
2865	0.0022
2866	0.0022
2867	0.0022
2868	0.0022
2869	0.0022
287	0.1648
2870	0.0022
2871	0.0022
2872	0.0022
2873	0.0022
2874	0.0022
2875	0.0022
2876	0.0022
2877	0.0022
2878	0.0022
2879	0.0022
288	0.1693
2880	0.0022
2881	0.0022
2882	0.0022
2883	0.0022
2884	0.0022
2885	0.0022
2886	0.0022
2887	0.0022
2888	0.0022
2889	0.0022
289	0.1665
2890	0.0022
2891	0.0022
2892	0.0022
2893	0.0022
2894	0.0022
2895	0.0022
2896	0.0022
2897	0.0022
2898	0.0022
2899	0.0022
29	15.8959
290	0.1676
2900	0.0022
2901	0.0022
2902	0.0022
2903	0.0022
2904	0.0022
2905	0.0022
2906	0.0022
2907	0.0022
2908	0.0022
2909	0.0022
291	0.1787
2910	0.0022
2911	0.0022
2912	0.0022
2913	0.0022
2914	0.0022
2915	0.0022
2916	0.0022
2917	0.0022
2918	0.0022
2919	0.0022
292	0.1696
2920	0.0022
2921	0.0022
2922	0.0022
2923	0.0022
2924	0.0022
2925	0.0022
2926	0.0022
2927	0.0022
2928	0.0022
2929	0.0022
293	0.1675
2930	0.0022
2931	0.0022
2932	0.0022
2933	0.0022
2934	0.0022
2935	0.0022
2936	0.0022
2937	0.0022
2938	0.0022
2939	0.0022
294	0.2582
2940	0.0022
2941	0.0022
2942	0.0022
2943	0.0022
2944	0.0022
2945	0.0022
2946	0.0022
2947	0.0022
2948	0.0022
2949	0.0022
295	0.2586
2950	0.0022
2951	0.0022
2952	0.0022
2953	0.0022
2954	0.0022
2955	0.0022
2956	0.0022
2957	0.0022
2958	0.0022
2959	0.0022
296	0.2576
2960	0.0022
2961	0.0022
2962	0.0022
2963	0.0022
2964	0.0022
2965	0.0022
2966	0.0022
2967	0.0022
2968	0.0022
2969	0.0022
297	0.2685
2970	0.0022
2971	0.0022
2972	0.0022
2973	0.0022
2974	0.0022
2975	0.0022
2976	0.0022
2977	0.0022
2978	0.0022
2979	0.0022
298	0.2691
2980	0.0022
2981	0.0022
2982	0.0022
2983	0.0251
2984	0.0027
2985	0.0027
2986	0.0027
2987	0.0027
2988	0.0027
2989	0.0027
299	0.2576
2990	0.0519
2991	0.0315
2992	0.0315
2993	0.0315
2994	0.0131
2995	0.0315
2996	0.0335
2997	0.0315
2998	0.0131
2999	0.0063
3	0.0212
30	4.5818
300	0.7214
3000	0.0063
3001	0.0063
3002	0.0063
3003	0.0063
3004	0.0063
3005	0.0063
3006	0.0063
3007	0.0063
3008	0.0063
3009	0.0063
301	0.2576
3010	0.0063
3011	0.0063
3012	0.0063
3013	0.0063
3014	0.0063
3015	0.0063
3016	0.0063
3017	0.0063
3018	0.0063
3019	0.0063
302	0.5829
3020	0.0063
3021	0.0066
3022	0.0063
3023	0.0063
3024	0.0063
3025	0.0063
3026	0.0367
3027	0.0367
3028	0.0204
3029	0.0204
303	1.1271
3030	0.0765
3031	0.0765
3032	0.0077
3033	0.0077
3034	0.0077
3035	0.0077
3036	0.0077
3037	0.0077
3038	0.0077
3039	0.0077
304	0.0121
3040	0.0077
3041	0.0077
3042	0.0077
3043	0.0077
3044	0.0077
3045	0.0077
3046	0.0077
3047	0.0077
3048	0.0077
3049	0.0077
305	0.031
3050	0.0077
3051	0.0077
3052	0.0077
3053	0.0077
3054	0.0077
3055	0.0966
3056	0.0665
3057	0.0966
3058	0.0665
3059	0.0121
306	0.0424
3060	0.0121
3061	0.0121
3062	0.0121
3063	0.0121
3064	0.0121
3065	0.0473
3066	0.0473
3067	0.0121
3068	0.0421
3069	0.0115
307	0.0357
3070	0.0115
3071	0.0115
3072	0.0113
3073	0.0113
3074	0.0113
3075	0.0113
3076	0.0113
3077	0.0113
3078	6.0E-4
3079	6.0E-4
308	0.014
3080	6.0E-4
3081	6.0E-4
3082	6.0E-4
3083	6.0E-4
3084	6.0E-4
3085	6.0E-4
3086	6.0E-4
3087	6.0E-4
3088	0.9244
3089	3.719
309	1.243
3090	0.3195
3091	0.3195
3092	0.3195
3093	0.3195
3094	0.3326
3095	0.6445
3096	0.3195
3097	0.3556
3098	0.5711
3099	0.5338
31	2.6619
310	0.9781
3100	0.5338
3101	0.5338
3102	0.3609
3103	0.3609
3104	0.3982
3105	0.5338
3106	0.5338
3107	0.5443
3108	0.5338
3109	0.6746
311	0.9819
3110	0.5338
3111	1.8633
3112	0.506
3113	0.4989
3114	0.0824
3115	0.0921
3116	0.0824
3117	0.195
3118	0.0824
3119	0.4697
312	1.0233
3120	0.4421
3121	0.0046
3122	0.001
3123	0.0015
3124	0.001
3125	0.0037
3126	0.0026
3127	0.0026
3128	0.0031
3129	1.0018
313	0.9781
3130	0.0169
3131	0.0169
3132	0.0169
3133	0.0162
3134	0.0162
3135	0.0162
3136	0.0162
3137	0.0162
3138	0.0162
3139	0.067
314	0.9781
3140	0.1089
3141	0.1089
3142	0.1089
3143	0.1089
3144	0.1089
3145	0.1089
3146	0.1089
3147	0.1089
3148	0.1089
3149	0.1089
315	0.9781
3150	0.1089
3151	0.1089
3152	0.0017
3153	6.0E-4
3154	6.0E-4
3155	6.0E-4
3156	0.255
3157	0.0359
3158	0.0124
3159	0.0422
316	0.9781
3160	0.0124
3161	0.0323
3162	0.0124
3163	2.8839
3164	0.6848
3165	0.0124
3166	0.0124
3167	0.0537
3168	0.0537
3169	0.0991
317	0.9781
3170	0.1547
3171	0.156
3172	0.156
3173	0.1547
3174	6.0E-4
3175	6.0E-4
3176	6.0E-4
3177	0.114
3178	0.114
3179	0.114
318	0.9781
3180	0.1463
3181	1.6703
3182	2.4982
3183	0.1978
3184	1.4069
3185	0.114
3186	5.8881
3187	0.1843
3188	3.4983
3189	2.428
319	0.9781
3190	2.428
3191	0.1478
3192	0.114
3193	0.114
3194	0.114
3195	0.114
3196	0.2903
3197	0.0
3198	0.0
3199	0.0
32	4.2971
320	1.1818
3200	0.0
3201	0.0
3202	0.0
3203	0.0
3204	0.0
3205	0.0
3206	0.0
3207	0.0
3208	0.0
3209	0.0
321	0.1021
3210	0.0
3211	0.0
3212	0.0
3213	0.0
3214	0.0
3215	0.0
3216	0.0
3217	0.0
3218	0.0
3219	1.0E-4
322	0.1026
3220	9.1752
3221	7.1235
3222	2.3284
3223	5.0703
3224	7.8078
3225	3.929
3226	6.4392
3227	12.1403
3228	5.755
3229	3.4721
323	0.1026
3230	0.0
3231	0.0
3232	0.0
3233	0.0099
3234	0.0099
3235	0.0099
3236	0.0039
3237	0.0039
3238	0.0708
3239	0.0503
324	0.1585
3240	0.0503
3241	0.0042
3242	0.0042
3243	0.0042
3244	0.0042
3245	0.0042
3246	0.0042
3247	0.0042
3248	0.0042
3249	0.0042
325	0.0341
3250	0.0042
3251	0.0042
3252	0.0042
3253	0.0042
3254	0.0042
3255	0.0042
3256	0.0042
3257	0.0042
3258	0.0042
3259	0.0042
326	0.0341
3260	0.0042
3261	0.0042
3262	0.0042
3263	0.0042
3264	0.0042
3265	0.0042
3266	0.0042
3267	1.0E-4
3268	0.0
3269	0.0
327	0.0341
3270	0.0
3271	0.0
3272	0.0
3273	0.0
3274	3.6156
3275	0.0
3276	0.0113
3277	0.0113
3278	0.0113
3279	0.0
328	0.0341
3280	0.0
3281	0.0
3282	0.0
3283	0.0
3284	0.0
3285	0.0
3286	0.0
3287	0.0
3288	0.0
3289	0.0
329	0.0341
3290	0.0
3291	0.0
3292	0.0
3293	0.0
3294	0.0
3295	0.0
3296	0.0
3297	0.0
3298	0.0
3299	0.0
33	5.8916
330	0.0341
3300	0.0075
3301	0.0075
3302	0.0075
3303	0.0025
3304	0.0025
3305	0.0025
3306	0.0025
3307	0.0025
3308	0.0025
3309	0.0025
331	0.115
3310	0.0025
3311	0.0025
3312	0.0025
3313	0.0018
3314	0.0018
3315	0.0018
3316	0.0018
3317	0.0018
3318	0.0018
3319	0.0021
332	0.137
3320	0.0021
3321	0.0023
3322	0.0435
3323	0.0435
3324	0.0435
3325	0.0435
3326	0.0435
3327	0.0435
3328	0.0435
3329	2.0E-4
333	0.0114
3330	2.0E-4
3331	2.0E-4
3332	2.0E-4
3333	2.0E-4
3334	2.0E-4
3335	2.0E-4
3336	2.0E-4
3337	2.0E-4
3338	2.0E-4
3339	2.0E-4
334	0.2289
3340	2.0E-4
3341	1.0E-4
3342	1.0E-4
3343	1.0E-4
3344	1.0E-4
3345	1.0E-4
3346	1.0E-4
3347	1.0E-4
3348	1.0E-4
3349	1.0E-4
335	0.2289
3350	1.0E-4
3351	3.0E-4
3352	3.0E-4
3353	3.0E-4
3354	3.0E-4
3355	3.0E-4
3356	7.0E-4
3357	1.0E-4
3358	1.0E-4
3359	1.0E-4
336	0.2289
3360	1.0E-4
3361	1.0E-4
3362	0.0
3363	0.0
3364	0.0
3365	1.0E-4
3366	1.0E-4
3367	1.0E-4
3368	1.0E-4
3369	1.0E-4
337	1.0125
3370	1.0E-4
3371	1.0E-4
3372	1.0E-4
3373	1.0E-4
3374	1.0E-4
3375	1.0E-4
3376	1.0E-4
3377	1.0E-4
3378	1.0E-4
3379	1.0E-4
338	1.0125
3380	1.0E-4
3381	1.0E-4
3382	1.0E-4
3383	1.0E-4
3384	1.0E-4
3385	1.0E-4
3386	1.0E-4
3387	1.0E-4
3388	1.0E-4
3389	1.0E-4
339	1.0125
3390	1.0E-4
3391	1.0E-4
3392	2.0E-4
3393	1.0E-4
3394	1.0E-4
3395	1.0E-4
3396	1.0E-4
3397	1.0E-4
3398	1.0E-4
3399	1.0E-4
34	2.705
340	0.0491
3400	2.0E-4
3401	1.0E-4
3402	1.0E-4
3403	1.0E-4
3404	1.0E-4
3405	1.0E-4
3406	1.0E-4
3407	1.0E-4
3408	1.0E-4
3409	1.0E-4
341	0.0662
3410	1.0E-4
3411	1.0E-4
3412	1.0E-4
3413	1.0E-4
3414	1.0E-4
3415	1.0E-4
3416	1.0E-4
3417	1.0E-4
3418	1.0E-4
3419	1.0E-4
342	0.0035
3420	1.0E-4
3421	1.0E-4
3422	1.0E-4
3423	1.0E-4
3424	1.0E-4
3425	1.0E-4
3426	1.0E-4
3427	1.0E-4
3428	1.0E-4
3429	1.0E-4
343	0.0035
3430	1.0E-4
3431	1.0E-4
3432	1.0E-4
3433	1.0E-4
3434	1.0E-4
3435	1.0E-4
3436	1.0E-4
3437	1.0E-4
3438	1.0E-4
3439	1.0E-4
344	0.138
3440	1.0E-4
3441	1.0E-4
3442	1.0E-4
3443	1.0E-4
3444	1.0E-4
3445	1.0E-4
3446	1.0E-4
3447	1.0E-4
3448	1.0E-4
3449	1.0E-4
345	6.0E-4
3450	1.0E-4
3451	1.0E-4
3452	1.0E-4
3453	1.0E-4
3454	1.0E-4
3455	1.0E-4
3456	1.0E-4
3457	1.0E-4
3458	1.0E-4
3459	1.0E-4
346	7.0E-4
3460	1.0E-4
3461	1.0E-4
3462	1.0E-4
3463	1.0E-4
3464	1.0E-4
3465	1.0E-4
3466	1.0E-4
3467	1.0E-4
3468	1.0E-4
3469	1.0E-4
347	7.0E-4
3470	1.0E-4
3471	0.001
3472	0.001
3473	0.001
3474	0.001
3475	0.001
3476	0.001
3477	0.001
3478	0.001
3479	1.0688
348	0.0014
3480	1.0688
3481	1.0688
3482	1.0688
3483	1.0688
3484	1.0688
3485	1.0688
3486	1.0688
3487	1.0688
3488	1.0688
3489	0.0
349	7.0E-4
3490	2.0E-4
3491	2.0E-4
3492	4.0E-4
3493	4.0E-4
3494	4.0E-4
3495	1.0E-4
3496	1.0E-4
3497	1.0E-4
3498	1.0E-4
3499	1.0E-4
35	3.0832
350	0.0022
3500	1.0E-4
3501	1.0E-4
3502	1.0E-4
3503	1.0E-4
3504	1.0E-4
3505	1.0E-4
3506	1.0E-4
3507	1.0E-4
3508	1.0E-4
3509	1.0E-4
351	7.0E-4
3510	1.0E-4
3511	0.0144
3512	0.4429
3513	0.009
3514	2.0132
3515	0.0041
3516	0.0041
3517	0.0108
3518	0.0108
3519	0.0108
352	6.0E-4
3520	0.0021
3521	9.0E-4
3522	0.0021
3523	9.0E-4
3524	9.0E-4
3525	9.0E-4
3526	9.0E-4
3527	9.0E-4
3528	9.0E-4
3529	9.0E-4
353	6.0E-4
3530	9.0E-4
3531	9.0E-4
3532	0.0045
3533	9.0E-4
3534	0.0045
3535	9.0E-4
3536	9.0E-4
3537	9.0E-4
3538	9.0E-4
3539	9.0E-4
354	6.0E-4
3540	9.0E-4
3541	9.0E-4
3542	9.0E-4
3543	9.0E-4
3544	9.0E-4
3545	9.0E-4
3546	9.0E-4
3547	9.0E-4
3548	9.0E-4
3549	9.0E-4
355	6.0E-4
3550	9.0E-4
3551	9.0E-4
3552	9.0E-4
3553	9.0E-4
3554	9.0E-4
3555	0.0021
3556	9.0E-4
3557	9.0E-4
3558	9.0E-4
3559	9.0E-4
356	2.7239
3560	9.0E-4
3561	9.0E-4
3562	9.0E-4
3563	9.0E-4
3564	0.0036
3565	0.0036
3566	0.0036
3567	0.0036
3568	0.0036
3569	0.0036
357	2.487
3570	0.0036
3571	0.0036
3572	0.0036
3573	0.0036
3574	0.0026
3575	0.0026
3576	0.0026
3577	0.0026
3578	0.0026
3579	0.0026
358	0.4062
3580	0.0029
3581	0.0029
3582	0.0032
3583	0.0582
3584	1.5381
3585	1.7766
3586	2.3343
3587	1.7766
3588	0.0393
3589	0.0393
359	0.7139
3590	0.0915
3591	0.0689
3592	0.0689
3593	0.0689
3594	0.0869
3595	0.0869
3596	0.0869
3597	0.0551
3598	0.0869
3599	0.0869
36	6.6657
360	0.4062
3600	0.6136
3601	0.058
3602	0.382
3603	0.0809
3604	0.0816
3605	0.2833
3606	0.2833
3607	0.0176
3608	0.0429
3609	0.0176
361	0.4062
3610	0.0429
3611	0.0262
3612	0.0262
3613	0.7869
3614	0.0429
3615	0.1444
3616	0.1891
3617	0.0354
3618	0.0354
3619	0.0354
362	1.1527
3620	0.0354
3621	0.0354
3622	0.0354
3623	0.0354
3624	0.0802
3625	0.0354
3626	0.0719
3627	0.0447
3628	0.0447
3629	0.0447
363	0.0565
3630	0.0447
3631	0.0447
3632	0.0447
3633	0.0447
3634	0.0567
3635	0.0567
3636	0.0567
3637	0.0904
3638	0.0205
3639	0.0205
364	0.0565
3640	0.0205
3641	0.0205
3642	0.0205
3643	2.0546
3644	2.0546
3645	1.9269
3646	1.9269
3647	1.9269
3648	1.9269
3649	0.0165
365	0.0982
3650	0.0165
3651	0.0165
3652	0.0165
3653	0.0165
3654	0.0165
3655	0.0165
3656	0.0165
3657	0.0165
3658	0.0165
3659	0.0351
366	0.0565
3660	0.0181
3661	0.0181
3662	0.0181
3663	0.0181
3664	0.4414
3665	1.0E-4
3666	1.0E-4
3667	1.0E-4
3668	1.0E-4
3669	1.0E-4
367	0.0565
3670	1.0E-4
3671	1.0E-4
3672	1.0E-4
3673	1.0E-4
3674	1.0E-4
3675	1.0E-4
3676	1.0E-4
3677	1.0E-4
3678	1.0E-4
3679	1.0E-4
368	0.0565
3680	1.0E-4
3681	1.0E-4
3682	1.0E-4
3683	1.0E-4
3684	1.0E-4
3685	1.0E-4
3686	1.0E-4
3687	1.0E-4
3688	1.0E-4
3689	1.0E-4
369	1.8429
3690	1.0E-4
3691	1.0E-4
3692	1.0E-4
3693	1.0E-4
3694	1.0E-4
3695	1.0E-4
3696	1.0E-4
3697	1.0E-4
3698	1.0E-4
3699	1.0E-4
37	30.262
370	8.0E-4
3700	0.0018
3701	0.0053
3702	0.443
3703	9.0E-4
3704	0.0488
3705	0.2163
3706	0.1215
3707	0.0448
3708	0.0448
3709	0.0274
371	0.0159
3710	0.0228
3711	0.0448
3712	0.0228
3713	0.0378
3714	0.0378
3715	0.0378
3716	0.0089
3717	0.0089
3718	0.0262
3719	0.0247
372	7.0E-4
3720	0.0236
3721	0.0095
3722	0.0095
3723	0.0027
3724	0.0027
3725	0.0027
3726	0.0178
3727	0.0178
3728	0.0178
3729	7.2528
373	7.0E-4
3730	0.0027
3731	0.0027
3732	0.0027
3733	0.3391
3734	2.2041
3735	0.3764
3736	0.3391
3737	0.0833
3738	0.2622
3739	0.2924
374	7.0E-4
3740	0.5767
3741	0.1624
3742	5.6538
3743	0.0833
3744	0.0833
3745	0.0833
3746	0.0833
3747	0.0833
3748	0.0196
3749	0.0293
375	7.0E-4
3750	0.0196
3751	0.0138
3752	0.0138
3753	0.0138
3754	0.0138
3755	0.0138
3756	0.0138
3757	0.0138
3758	0.0138
3759	0.0552
376	7.0E-4
3760	0.0552
3761	0.0552
3762	0.1941
3763	0.1941
3764	0.1941
3765	0.1941
3766	1.0906
3767	1.0906
3768	0.0323
3769	0.0323
377	9.0E-4
3770	0.0323
3771	0.0323
3772	0.0323
3773	1.3181
3774	1.3181
3775	1.3181
3776	1.3181
3777	0.031
3778	0.031
3779	0.031
378	7.0E-4
3780	0.031
3781	0.4974
3782	0.6427
3783	0.4974
3784	0.4974
3785	0.4974
3786	0.4974
3787	0.0338
3788	0.044
3789	0.727
379	7.0E-4
3790	0.727
3791	0.727
3792	0.2715
3793	0.2715
3794	0.2715
3795	0.2715
3796	0.2715
3797	0.2715
3798	0.2715
3799	0.2715
38	27.8063
380	6.0E-4
3800	0.0
3801	2.0E-4
3802	0.0
3803	0.0
3804	0.0
3805	0.0
3806	0.0
3807	0.0
3808	3.6156
3809	0.0
381	6.0E-4
3810	0.0113
3811	0.0113
3812	0.0113
3813	0.0
3814	0.0
3815	0.0
3816	0.0
3817	0.0
3818	0.0
3819	0.0
382	0.069
3820	0.0
3821	0.0
3822	0.0
3823	0.0
3824	0.0
3825	0.0
3826	0.0
3827	0.0
3828	0.0
3829	0.0
383	0.069
3830	0.0
3831	0.0
3832	0.0
3833	0.0
3834	10.6828
3835	5.2756
3836	1.9017
3837	0.8491
3838	0.4801
3839	0.4202
384	0.1323
3840	0.4002
3841	0.3995
3842	0.3994
3843	0.3994
3844	0.3994
3845	0.3994
3846	0.3994
3847	0.3994
3848	0.3994
3849	0.3994
385	0.1323
3850	0.3994
3851	0.3994
3852	0.3994
3853	0.3994
3854	0.3994
3855	0.3994
3856	0.3994
3857	0.3994
3858	0.3994
3859	0.3994
386	0.1323
3860	0.3994
3861	0.3994
3862	0.3994
3863	0.3994
3864	0.3994
3865	0.3994
3866	0.3995
3867	0.3998
3868	0.4011
3869	0.424
387	0.2925
3870	0.502
3871	1.0028
3872	2.7128
3873	8.1811
3874	0.2224
3875	8.3397
3876	4.1862
3877	1.5721
3878	0.7491
3879	0.4622
388	0.0779
3880	0.4147
3881	0.3992
3882	0.3986
3883	0.3985
3884	0.3985
3885	0.3985
3886	0.3985
3887	0.3985
3888	0.3985
3889	0.3985
389	0.1668
3890	0.3985
3891	0.3985
3892	0.3985
3893	0.3985
3894	0.3985
3895	0.3985
3896	0.3985
3897	0.3985
3898	0.3985
3899	0.3988
39	7.4115
390	0.0118
3900	0.3998
3901	0.4178
3902	0.4793
3903	0.8707
3904	2.1946
3905	6.396
3906	0.2214
3907	2.8583
3908	1.633
3909	0.7956
391	0.4123
3910	0.5087
3911	0.4139
3912	0.4024
3913	0.4196
3914	0.5548
3915	0.9758
3916	2.2187
3917	0.2126
3918	5.9943
3919	3.0953
392	0.0087
3920	1.2416
3921	0.6482
3922	0.4434
3923	0.4086
3924	0.3973
3925	0.3968
3926	0.3967
3927	0.3967
3928	0.3967
3929	0.3967
393	0.0087
3930	0.3967
3931	0.3967
3932	0.3967
3933	0.397
3934	0.3978
3935	0.4108
3936	0.4557
3937	0.7377
3938	1.6752
3939	4.609
394	0.0087
3940	0.2197
3941	9.1212
3942	4.5494
3943	1.682
3944	0.7824
3945	0.4682
3946	0.4166
3947	0.3996
3948	0.399
3949	0.3989
395	0.0087
3950	0.3989
3951	0.3989
3952	0.3989
3953	0.3989
3954	0.3989
3955	0.3989
3956	0.3989
3957	0.3989
3958	0.3989
3959	0.3989
396	0.0118
3960	0.3989
3961	0.3989
3962	0.3989
3963	0.3989
3964	0.3989
3965	0.3989
3966	0.3989
3967	0.3989
3968	0.3992
3969	0.4003
397	0.0087
3970	0.4199
3971	0.4869
3972	0.9148
3973	2.3675
3974	6.9914
3975	0.2218
3976	4.6899
3977	2.4879
3978	1.0571
3979	0.5913
398	0.0087
3980	0.4321
3981	0.4043
3982	0.3954
3983	0.395
3984	0.3949
3985	0.3949
3986	0.3951
3987	0.3958
3988	0.4062
3989	0.4418
399	0.0249
3990	0.6629
3991	1.3855
3992	3.615
3993	0.2179
3994	7.5582
3995	3.8227
3996	1.4621
3997	0.7156
3998	0.456
3999	0.4128
4	0.0136
40	11.3092
400	0.0087
4000	0.3987
4001	0.3981
4002	0.398
4003	0.398
4004	0.398
4005	0.398
4006	0.398
4007	0.398
4008	0.398
4009	0.398
401	0.0085
4010	0.398
4011	0.398
4012	0.398
4013	0.398
4014	0.398
4015	0.3983
4016	0.3993
4017	0.4156
4018	0.4716
4019	0.8265
402	0.0087
4020	2.0217
4021	5.8005
4022	0.221
4023	14.0682
4024	6.8492
4025	2.3774
4026	0.993
4027	0.5055
4028	0.4274
4029	0.4011
403	0.0087
4030	0.4004
4031	0.4003
4032	0.4003
4033	0.4003
4034	0.4003
4035	0.4003
4036	0.4003
4037	0.4003
4038	0.4003
4039	0.4003
404	0.0118
4040	0.4003
4041	0.4003
4042	0.4003
4043	0.4003
4044	0.4003
4045	0.4003
4046	0.4003
4047	0.4003
4048	0.4003
4049	0.4003
405	0.0087
4050	0.4003
4051	0.4003
4052	0.4003
4053	0.4003
4054	0.4003
4055	0.4003
4056	0.4003
4057	0.4003
4058	0.4003
4059	0.4003
406	0.0118
4060	0.4003
4061	0.4003
4062	0.4003
4063	0.4003
4064	0.4003
4065	0.4003
4066	0.4003
4067	0.4003
4068	0.4003
4069	0.4008
407	0.0085
4070	0.4024
4071	0.4323
4072	0.5343
4073	1.1931
4074	3.4609
4075	10.7604
4076	0.2232
4077	6.7765
4078	3.4592
4079	1.352
408	0.0085
4080	0.682
4081	0.4498
4082	0.4108
4083	0.3981
4084	0.3975
4085	0.3975
4086	0.3975
4087	0.3975
4088	0.3975
4089	0.3975
409	0.0853
4090	0.3975
4091	0.3975
4092	0.3975
4093	0.3975
4094	0.3975
4095	0.3978
4096	0.3986
4097	0.4133
4098	0.4637
4099	0.7822
41	7.2452
410	0.0853
4100	1.8486
4101	5.205
4102	0.2204
4103	4.1676
4104	2.2445
4105	0.983
4106	0.5682
4107	0.4273
4108	0.4022
4109	0.3944
411	0.0853
4110	0.3939
4111	0.394
4112	0.3946
4113	0.4039
4114	0.4359
4115	0.6326
4116	1.2692
4117	3.2169
4118	0.2169
4119	0.0
412	0.0853
4120	0.0
4121	0.0185
4122	0.0277
4123	0.0277
4124	0.0
4125	0.0
4126	0.0
4127	0.0
4128	0.0
4129	0.0
413	0.0853
4130	0.0
4131	0.0
4132	0.0
4133	0.0
4134	0.0
4135	0.0
4136	0.0
4137	0.0
4138	0.0
4139	4.33
414	0.0853
4140	2.3158
4141	1.0255
4142	0.6036
4143	0.4618
4144	0.4367
4145	0.4288
4146	0.4283
4147	0.4285
4148	0.4291
4149	0.4385
415	0.0615
4150	0.4711
4151	0.673
4152	1.3315
4153	3.3616
4154	0.0051
4155	0.0051
4156	0.0051
4157	0.0051
4158	0.0051
4159	0.0051
416	0.4806
4160	0.0
4161	0.0
4162	0.0
4163	0.0
4164	0.0
4165	0.0
4166	0.0
4167	0.0
4168	0.0
4169	0.0
417	8.0E-4
4170	0.0
4171	0.0
4172	0.0
4173	0.0
4174	0.0
4175	0.0
4176	0.0
4177	0.0
4178	0.0
4179	0.0
418	8.0E-4
4180	0.0
4181	0.0
4182	0.0
4183	0.0
4184	0.0
4185	0.0
4186	0.0
4187	0.0
4188	0.0
4189	0.0
419	8.0E-4
4190	0.0
4191	0.0
4192	0.0
4193	0.0
4194	0.0
4195	0.0
4196	0.0
4197	0.0
4198	0.0
4199	0.0
42	9.2725
420	8.0E-4
4200	0.0
4201	0.0
4202	0.0
4203	0.0
4204	0.0
4205	0.0
4206	0.0
4207	0.0
4208	0.0
4209	0.0
421	8.0E-4
4210	0.0
4211	0.0
4212	0.0
4213	0.0
4214	0.0
4215	0.0
4216	0.0
4217	0.0
4218	0.0
4219	0.0
422	8.0E-4
4220	0.0
4221	0.0
4222	0.0
4223	0.0
4224	0.0
4225	0.0
4226	0.0
4227	0.0
4228	0.0
4229	0.0
423	8.0E-4
4230	0.0
4231	0.0
4232	0.0
4233	0.0
4234	0.0
4235	0.0
4236	0.0
4237	0.0
4238	0.0
4239	0.0
424	8.0E-4
4240	0.0
4241	0.0
4242	0.0
4243	0.0
4244	0.0
4245	0.0
4246	0.0
4247	0.0
4248	0.0
4249	0.0
425	24.5175
4250	0.0
4251	0.0
4252	0.0
4253	0.0
4254	0.0
4255	0.0
4256	0.0
4257	0.0
4258	0.0
4259	0.0
426	0.6842
4260	0.0
4261	0.0
4262	0.0
4263	0.0
4264	0.0
4265	0.0
4266	0.0
4267	0.0
4268	0.0
4269	0.0
427	0.4681
4270	0.0
4271	0.0
4272	0.0
4273	0.0
4274	0.0
4275	0.0
4276	0.0
4277	0.0
4278	0.0
4279	0.0
428	0.145
4280	0.0
4281	0.0
4282	0.0
4283	0.0
4284	0.0
4285	0.0
4286	0.0
4287	0.0
4288	0.0
4289	0.0
429	0.543
4290	0.0
4291	0.0
4292	0.0
4293	0.0
4294	0.0
4295	0.0
4296	0.0
4297	0.0
4298	0.0
4299	0.0
43	22.5804
430	1.3862
4300	0.0
4301	0.0
4302	0.0
4303	0.0
4304	0.0
4305	0.0
4306	0.0
4307	0.0
4308	0.0
4309	0.0
431	0.0563
4310	0.0
4311	0.0
4312	0.0
4313	0.0
4314	0.0
4315	0.0
4316	0.0
4317	0.0
4318	0.0
4319	0.0
432	0.0059
4320	0.0
4321	0.0
4322	0.0
4323	0.0
4324	0.0
4325	0.0
4326	0.0
4327	0.0
4328	0.0
4329	0.0
433	0.0554
4330	0.0
4331	0.0
4332	0.0
4333	0.0
4334	0.0
4335	0.0
4336	0.0
4337	0.0
4338	0.0
4339	0.0
434	0.0554
4340	0.0
4341	0.0
4342	0.0
4343	0.0
4344	0.0
4345	0.0
4346	0.0
4347	0.0
4348	0.0
4349	0.0
435	0.0526
4350	0.0
4351	0.0
4352	0.0
4353	0.0
4354	0.0
4355	0.0
4356	0.0
4357	0.0
4358	0.0
4359	0.0
436	0.0526
4360	0.0
4361	0.0
4362	0.0
4363	0.0
4364	0.0
4365	0.0
4366	0.0
4367	0.0
4368	0.0
4369	0.0
437	0.0526
4370	0.0
4371	0.0
4372	0.0
4373	0.0
4374	0.0
4375	0.0
4376	0.0
4377	0.0
4378	0.0
4379	0.0
438	0.0526
4380	0.0
4381	0.0
4382	0.0
4383	0.0
4384	0.0
4385	0.0
4386	0.0
4387	0.0
4388	0.0
4389	0.0
439	0.0526
4390	0.0
4391	0.0
4392	0.0
4393	0.0
4394	0.0
4395	0.0
4396	0.0
4397	0.0
4398	0.0
4399	0.0
44	6.1851
440	0.0536
4400	0.0
4401	0.0
4402	0.0
4403	0.0
4404	0.0
4405	0.0
4406	0.0
4407	0.0
4408	0.0
4409	0.0
441	0.0042
4410	0.0
4411	0.0
4412	0.0
4413	0.0
4414	0.0
4415	0.0
4416	0.0
4417	0.0
4418	0.0
4419	0.0
442	0.0053
4420	0.0
4421	0.0
4422	0.0
4423	0.0
4424	0.0
4425	0.0
4426	0.0
4427	0.0
4428	0.0
4429	0.0
443	0.0053
4430	0.0
4431	0.0
4432	0.0
4433	0.0
4434	0.0
4435	0.0
4436	5.0E-4
4437	5.0E-4
4438	2.0E-4
4439	5.0E-4
444	0.0053
4440	5.0E-4
4441	5.0E-4
4442	5.0E-4
4443	2.0E-4
4444	2.0E-4
4445	2.0E-4
4446	3.0E-4
4447	7.0E-4
4448	3.0E-4
4449	3.0E-4
445	0.0769
4450	7.0E-4
4451	2.0E-4
4452	1.0E-4
4453	1.0E-4
4454	1.0E-4
4455	0.0
4456	0.0
4457	0.0
4458	3.6156
4459	0.0
446	0.0778
4460	0.0113
4461	0.0113
4462	0.0113
4463	0.0
4464	0.0
4465	0.0
4466	0.0
4467	0.0
4468	0.0
4469	0.0
447	0.0769
4470	0.0
4471	0.0
4472	0.0
4473	0.0
4474	0.0
4475	0.0
4476	0.0
4477	0.0
4478	0.0
4479	0.0
448	0.1358
4480	0.0
4481	0.0
4482	0.0
4483	1.0E-4
4484	0.4418
4485	1.0116
4486	1.0E-4
4487	1.0E-4
4488	1.0E-4
4489	1.0E-4
449	0.0784
4490	1.0E-4
4491	1.0E-4
4492	1.0E-4
4493	1.0E-4
4494	1.0E-4
4495	1.0E-4
4496	1.0E-4
4497	1.0E-4
4498	1.0E-4
4499	1.0E-4
45	3.0724
450	0.058
4500	1.0E-4
4501	1.0E-4
4502	1.0E-4
4503	1.0E-4
4504	1.0E-4
4505	1.0E-4
4506	1.0E-4
4507	1.0E-4
4508	1.0E-4
4509	1.0E-4
451	0.0536
4510	1.0E-4
4511	1.0E-4
4512	1.0E-4
4513	1.0E-4
4514	1.0E-4
4515	1.0E-4
4516	1.0E-4
4517	1.0E-4
4518	1.0E-4
4519	1.0E-4
452	0.0423
4520	1.0E-4
4521	1.0E-4
4522	1.0E-4
4523	1.0E-4
4524	1.0E-4
4525	1.0E-4
4526	1.0E-4
4527	1.0E-4
4528	1.0E-4
4529	1.0E-4
453	0.0391
4530	1.0E-4
4531	1.0E-4
4532	1.0E-4
4533	1.0E-4
4534	1.0E-4
4535	1.0E-4
4536	1.0E-4
4537	1.0E-4
4538	1.0E-4
4539	1.0E-4
454	0.0391
4540	1.0E-4
4541	1.0E-4
4542	1.0E-4
4543	1.0E-4
4544	1.0E-4
4545	1.0E-4
4546	1.0E-4
4547	1.0E-4
4548	1.0E-4
4549	1.0E-4
455	0.0391
4550	1.0E-4
4551	1.0E-4
4552	1.0E-4
4553	1.0E-4
4554	1.0E-4
4555	1.0E-4
4556	1.0E-4
4557	1.0E-4
4558	1.0E-4
4559	1.0E-4
456	0.0391
4560	1.0E-4
4561	1.0E-4
4562	1.0E-4
4563	1.0E-4
4564	1.0E-4
4565	1.0E-4
4566	1.0E-4
4567	1.0E-4
4568	1.0E-4
4569	1.0E-4
457	0.3601
4570	1.0E-4
4571	1.0E-4
4572	1.0E-4
4573	1.0E-4
4574	1.0E-4
4575	1.0E-4
4576	1.0E-4
4577	1.0E-4
4578	1.0E-4
4579	1.0E-4
458	0.3601
4580	1.0E-4
4581	1.0E-4
4582	1.0E-4
4583	1.0E-4
4584	1.0E-4
4585	1.0E-4
4586	1.0E-4
4587	1.0E-4
4588	1.0E-4
4589	1.0E-4
459	0.3601
4590	1.0E-4
4591	1.0E-4
4592	1.0E-4
4593	1.0E-4
4594	1.0E-4
4595	1.0E-4
4596	1.0E-4
4597	1.0E-4
4598	1.0E-4
4599	1.0E-4
46	6.9427
460	0.3294
4600	1.0E-4
4601	1.0E-4
4602	1.0E-4
4603	1.0E-4
4604	1.0E-4
4605	1.0E-4
4606	1.0E-4
4607	1.0E-4
4608	1.0E-4
4609	1.0E-4
461	0.3601
4610	1.0E-4
4611	1.0E-4
4612	1.0E-4
4613	1.0E-4
4614	1.0E-4
4615	1.0E-4
4616	1.0E-4
4617	1.0E-4
4618	1.0E-4
4619	1.0E-4
462	0.3623
4620	1.0E-4
4621	1.0E-4
4622	1.0E-4
4623	1.0E-4
4624	1.0E-4
4625	1.0E-4
4626	1.0E-4
4627	1.0E-4
4628	1.0E-4
4629	1.0E-4
463	0.3623
4630	1.0E-4
4631	1.0E-4
4632	1.0E-4
4633	1.0E-4
4634	1.0E-4
4635	1.0E-4
4636	1.0E-4
4637	1.0E-4
4638	1.0E-4
4639	1.0E-4
464	0.3623
4640	1.0E-4
4641	1.0E-4
4642	1.0E-4
4643	1.0E-4
4644	1.0E-4
4645	1.0E-4
4646	1.0E-4
4647	1.0E-4
4648	1.0E-4
4649	1.0E-4
465	0.3601
4650	1.0E-4
4651	1.0E-4
4652	1.0E-4
4653	1.0E-4
4654	1.0E-4
4655	1.0E-4
4656	1.0E-4
4657	1.0E-4
4658	1.0E-4
4659	1.0E-4
466	0.3601
4660	1.0E-4
4661	1.0E-4
4662	1.0E-4
4663	1.0E-4
4664	1.0E-4
4665	1.0E-4
4666	1.0E-4
4667	1.0E-4
4668	1.0E-4
4669	1.0E-4
467	0.3936
4670	1.0E-4
4671	1.0E-4
4672	1.0E-4
4673	1.0E-4
4674	1.0E-4
4675	1.0E-4
4676	1.0E-4
4677	1.0E-4
4678	1.0E-4
4679	1.0E-4
468	0.3936
4680	1.0E-4
4681	1.0E-4
4682	1.0E-4
4683	1.0E-4
4684	1.0E-4
4685	1.0E-4
4686	1.0E-4
4687	1.0E-4
4688	1.0E-4
4689	1.0E-4
469	0.1108
4690	1.0E-4
4691	1.0E-4
4692	1.0E-4
4693	1.0E-4
4694	1.0E-4
4695	1.0E-4
4696	1.0E-4
4697	1.0E-4
4698	1.0E-4
4699	1.0E-4
47	1.805
470	0.0881
4700	1.0E-4
4701	1.0E-4
4702	1.0E-4
4703	1.0E-4
4704	1.0E-4
4705	1.0E-4
4706	1.0E-4
4707	1.0E-4
4708	1.0E-4
4709	1.0E-4
471	0.0881
4710	1.0E-4
4711	1.0E-4
4712	1.0E-4
4713	1.0E-4
4714	1.0E-4
4715	1.0E-4
4716	1.0E-4
4717	1.0E-4
4718	1.0E-4
4719	1.0E-4
472	0.0881
4720	1.0E-4
4721	1.0E-4
4722	1.0E-4
4723	1.0E-4
4724	1.0E-4
4725	1.0E-4
4726	1.0E-4
4727	1.0E-4
4728	1.0E-4
4729	1.0E-4
473	0.0814
4730	1.0E-4
4731	1.0E-4
4732	1.0E-4
4733	1.0E-4
4734	1.0E-4
4735	1.0E-4
4736	1.0E-4
4737	1.0E-4
4738	1.0E-4
4739	1.0E-4
474	0.5324
4740	1.0E-4
4741	1.0E-4
4742	1.0E-4
4743	1.0E-4
4744	1.0E-4
4745	1.0E-4
4746	1.0E-4
4747	1.0E-4
4748	1.0E-4
4749	1.0E-4
475	0.0579
4750	1.0E-4
4751	1.0E-4
4752	1.0E-4
4753	1.0E-4
4754	1.0E-4
4755	1.0E-4
4756	1.0E-4
4757	1.0E-4
4758	1.0E-4
4759	1.0E-4
476	0.0556
4760	1.0E-4
4761	1.0E-4
4762	8.0E-4
4763	8.0E-4
4764	3.0E-4
4765	8.0E-4
4766	8.0E-4
4767	8.0E-4
4768	8.0E-4
4769	3.0E-4
477	0.0557
4770	3.0E-4
4771	3.0E-4
4772	5.0E-4
4773	0.0011
4774	0.2657
4775	0.2385
4776	0.9612
4777	0.9612
4778	0.1679
4779	0.1679
478	0.0557
4780	0.1679
4781	0.1408
4782	0.1408
4783	0.1408
4784	0.1513
4785	0.1801
4786	0.1801
4787	0.1859
4788	0.1859
4789	0.1408
479	0.193
4790	0.1548
4791	0.1408
4792	0.1548
4793	0.0034
4794	0.0031
4795	0.0031
4796	0.0031
4797	0.0031
4798	0.0031
4799	0.1996
48	3.8253
480	0.2988
4800	0.0031
4801	0.0131
4802	0.0105
4803	0.0105
4804	0.0105
4805	0.0941
4806	1.5902
4807	0.0471
4808	0.0471
4809	0.0941
481	0.1921
4810	3.0624
4811	0.0627
4812	0.2878
4813	0.0087
4814	0.0098
4815	0.5206
4816	0.0253
4817	0.0253
4818	0.0253
4819	1.1398
482	0.1593
4820	0.0253
4821	0.0064
4822	0.0064
4823	0.0064
4824	0.0064
4825	0.0064
4826	0.0064
4827	0.0064
4828	0.0319
4829	0.0319
483	0.1668
4830	0.014
4831	0.0093
4832	0.0093
4833	0.0642
4834	0.0642
4835	0.0642
4836	0.0642
4837	0.0642
4838	0.0447
4839	0.008
484	0.1668
4840	0.0283
4841	0.0283
4842	0.0283
4843	0.0097
4844	0.0243
4845	0.0049
4846	0.0049
4847	0.0049
4848	0.3394
4849	0.3394
485	0.1408
4850	0.3394
4851	0.2551
4852	0.2551
4853	0.2551
4854	0.0986
4855	0.0986
4856	0.0986
4857	0.0871
4858	0.0871
4859	0.0871
486	0.1288
4860	0.2615
4861	0.2615
4862	0.4412
4863	0.0221
4864	0.0221
4865	0.0587
4866	0.0221
4867	0.0589
4868	0.0461
4869	0.0587
487	0.1288
4870	0.0587
4871	8.0E-4
4872	8.0E-4
4873	8.0E-4
4874	8.0E-4
4875	8.0E-4
4876	8.0E-4
4877	8.0E-4
4878	8.0E-4
4879	8.0E-4
488	0.1288
4880	8.0E-4
4881	8.0E-4
4882	8.0E-4
4883	8.0E-4
4884	8.0E-4
4885	8.0E-4
4886	8.0E-4
4887	8.0E-4
4888	8.0E-4
4889	8.0E-4
489	0.1288
4890	8.0E-4
4891	8.0E-4
4892	8.0E-4
4893	8.0E-4
4894	8.0E-4
4895	8.0E-4
4896	8.0E-4
4897	8.0E-4
4898	8.0E-4
4899	8.0E-4
49	1.8036
490	0.1288
4900	8.0E-4
4901	8.0E-4
4902	8.0E-4
4903	8.0E-4
4904	8.0E-4
4905	8.0E-4
4906	8.0E-4
4907	8.0E-4
4908	8.0E-4
4909	8.0E-4
491	0.1288
4910	8.0E-4
4911	8.0E-4
4912	8.0E-4
4913	8.0E-4
4914	8.0E-4
4915	8.0E-4
4916	8.0E-4
4917	8.0E-4
4918	8.0E-4
4919	8.0E-4
492	0.205
4920	8.0E-4
4921	8.0E-4
4922	8.0E-4
4923	8.0E-4
4924	0.0033
4925	0.0033
4926	0.0033
4927	0.0033
4928	0.0033
4929	0.004
493	0.1288
4930	0.1677
4931	0.1677
4932	0.1677
4933	0.1677
4934	0.1677
4935	0.1677
4936	0.1677
4937	0.0697
4938	0.0697
4939	0.0697
494	7.0E-4
4940	0.0697
4941	0.0697
4942	0.0697
4943	0.0697
4944	0.0697
4945	0.0697
4946	0.0697
4947	0.0697
4948	0.0697
4949	0.0697
495	7.0E-4
4950	0.0697
4951	0.0697
4952	0.0697
4953	0.0697
4954	0.0697
4955	0.0697
4956	0.0697
4957	0.0697
4958	0.0697
4959	0.0697
496	0.0129
4960	0.0697
4961	0.0697
4962	0.0697
4963	0.107
4964	0.0697
4965	0.0697
4966	0.0697
4967	0.0697
4968	0.0697
4969	0.0697
497	7.0E-4
4970	0.0697
4971	0.0697
4972	0.0113
4973	0.0113
4974	0.0113
4975	0.0113
4976	0.0113
4977	0.0113
4978	0.0113
4979	0.0113
498	0.0086
4980	0.0113
4981	0.0113
4982	0.0113
4983	0.0113
4984	0.0113
4985	0.0113
4986	0.0113
4987	0.0113
4988	0.0113
4989	0.0113
499	0.0478
4990	0.0113
4991	0.0113
4992	0.0113
4993	0.0113
4994	0.0113
4995	0.0113
4996	0.0113
4997	0.0113
4998	0.0113
4999	0.0113
5	0.0136
50	1.8036
500	0.4072
5000	0.0113
5001	0.111
5002	0.111
5003	0.111
5004	0.111
5005	0.111
5006	0.111
5007	0.111
5008	0.3155
5009	0.3155
501	0.3912
5010	0.3155
5011	0.3155
5012	0.3155
5013	0.019
5014	0.019
5015	0.019
5016	0.019
5017	0.019
5018	0.019
5019	0.019
502	0.3849
5020	0.019
5021	0.019
5022	0.019
5023	0.019
5024	0.019
5025	0.019
5026	0.019
5027	0.019
5028	0.019
5029	0.019
503	0.1509
5030	0.019
5031	0.019
5032	0.019
5033	0.0097
5034	0.0097
5035	0.6613
5036	0.0
5037	0.0
5038	0.0
5039	0.0
504	0.1509
5040	0.0
5041	0.0
5042	0.0
5043	0.0
5044	0.0
5045	0.0
5046	0.0
5047	0.0
5048	0.0
5049	0.0
505	0.4343
5050	0.0
5051	4.33
5052	2.3158
5053	1.0255
5054	0.6037
5055	0.4618
5056	0.4367
5057	0.4288
5058	0.4283
5059	0.4285
506	0.0304
5060	0.4291
5061	0.4385
5062	0.4711
5063	0.673
5064	1.3315
5065	3.3616
5066	0.0051
5067	0.0051
5068	0.0051
5069	0.0051
507	0.0304
5070	0.0051
5071	0.0051
5072	8.1679
5073	5.5787
5074	2.5244
5075	0.7535
5076	0.3358
5077	0.1783
5078	0.1573
5079	0.1505
508	0.0304
5080	0.1503
5081	0.1503
5082	0.1503
5083	0.1503
5084	0.1503
5085	0.1503
5086	0.1503
5087	0.1503
5088	0.1503
5089	0.1503
509	0.0304
5090	0.1503
5091	0.1503
5092	0.1503
5093	0.1503
5094	0.1503
5095	0.1503
5096	0.1503
5097	0.1503
5098	0.1503
5099	0.1503
510	0.0304
5100	0.1503
5101	0.1503
5102	0.1503
5103	0.1503
5104	0.1503
5105	0.1504
5106	0.1564
5107	0.1697
5108	0.277
5109	0.5418
511	0.0304
5110	1.4853
5111	2.3392
5112	6.3543
5113	4.3717
5114	1.9989
5115	0.6221
5116	0.2951
5117	0.1727
5118	0.156
5119	0.1507
512	0.0304
5120	0.1505
5121	0.1505
5122	0.1505
5123	0.1505
5124	0.1505
5125	0.1505
5126	0.1505
5127	0.1505
5128	0.1505
5129	0.1505
513	0.0304
5130	0.1505
5131	0.1505
5132	0.1505
5133	0.1505
5134	0.1505
5135	0.1505
5136	0.1506
5137	0.1553
5138	0.1659
5139	0.2496
514	0.0304
5140	0.4567
5141	1.1899
5142	1.8398
5143	2.1143
5144	1.5519
5145	0.7721
5146	0.3162
5147	0.203
5148	0.1665
5149	0.1884
515	0.0304
5150	0.2586
5151	0.4998
5152	0.6721
5153	4.5392
5154	3.164
5155	1.4733
5156	0.4907
5157	0.2546
5158	0.1672
5159	0.1548
516	0.0304
5160	0.1509
5161	0.1508
5162	0.1507
5163	0.1507
5164	0.1507
5165	0.1507
5166	0.1507
5167	0.1508
5168	0.1508
5169	0.1543
517	0.0304
5170	0.1622
5171	0.2222
5172	0.3717
5173	0.8943
5174	1.34
5175	6.9589
5176	4.7741
5177	2.174
5178	0.6659
5179	0.3087
518	0.0304
5180	0.1746
5181	0.1564
5182	0.1506
5183	0.1505
5184	0.1504
5185	0.1504
5186	0.1504
5187	0.1504
5188	0.1504
5189	0.1504
519	0.1739
5190	0.1504
5191	0.1504
5192	0.1504
5193	0.1504
5194	0.1504
5195	0.1504
5196	0.1504
5197	0.1504
5198	0.1504
5199	0.1504
52	26.3638
520	0.1739
5200	0.1504
5201	0.1505
5202	0.1505
5203	0.1557
5204	0.1672
5205	0.2587
5206	0.4851
5207	1.2883
5208	2.0063
5209	3.53
521	0.1308
5210	2.4928
5211	1.1812
5212	0.4178
5213	0.2321
5214	0.1643
5215	0.1542
5216	0.1511
5217	0.151
5218	0.151
5219	0.151
522	0.1371
5220	0.1539
5221	0.1602
5222	0.2072
5223	0.3245
5224	0.7301
5225	1.0621
5226	5.7494
5227	3.9692
5228	1.8237
5229	0.5783
523	0.4096
5230	0.2816
5231	0.1709
5232	0.1556
5233	0.1507
5234	0.1506
5235	0.1506
5236	0.1506
5237	0.1506
5238	0.1506
5239	0.1506
524	0.1371
5240	0.1506
5241	0.1506
5242	0.1506
5243	0.1506
5244	0.1506
5245	0.1506
5246	0.1506
5247	0.1506
5248	0.155
5249	0.1646
525	0.1371
5250	0.2404
5251	0.4284
5252	1.0913
5253	1.6733
5254	10.7889
5255	7.3227
5256	3.2838
5257	0.9437
5258	0.3946
5259	0.1865
526	4.2036
5260	0.1593
5261	0.1504
5262	0.1502
5263	0.1502
5264	0.1502
5265	0.1502
5266	0.1502
5267	0.1502
5268	0.1502
5269	0.1502
527	0.1225
5270	0.1502
5271	0.1502
5272	0.1502
5273	0.1502
5274	0.1502
5275	0.1502
5276	0.1502
5277	0.1502
5278	0.1502
5279	0.1502
528	0.1184
5280	0.1502
5281	0.1502
5282	0.1502
5283	0.1502
5284	0.1502
5285	0.1502
5286	0.1502
5287	0.1502
5288	0.1502
5289	0.1502
529	0.1043
5290	0.1502
5291	0.1502
5292	0.1502
5293	0.1502
5294	0.1502
5295	0.1502
5296	0.1502
5297	0.1502
5298	0.1502
5299	0.1503
53	1.3294
530	0.1043
5300	0.1503
5301	0.1581
5302	0.1753
5303	0.3168
5304	0.6647
5305	1.9121
5306	3.0608
5307	5.1445
5308	3.5667
5309	1.6485
531	0.001
5310	0.5345
5311	0.2681
5312	0.1691
5313	0.1551
5314	0.1508
5315	0.1507
5316	0.1506
5317	0.1506
5318	0.1506
5319	0.1506
532	0.0687
5320	0.1506
5321	0.1506
5322	0.1506
5323	0.1506
5324	0.1507
5325	0.1507
5326	0.1547
5327	0.1634
5328	0.2314
5329	0.4001
533	0.001
5330	0.9928
5331	1.5067
5332	3.126
5333	2.2242
5334	1.0644
5335	0.3887
5336	0.2232
5337	0.1631
5338	0.154
5339	0.1512
534	0.001
5340	0.1512
5341	0.1537
5342	0.1594
5343	0.2011
5344	0.3057
5345	0.6644
5346	0.9508
5347	3.2049
5348	2.2688
5349	1.0825
535	0.001
5350	0.3992
5351	0.2322
5352	0.172
5353	0.1628
5354	0.1601
5355	0.1601
5356	0.1626
5357	0.1683
5358	0.2107
5359	0.3176
536	1.6524
5360	0.6863
5361	0.9851
5362	0.0023
5363	0.0023
5364	0.0023
5365	0.0023
5366	0.0023
5367	0.0023
5368	0.0023
5369	0.0023
537	1.6524
5370	0.0023
5371	0.0023
5372	0.0023
5373	0.0023
5374	0.0023
5375	0.0023
5376	0.0023
5377	2.0E-4
5378	4.0E-4
5379	5.0E-4
538	1.6538
5380	4.0E-4
5381	4.0E-4
5382	0.0
5383	0.0
5384	0.0
5385	0.0
5386	0.0
5387	0.0
5388	0.0
5389	0.0
539	1.6885
5390	0.0
5391	0.0
5392	0.0
5393	0.0
5394	0.0
5395	0.0
5396	0.0
5397	4.33
5398	2.3158
5399	1.0255
54	1.2678
540	1.6524
5400	0.6037
5401	0.4618
5402	0.4367
5403	0.4288
5404	0.4283
5405	0.4285
5406	0.4291
5407	0.4385
5408	0.4711
5409	0.673
541	1.6885
5410	1.3315
5411	3.3616
5412	0.0051
5413	0.0051
5414	0.0051
5415	0.0051
5416	0.0051
5417	0.0051
5418	0.0872
5419	0.0872
542	1.6524
5420	0.0872
5421	4.0E-4
5422	0.1281
5423	0.1281
5424	0.061
5425	0.061
5426	0.0166
5427	0.0166
5428	0.0166
5429	7.0E-4
543	1.6522
5430	7.0E-4
5431	7.0E-4
5432	9.0E-4
5433	9.0E-4
5434	9.0E-4
5435	0.2128
5436	0.0015
5437	0.0015
5438	0.0031
5439	8.0E-4
544	1.6524
5440	8.0E-4
5441	8.0E-4
5442	0.0774
5443	0.0774
5444	0.001
5445	0.001
5446	0.001
5447	0.0471
5448	0.0471
5449	1.5399
545	1.705
5450	1.5399
5451	1.5399
5452	1.5399
5453	1.8063
5454	1.6195
5455	0.9552
5456	4.9353
5457	0.5426
5458	0.5426
5459	0.0628
546	1.6524
5460	0.0271
5461	0.0271
5462	0.0271
5463	0.0271
5464	0.0043
5465	0.0043
5466	0.0036
5467	0.0036
5468	2.8085
5469	0.0255
547	0.2081
5470	1.0842
5471	0.0255
5472	8.0E-4
5473	8.0E-4
5474	8.0E-4
5475	8.0E-4
5476	8.0E-4
5477	8.0E-4
5478	8.0E-4
5479	8.0E-4
548	0.1165
5480	0.0022
5481	0.0022
5482	0.0022
5483	0.3093
5484	0.0326
5485	0.0071
5486	0.0024
5487	0.0024
5488	0.0024
5489	0.0024
549	0.0617
5490	0.0063
5491	0.0058
5492	0.0064
5493	0.0063
5494	0.0065
5495	0.0063
5496	0.0063
5497	0.0233
5498	0.0092
5499	0.0092
55	1.2582
550	0.2725
5500	0.0092
5501	0.0092
5502	0.1009
5503	0.096
5504	0.096
5505	0.096
5506	0.0872
5507	0.0872
5508	0.0872
5509	0.0368
551	0.2877
5510	0.0204
5511	0.0192
5512	0.024
5513	0.0015
5514	5.0E-4
5515	5.0E-4
5516	8.0E-4
5517	8.0E-4
5518	5.0E-4
5519	5.0E-4
552	0.2725
5520	5.0E-4
5521	0.0015
5522	0.0015
5523	3.205
5524	2.2688
5525	1.0825
5526	0.3992
5527	0.2322
5528	0.172
5529	0.1628
553	0.2856
5530	0.1601
5531	0.1601
5532	0.1626
5533	0.1683
5534	0.2107
5535	0.3176
5536	0.6863
5537	0.9851
5538	0.0023
5539	0.0023
554	0.3144
5540	0.0023
5541	0.0023
5542	0.0023
5543	0.0023
5544	0.0023
5545	0.0023
5546	0.0023
5547	0.0023
5548	0.0023
5549	0.0023
555	0.3156
5550	0.0023
5551	0.0023
5552	0.0023
5553	0.0
5554	0.0
5555	0.0
5556	0.0
5557	0.0
5558	0.0
5559	0.0
556	0.3156
5560	0.0
5561	0.0
5562	0.0
5563	0.0
5564	0.0
5565	0.0
5566	0.0
5567	0.0
5568	0.0
5569	0.0
557	0.7372
5570	0.0
5571	0.0
5572	0.0
5573	0.0
5574	0.0
5575	0.0
5576	0.0
5577	0.0
5578	0.0
5579	0.0
558	0.1899
5580	0.0
5581	0.0
5582	0.0
5583	0.0
5584	0.0
5585	0.0
5586	0.0
5587	0.0
5588	0.0
5589	0.0
559	0.1899
5590	0.0
5591	0.0
5592	0.0
5593	0.0
5594	0.0
5595	0.0
5596	0.0
5597	0.0
5598	0.0
5599	0.0
56	1.1561
560	0.1899
5600	0.0
5601	0.0
5602	0.0
5603	0.0
5604	0.0
5605	0.0
5606	0.0
5607	0.0
5608	0.0
5609	0.0
561	0.1794
5610	0.0
5611	0.0
5612	0.0
5613	0.0
5614	0.0
5615	0.0
5616	0.0
5617	0.0
5618	0.0
5619	0.0
562	0.1794
5620	0.0
5621	0.0
5622	0.0
5623	0.0
5624	0.0
5625	0.0
5626	0.0
5627	0.0
5628	0.0
5629	0.0
563	0.1794
5630	0.0
5631	0.0
5632	0.0
5633	0.0
5634	0.0
5635	0.0
5636	0.0
5637	0.0
5638	0.0
5639	0.0
564	0.1794
5640	0.0
5641	0.0
5642	0.0
5643	0.0
5644	0.0
5645	0.0
5646	0.0
5647	0.0
5648	0.0
5649	0.0
565	0.1883
5650	0.0
5651	0.0
5652	0.0
5653	0.0
5654	0.0
5655	0.0
5656	0.0
5657	0.0
5658	0.0
5659	0.0
566	0.0382
5660	0.0
5661	0.0
5662	0.0
5663	0.0
5664	0.0
5665	0.0
5666	0.0
5667	0.0
5668	0.0
5669	0.0
567	0.0383
5670	0.0
5671	0.0
5672	0.0
5673	0.0
5674	0.0
5675	0.0
5676	0.0
5677	0.0
5678	0.0
5679	0.0
568	0.0383
5680	0.0
5681	0.0
5682	0.0
5683	0.0
5684	0.0
5685	0.0
5686	0.0
5687	0.0
5688	0.0
5689	0.0
569	0.0854
5690	0.0
5691	0.0
5692	0.0
5693	0.0
5694	0.0
5695	0.0
5696	0.0
5697	0.0
5698	0.0
5699	0.0
57	1.1205
570	0.0383
5700	0.0
5701	0.0
5702	0.0
5703	0.0
5704	0.0
5705	0.0
5706	0.0
5707	0.0
5708	0.0
5709	0.0
571	0.0382
5710	0.0
5711	0.0
5712	0.0
5713	0.0
5714	0.0
5715	0.0
5716	0.0
5717	0.0
5718	0.0
5719	0.0
572	0.0382
5720	0.0
5721	0.0
5722	0.0
5723	0.0
5724	0.0
5725	0.0
5726	0.0
5727	0.0
5728	0.0
5729	0.0
573	0.0382
5730	0.0
5731	0.0
5732	0.0
5733	0.0
5734	0.0
5735	0.0
5736	0.0
5737	0.0
5738	0.0
5739	0.0
574	0.0382
5740	0.0
5741	0.0
5742	0.0
5743	0.0
5744	0.0
5745	0.0
5746	0.0
5747	0.0
5748	0.0
5749	0.0
575	0.0382
5750	0.0
5751	0.0
5752	0.0
5753	0.0
5754	0.0
5755	0.0
5756	0.0
5757	0.0
5758	0.0
5759	0.0
576	0.0382
5760	0.0
5761	0.0
5762	0.0
5763	0.0
5764	0.0
5765	0.0
5766	0.0
5767	0.0
5768	0.0
5769	0.0
577	0.0382
5770	0.0
5771	0.0
5772	0.0
5773	0.0
5774	0.0
5775	0.0
5776	0.0
5777	0.0
5778	0.0
5779	0.0
578	2.1906
5780	0.0
5781	0.0
5782	0.0
5783	0.0
5784	0.0
5785	3.205
5786	2.2687
5787	1.0825
5788	0.3992
5789	0.2322
579	0.2618
5790	0.172
5791	0.1628
5792	0.1601
5793	0.1601
5794	0.1626
5795	0.1683
5796	0.2107
5797	0.3176
5798	0.6863
5799	0.9851
58	1.2614
580	0.2618
5800	0.0023
5801	0.0023
5802	0.0023
5803	0.0023
5804	0.0023
5805	0.0023
5806	0.0023
5807	0.0023
5808	0.0023
5809	0.0023
581	0.2746
5810	0.0023
5811	0.0023
5812	0.0023
5813	0.0023
5814	0.0023
5815	0.0218
5816	0.0218
5817	2.0E-4
5818	0.0039
5819	0.0487
582	0.0471
5820	0.9371
5821	0.9371
5822	0.1867
5823	1.331
5824	0.1925
5825	0.7205
5826	0.4485
5827	0.4485
5828	0.8316
5829	0.4485
583	0.0471
5830	0.4485
5831	0.4485
5832	0.7813
5833	0.7813
5834	0.0704
5835	0.314
5836	0.314
5837	0.314
5838	0.314
5839	0.314
584	0.0415
5840	0.314
5841	0.314
5842	0.2112
5843	0.2112
5844	0.0037
5845	8.0E-4
5846	8.0E-4
5847	8.0E-4
5848	0.0013
5849	8.0E-4
585	0.0473
5850	8.0E-4
5851	8.0E-4
5852	8.0E-4
5853	8.0E-4
5854	8.0E-4
5855	8.0E-4
5856	0.0013
5857	8.0E-4
5858	0.0014
5859	8.0E-4
586	0.0471
5860	0.0014
5861	8.0E-4
5862	0.0013
5863	8.0E-4
5864	8.0E-4
5865	8.0E-4
5866	0.0013
5867	0.0953
5868	0.0036
5869	0.0036
587	0.0567
5870	0.0036
5871	0.0036
5872	0.0036
5873	0.0036
5874	0.0036
5875	0.0075
5876	0.0036
5877	1.0486
5878	0.0036
5879	0.0036
588	0.0415
5880	0.0036
5881	0.0036
5882	0.0036
5883	0.0036
5884	0.0036
5885	0.0036
5886	0.0036
5887	0.0036
5888	0.0036
5889	0.0036
589	0.0544
5890	0.0036
5891	0.0036
5892	7.0E-4
5893	0.0013
5894	7.0E-4
5895	7.0E-4
5896	7.0E-4
5897	7.0E-4
5898	7.0E-4
5899	7.0E-4
59	1.2508
590	0.0544
5900	7.0E-4
5901	7.0E-4
5902	7.0E-4
5903	7.0E-4
5904	7.0E-4
5905	7.0E-4
5906	7.0E-4
5907	7.0E-4
5908	7.0E-4
5909	7.0E-4
591	0.0544
5910	7.0E-4
5911	7.0E-4
5912	7.0E-4
5913	6.0E-4
5914	7.0E-4
5915	7.0E-4
5916	7.0E-4
5917	7.0E-4
5918	7.0E-4
5919	6.0E-4
592	0.0544
5920	0.002
5921	0.0253
5922	0.1214
5923	0.1214
5924	0.1214
5925	0.1214
5926	0.1214
5927	0.1214
5928	0.1214
5929	0.1214
593	9.8906
5930	1.1718
5931	1.1718
5932	1.1718
5933	1.1718
5934	1.1718
5935	1.1718
5936	0.1055
5937	0.0998
5938	0.4126
5939	0.0388
594	0.0536
5940	5.0E-4
5941	5.0E-4
5942	5.0E-4
5943	5.0E-4
5944	5.0E-4
5945	5.0E-4
5946	5.0E-4
5947	6.0E-4
5948	0.0014
5949	6.0E-4
595	0.0382
5950	6.0E-4
5951	0.0936
5952	0.0037
5953	0.0041
5954	0.0075
5955	1.0223
5956	1.0363
5957	0.0075
5958	0.0
5959	0.0
596	0.0382
5960	0.0
5961	0.0
5962	0.0
5963	0.0
5964	0.0
5965	0.0
5966	0.0
5967	0.0
5968	2.0E-4
5969	2.0E-4
597	0.0382
5970	2.0E-4
5971	2.0E-4
5972	2.0E-4
5973	2.0E-4
5974	0.0014
5975	0.0157
5976	0.0602
5977	0.0602
5978	0.0057
5979	0.0057
598	0.0472
5980	0.0057
5981	0.0057
5982	0.0057
5983	0.0057
5984	0.0057
5985	0.0057
5986	0.0057
5987	0.0057
5988	0.0057
5989	0.0057
599	0.0237
5990	0.0057
5991	0.0057
5992	0.0159
5993	5.0E-4
5994	5.0E-4
5995	5.0E-4
5996	3.0E-4
5997	3.0E-4
5998	3.0E-4
5999	3.0E-4
6	0.0136
60	1.1578
600	0.0365
6000	3.0E-4
6001	0.0013
6002	0.0013
6003	0.0021
6004	0.9538
6005	1.1021
6006	8.0E-4
6007	8.0E-4
6008	8.0E-4
6009	8.0E-4
601	0.0365
6010	8.0E-4
6011	8.0E-4
6012	0.425
602	0.0365
603	0.0365
604	0.0365
605	0.0365
606	0.0365
607	0.0365
608	0.0365
609	0.0365
61	27.4293
610	0.0365
611	0.506
612	0.758
613	0.029
614	0.2457
615	0.0227
616	0.0369
617	0.0372
618	0.0372
619	0.0372
62	0.2307
620	0.5222
621	1.4971
622	0.0237
623	0.0235
624	0.0232
625	0.0846
626	0.0846
627	0.4474
628	0.0484
629	0.0484
63	1.0721
630	1.4632
631	0.2066
632	0.0
633	0.0
634	0.0
635	0.0
636	0.0
637	0.0
638	0.0
639	0.0
64	0.7581
640	0.0
641	0.0
642	0.0
643	0.0
644	0.0
645	0.0
646	0.0
647	0.0
648	0.0172
649	0.0172
65	0.8576
650	0.0172
651	0.0173
652	0.0172
653	0.0172
654	0.0172
655	0.0172
656	0.0174
657	0.0173
658	0.0
659	0.0
66	0.7608
660	0.0
661	0.0
662	0.0
663	0.0
664	0.0
665	1.0E-4
666	1.0E-4
667	0.0146
668	0.0095
669	0.0439
67	0.7361
670	0.0436
671	0.0438
672	0.0438
673	0.062
674	0.1091
675	0.0395
676	0.0396
677	0.0518
678	0.1046
679	0.0
68	1.0791
680	0.0
681	0.0
682	0.0
683	0.0
684	0.0
685	0.0
686	0.0391
687	0.0421
688	0.0421
689	0.0421
69	1.1356
690	0.0
691	0.0
692	0.0
693	0.0
694	0.0
695	0.0
696	0.0
697	0.0
698	0.0
699	0.0
7	0.833
70	0.8275
700	0.0
701	0.0
702	0.0
703	0.0
704	0.0
705	0.0
706	0.0
707	1.0E-4
708	1.0E-4
709	0.0334
71	1.2376
710	0.0026
711	0.0019
712	0.0026
713	0.0019
714	0.0019
715	0.0019
716	0.0019
717	0.0019
718	0.0019
719	0.0019
72	1.3581
720	0.0019
721	0.0019
722	0.0044
723	0.0019
724	0.0044
725	0.0019
726	0.0019
727	0.0019
728	0.0019
729	0.0019
73	10.6069
730	0.0019
731	0.0019
732	0.0019
733	0.0019
734	0.0019
735	0.0019
736	0.0019
737	0.0019
738	0.0019
739	0.0019
74	3.6049
740	0.0019
741	0.0019
742	0.0019
743	0.0019
744	0.0019
745	0.0026
746	0.0019
747	0.0019
748	0.0019
749	0.0019
75	1.985
750	0.0019
751	0.0788
752	0.0019
753	0.0019
754	0.0019
755	0.0309
756	0.0309
757	0.0309
758	0.0309
759	0.0309
76	2.29
760	0.0309
761	0.0309
762	0.0309
763	0.0173
764	0.0173
765	0.0174
766	0.0195
767	0.0185
768	0.0128
769	0.0173
77	0.6892
770	0.0173
771	1.0E-4
772	0.0155
773	0.0155
774	0.0147
775	0.0158
776	0.0158
777	0.0147
778	0.0099
779	0.0099
78	2.3351
780	0.0155
781	0.0155
782	8.0E-4
783	0.0126
784	0.0163
785	0.0162
786	0.0162
787	0.0162
788	0.0146
789	0.0146
79	1.5393
790	0.0146
791	0.0156
792	0.0156
793	0.0156
794	0.0157
795	0.0157
796	0.0147
797	0.0146
798	0.0146
799	0.0146
8	0.0591
80	8.6055
800	0.0127
801	0.069
802	0.0967
803	0.0928
804	0.1058
805	0.1058
806	0.1058
807	0.1058
808	0.1236
809	0.1236
81	12.4349
810	0.0704
811	0.0705
812	0.0704
813	0.0704
814	0.0704
815	0.0704
816	0.0731
817	0.0708
818	0.0998
819	0.0995
82	5.0612
820	0.0995
821	0.0995
822	8.342
823	1.5872
824	0.2507
825	0.172
826	0.5488
827	0.4094
828	7.5897
829	0.0475
83	3.7301
830	0.1092
831	0.0326
832	0.0326
833	0.0326
834	0.0326
835	0.0326
836	0.0032
837	0.2871
838	0.1519
839	0.2361
84	4.7113
840	0.3324
841	0.1645
842	0.2344
843	0.108
844	0.108
845	0.108
846	0.108
847	0.108
848	0.108
849	0.108
85	0.6081
850	0.108
851	0.108
852	0.108
853	0.108
854	0.108
855	0.108
856	0.108
857	0.108
858	0.108
859	0.108
86	0.5257
860	0.108
861	0.108
862	0.108
863	0.108
864	0.108
865	0.108
866	0.108
867	0.108
868	0.108
869	0.1122
87	0.5876
870	0.0178
871	0.0178
872	0.0246
873	0.0614
874	0.0472
875	0.1329
876	0.2326
877	0.2444
878	0.2444
879	0.2054
88	0.6081
880	2.0648
881	0.1884
882	0.1884
883	0.1884
884	0.1884
885	0.1884
886	0.1884
887	0.3096
888	0.1884
889	0.0056
89	0.5333
890	0.0091
891	0.0056
892	0.5232
893	0.8817
894	0.5232
895	0.5232
896	0.0123
897	0.0123
898	0.0123
899	0.0123
9	0.0136
90	0.6463
900	0.0016
901	0.0016
902	0.0016
903	0.0016
904	0.0016
905	0.0016
906	0.0016
907	0.0016
908	0.0016
909	0.0016
91	0.6463
910	0.0016
911	0.0016
912	0.0016
913	0.0016
914	0.0016
915	0.0016
916	0.0016
917	0.0016
918	0.009
919	0.0016
92	0.6699
920	0.009
921	0.0016
922	0.0016
923	0.0026
924	0.0016
925	0.0016
926	0.0016
927	0.0016
928	0.0016
929	0.0016
93	0.5698
930	0.0016
931	0.0059
932	0.0016
933	0.0016
934	0.0016
935	0.0029
936	0.003
937	0.003
938	0.0106
939	0.0043
94	6.0E-4
940	0.0043
941	0.0043
942	0.0043
943	0.136
944	0.136
945	0.038
946	0.0383
947	0.0136
948	0.0136
949	0.0127
95	6.0E-4
950	0.0135
951	0.0136
952	0.0171
953	0.0202
954	0.0202
955	0.0202
956	0.0207
957	0.0331
958	0.0182
959	0.0182
96	6.0E-4
960	0.0181
961	0.0193
962	0.0193
963	0.021
964	0.0192
965	0.0192
966	0.0192
967	0.0192
968	0.0244
969	0.0244
97	6.0E-4
970	0.4493
971	0.018
972	0.0243
973	0.0244
974	0.0242
975	0.0242
976	0.0243
977	0.0242
978	0.0242
979	0.04
98	6.0E-4
980	0.0165
981	0.2298
982	0.0205
983	0.0204
984	0.0206
985	0.0313
986	0.0204
987	0.0145
988	0.0144
989	0.0129
99	6.0E-4
990	0.1105
991	0.7034
992	0.2186
993	1.1792
994	0.1105
995	1.0074
996	0.0151
997	0.0151
998	0.0192
999	0.0191
