1	0.0763
10	0.9085
100	2.0E-4
1000	0.0067
1001	0.0067
1002	0.0064
1003	0.0043
1004	0.0049
1005	0.0043
1006	0.006
1007	0.0059
1008	0.0064
1009	0.0058
101	2.0E-4
1010	0.0053
1011	0.0053
1012	0.0055
1013	0.0055
1014	0.0055
1015	0.0066
1016	0.0066
1017	0.0066
1018	0.0058
1019	0.0059
102	0.0058
1020	0.7755
1021	1.7231
1022	0.0042
1023	2.0E-4
1024	6.0E-4
1025	0.0582
1026	0.0582
1027	0.0154
1028	0.0038
1029	0.005
103	2.0E-4
1030	0.0065
1031	5.0E-4
1032	1.0E-4
1033	0.0065
1034	0.35
1035	0.004
1036	0.0041
1037	0.004
1038	0.0066
1039	1.0741
104	2.0E-4
1040	1.0741
1041	1.0741
1042	1.0741
1043	1.0741
1044	1.0741
1045	1.0741
1046	1.0741
1047	1.0741
1048	1.0741
1049	1.0741
105	2.0E-4
1050	1.0741
1051	1.0741
1052	1.0741
1053	1.0741
1054	1.0741
1055	1.0741
1056	1.0741
1057	1.0741
1058	1.0741
1059	1.0741
106	1.5984
1060	1.0741
1061	1.0741
1062	1.0741
1063	1.0741
1064	1.0741
1065	1.0741
1066	1.0E-4
1067	1.0E-4
1068	1.0E-4
1069	1.0E-4
107	0.5304
1070	1.0E-4
1071	1.0E-4
1072	1.0E-4
1073	1.0E-4
1074	1.0E-4
1075	1.0E-4
1076	1.0E-4
1077	1.0E-4
1078	1.0E-4
1079	1.0E-4
108	0.2989
1080	1.0E-4
1081	1.0E-4
1082	1.0E-4
1083	1.0E-4
1084	1.0E-4
1085	1.0E-4
1086	1.0E-4
1087	1.0E-4
1088	1.0E-4
1089	1.0E-4
109	0.2724
1090	1.0E-4
1091	1.0E-4
1092	1.0E-4
1093	1.0E-4
1094	1.0E-4
1095	1.0E-4
1096	1.0E-4
1097	4.0E-4
1098	4.0E-4
1099	4.0E-4
11	0.0034
110	0.2724
1100	0.0204
1101	0.024
1102	0.0084
1103	0.0084
1104	0.0084
1105	0.0084
1106	0.0084
1107	0.0084
1108	0.0084
1109	0.0084
111	1.0479
1110	0.0084
1111	0.0084
1112	0.0084
1113	0.0084
1114	0.0084
1115	0.0084
1116	0.0084
1117	0.0084
1118	0.0084
1119	0.0084
112	1.0883
1120	0.0084
1121	0.0084
1122	0.0084
1123	0.0084
1124	0.0084
1125	0.0084
1126	0.0084
1127	0.0084
1128	0.0084
1129	0.0084
113	0.4636
1130	0.0084
1131	0.0084
1132	0.0084
1133	0.0084
1134	0.0084
1135	0.0084
1136	0.0084
1137	0.0084
1138	0.0084
1139	0.0084
114	0.2755
1140	0.0084
1141	0.0084
1142	0.0084
1143	0.0084
1144	0.0084
1145	0.0084
1146	0.0084
1147	0.0084
1148	0.0084
1149	0.0084
115	0.5026
1150	0.0084
1151	0.0084
1152	0.0084
1153	0.0084
1154	0.0084
1155	0.0084
1156	0.0084
1157	0.0084
1158	0.0084
1159	0.0
116	0.8648
1160	0.0
1161	3.0E-4
1162	0.0
1163	0.0
1164	0.0
1165	0.0
1166	0.0
1167	0.0
1168	0.0
1169	0.0
117	0.354
1170	0.0
1171	0.0
1172	0.0
1173	0.0
1174	0.0
1175	0.0
1176	0.0
1177	6.0E-4
1178	0.0031
1179	0.0
118	0.9
1180	0.0
1181	0.0
1182	0.0
1183	0.0
1184	0.0
1185	0.0
1186	0.0
1187	5.0E-4
1188	5.0E-4
1189	5.0E-4
119	2.1564
1190	5.0E-4
1191	4.0E-4
1192	4.0E-4
1193	0.0016
1194	0.0017
1195	0.0017
1196	6.0E-4
1197	6.0E-4
1198	3.0E-4
1199	0.1267
12	0.0044
120	0.9587
1200	3.0E-4
1201	3.0E-4
1202	3.0E-4
1203	3.0E-4
1204	3.0E-4
1205	3.0E-4
1206	3.0E-4
1207	2.0E-4
1208	2.0E-4
1209	2.0E-4
121	0.8758
1210	2.0E-4
1211	2.0E-4
1212	2.0E-4
1213	0.0028
1214	3.0E-4
1215	0.1788
1216	0.276
1217	0.1788
1218	0.1788
1219	6.0E-4
122	0.9587
1220	6.0E-4
1221	0.0
1222	0.0
1223	0.0
1224	0.0
1225	5.0E-4
1226	5.0E-4
1227	0.0035
1228	0.0035
1229	0.0035
123	1.3555
1230	0.0035
1231	0.0035
1232	0.0035
1233	0.0035
1234	0.0
1235	0.0
1236	0.0
1237	0.0
1238	0.0
1239	0.0
124	1.2445
1240	0.0
1241	0.0
1242	0.0
1243	0.0
1244	0.0
1245	0.0
1246	0.0
1247	0.0
1248	0.0
1249	0.0
125	1.2516
1250	0.0
1251	0.0
1252	0.0
1253	0.0
1254	0.0
1255	0.0
1256	0.0
1257	0.0
1258	0.0
1259	0.0
126	1.2576
1260	0.0
1261	0.0
1262	0.0
1263	0.0
1264	0.0
1265	0.0
1266	0.0
1267	0.0
1268	0.0
1269	0.0043
127	0.3897
1270	0.0043
1271	0.0043
1272	0.0043
1273	0.0043
1274	0.0043
1275	0.0043
1276	0.0043
1277	0.0043
1278	0.0043
1279	0.0038
128	0.3897
1280	0.0038
1281	0.0038
1282	0.0038
1283	0.0038
1284	0.0
1285	0.0
1286	0.0
1287	0.0
1288	0.0107
1289	0.0107
129	0.3668
1290	0.0107
1291	0.0163
1292	0.007
1293	0.0459
1294	0.0459
1295	0.0019
1296	0.0019
1297	0.0
1298	0.0
1299	0.0
13	0.0034
130	0.347
1300	2.0E-4
1301	0.0
1302	0.0
1303	0.0
1304	0.0
1305	2.0E-4
1306	2.0E-4
1307	2.0E-4
1308	0.0
1309	0.0011
131	0.2882
1310	0.0
1311	6.0E-4
1312	3.0E-4
1313	2.0E-4
1314	2.0E-4
1315	2.0E-4
1316	2.0E-4
1317	2.0E-4
1318	2.0E-4
1319	2.0E-4
132	3.6098
1320	2.0E-4
1321	2.0E-4
1322	2.0E-4
1323	2.0E-4
1324	2.0E-4
1325	2.0E-4
1326	2.0E-4
1327	2.0E-4
1328	2.0E-4
1329	2.0E-4
133	0.1182
1330	2.0E-4
1331	2.0E-4
1332	2.0E-4
1333	2.0E-4
1334	2.0E-4
1335	2.0E-4
1336	2.0E-4
1337	2.0E-4
1338	2.0E-4
1339	2.0E-4
134	0.1082
1340	3.0E-4
1341	3.0E-4
1342	9.0E-4
1343	9.0E-4
1344	3.0E-4
1345	0.0062
1346	0.0012
1347	0.0012
1348	0.0012
1349	0.0012
135	0.1288
1350	0.0012
1351	0.0012
1352	0.0012
1353	0.0012
1354	0.0012
1355	0.0012
1356	0.0012
1357	0.0012
1358	0.0012
1359	0.0012
136	0.1373
1360	0.0012
1361	0.0012
1362	1.0E-4
1363	0.0175
1364	0.0175
1365	0.0012
1366	0.0012
1367	0.0012
1368	0.0012
1369	0.0012
137	0.1471
1370	0.3064
1371	0.0286
1372	0.0099
1373	0.0127
1374	0.0233
1375	0.0088
1376	0.0056
1377	0.0056
1378	0.0023
1379	0.4322
138	0.2184
1380	0.0021
1381	0.002
1382	0.0012
1383	0.0012
1384	0.0012
1385	0.0012
1386	0.0012
1387	0.0012
1388	0.0012
1389	0.0012
139	0.0377
1390	0.0
1391	1.0E-4
1392	0.0
1393	0.0
1394	0.0
1395	0.0
1396	1.0E-4
1397	1.0E-4
1398	2.0E-4
1399	1.0E-4
14	0.3791
140	0.036
1400	1.0E-4
1401	1.0E-4
1402	0.0
1403	0.0
1404	0.0
1405	0.0
1406	0.0
1407	0.0
1408	0.0085
1409	0.0276
141	0.033
1410	0.0276
1411	0.0276
1412	0.0276
1413	0.0276
1414	0.0276
1415	0.0276
1416	0.033
1417	0.0425
1418	0.0276
1419	0.0419
142	0.1583
1420	0.0419
1421	0.0276
1422	1.0E-4
1423	1.0E-4
1424	1.0E-4
1425	1.0E-4
1426	1.0E-4
1427	1.0E-4
1428	1.0E-4
1429	1.0E-4
143	0.2214
1430	1.0E-4
1431	1.0E-4
1432	1.0E-4
1433	0.0062
1434	0.0062
1435	0.0062
1436	0.0062
1437	0.0062
1438	2.0E-4
1439	2.0E-4
144	0.0485
1440	0.001
1441	0.0013
1442	0.0054
1443	0.3318
1444	0.0011
1445	3.0E-4
1446	2.0E-4
1447	2.0E-4
1448	2.0E-4
1449	2.0E-4
145	0.4149
1450	2.0E-4
1451	2.0E-4
1452	2.0E-4
1453	2.0E-4
1454	2.0E-4
1455	2.0E-4
1456	2.0E-4
1457	0.001
1458	4.0E-4
1459	8.0E-4
146	0.033
1460	9.0E-4
1461	0.0082
1462	0.0081
1463	0.0082
1464	0.0081
1465	0.0081
1466	0.0082
1467	4.0752
1468	4.0E-4
1469	0.0034
147	0.033
1470	0.0034
1471	0.0034
1472	0.0036
1473	1.0E-4
1474	1.0E-4
1475	1.0E-4
1476	1.0E-4
1477	1.0E-4
1478	1.0E-4
1479	1.0E-4
148	0.1513
1480	1.0E-4
1481	1.0E-4
1482	1.0E-4
1483	1.0E-4
1484	1.0E-4
1485	1.0E-4
1486	1.0E-4
1487	0.0011
1488	9.0E-4
1489	0.0011
149	0.0435
1490	9.0E-4
1491	7.0E-4
1492	7.0E-4
1493	7.0E-4
1494	9.0E-4
1495	2.0E-4
1496	2.0E-4
1497	2.0E-4
1498	2.0E-4
1499	7.0E-4
15	0.0036
150	0.0433
1500	2.0E-4
1501	2.0E-4
1502	7.0E-4
1503	7.0E-4
1504	2.0E-4
1505	7.0E-4
1506	4.0E-4
1507	0.0049
1508	5.0E-4
1509	1.0E-4
151	0.102
1510	1.0E-4
1511	1.0E-4
1512	1.0E-4
1513	1.0E-4
1514	1.0E-4
1515	1.0E-4
1516	1.0E-4
1517	1.0E-4
1518	2.0E-4
1519	3.0E-4
152	0.0295
1520	1.0E-4
1521	1.0E-4
1522	1.0E-4
1523	1.0E-4
1524	1.0E-4
1525	1.0E-4
1526	1.0E-4
1527	1.0E-4
1528	1.0E-4
1529	1.0E-4
153	0.1032
1530	1.0E-4
1531	1.0E-4
1532	1.0E-4
1533	0.0284
1534	0.0
1535	1.0E-4
1536	1.0E-4
1537	2.0E-4
1538	0.387
1539	0.6022
154	5.0E-4
1540	0.8422
1541	0.8411
1542	0.387
1543	0.0027
1544	0.0
1545	0.0
1546	0.0
1547	0.0
1548	0.0
1549	0.0
155	0.2008
1550	0.0
1551	0.0
1552	1.0E-4
1553	1.0E-4
1554	1.0E-4
1555	1.0E-4
1556	1.0E-4
1557	1.0E-4
1558	1.0E-4
1559	1.0E-4
156	0.084
1560	1.0E-4
1561	1.0E-4
1562	1.0E-4
1563	1.0E-4
1564	1.0E-4
1565	0.0
1566	0.0
1567	0.0
1568	0.0
1569	0.0
157	0.2067
1570	0.0
1571	0.0
1572	0.0
1573	0.0
1574	0.0
1575	0.0
1576	0.0
1577	0.0
1578	0.0
1579	0.0
158	0.2409
1580	0.0
1581	0.0
1582	0.0
1583	0.0
1584	0.0
1585	0.0
1586	0.0
1587	0.0
1588	0.0
1589	8.0E-4
159	0.2067
1590	7.0E-4
1591	7.0E-4
1592	0.0
1593	0.0
1594	0.0
1595	0.0
1596	0.0
1597	0.0
1598	0.0
1599	0.0
16	1.4716
160	0.2218
1600	0.0
1601	0.0
1602	0.0099
1603	0.0099
1604	0.0099
1605	0.0099
1606	0.0099
1607	2.0E-4
1608	0.1004
1609	0.1004
161	0.2129
1610	0.1004
1611	0.1004
1612	0.1004
1613	0.1004
1614	0.0038
1615	0.0038
1616	0.0038
1617	0.0038
1618	0.0038
1619	1.0E-4
162	0.2067
1620	0.1161
1621	0.0879
1622	0.0879
1623	0.0879
1624	0.0879
1625	0.0879
1626	0.0
1627	0.0
1628	0.0
1629	0.0
163	0.2008
1630	0.0
1631	0.0
1632	0.0
1633	0.0
1634	0.0
1635	0.0
1636	0.0
1637	0.0
1638	0.0
1639	0.0
164	0.1224
1640	0.0
1641	0.0
1642	0.0
1643	0.0
1644	0.0
1645	0.0
1646	0.0
1647	0.0
1648	0.0
1649	0.0
165	0.2008
1650	0.0
1651	0.0
1652	0.0
1653	0.0
1654	0.0
1655	0.0
1656	0.0
1657	0.0
1658	0.0
1659	0.0
166	0.2123
1660	0.0
1661	0.0
1662	0.0
1663	0.0
1664	0.0
1665	0.2242
1666	0.3454
1667	0.2242
1668	0.2242
1669	0.0133
167	0.2008
1670	0.0133
1671	0.0157
1672	0.0133
1673	0.0133
1674	0.0133
1675	0.0133
1676	0.0133
1677	0.0133
1678	3.3913
1679	0.0212
168	0.1736
1680	1.0E-4
1681	2.0E-4
1682	2.0E-4
1683	0.001
1684	2.0E-4
1685	2.0E-4
1686	2.0E-4
1687	1.0E-4
1688	8.0E-4
1689	1.0E-4
169	0.1736
1690	1.0E-4
1691	1.0E-4
1692	1.0E-4
1693	1.0E-4
1694	1.0E-4
1695	1.0E-4
1696	1.0E-4
1697	1.0E-4
1698	1.0E-4
1699	1.0E-4
17	0.0037
170	0.1736
1700	1.0E-4
1701	1.0E-4
1702	1.0E-4
1703	1.0E-4
1704	1.0E-4
1705	1.0E-4
1706	1.0E-4
1707	1.0E-4
1708	1.0E-4
1709	1.0E-4
171	0.1742
1710	1.0E-4
1711	1.0E-4
1712	1.0E-4
1713	1.0E-4
1714	1.0E-4
1715	1.0E-4
1716	1.0E-4
1717	1.0E-4
1718	1.0E-4
1719	1.0E-4
172	0.1736
1720	1.0E-4
1721	1.0E-4
1722	1.0E-4
1723	0.0
1724	0.0
1725	0.0
1726	0.0
1727	0.0
1728	0.0
1729	0.0
173	0.1699
1730	0.0
1731	0.0
1732	0.0
1733	0.0
1734	0.0
1735	0.0
1736	0.0
1737	1.0E-4
1738	1.0E-4
1739	1.0E-4
174	0.1297
1740	1.0E-4
1741	0.0
1742	0.0
1743	0.0
1744	0.0
1745	0.0
1746	0.0
1747	0.0
1748	0.0
1749	0.0
175	0.2014
1750	0.0
1751	0.0
1752	0.0
1753	0.0
1754	0.0
1755	0.0
1756	0.0
1757	0.0
1758	0.0
1759	0.0
176	0.2193
1760	3.0E-4
1761	3.0E-4
1762	3.0E-4
1763	3.0E-4
1764	0.0011
1765	0.0011
1766	0.0
1767	0.0
1768	0.0
1769	0.0
177	0.1327
1770	0.0
1771	0.0
1772	0.0
1773	0.0
1774	0.0
1775	0.0
1776	0.0
1777	0.0
1778	0.0
1779	0.0
178	0.0403
1780	0.0
1781	0.0
1782	0.0
1783	0.0
1784	0.0
1785	0.0
1786	0.0
1787	0.0
1788	0.0
1789	1.0E-4
179	0.0718
1790	1.0E-4
1791	0.0
1792	0.0
1793	0.0
1794	0.0
1795	0.0
1796	0.0
1797	0.0
1798	0.0
1799	0.0
18	0.1593
180	0.0672
1800	0.0
1801	0.0
1802	0.0
1803	0.0
1804	0.0
1805	0.0
1806	0.0
1807	0.0
1808	0.0
1809	0.0
181	0.0675
1810	0.0
1811	0.0
1812	0.0
1813	0.0
1814	0.0
1815	0.0
1816	0.0
1817	0.0
1818	6.0E-4
1819	0.0032
182	0.0447
1820	0.0039
1821	0.0043
1822	0.0039
1823	0.0017
1824	0.0017
1825	0.0017
1826	0.0017
1827	0.0017
1828	0.0017
1829	0.0017
183	0.0672
1830	0.0021
1831	0.0028
1832	0.0017
1833	0.0028
1834	0.0028
1835	0.0017
1836	0.0017
1837	8.0E-4
1838	0.0021
1839	0.0021
184	0.068
1840	0.0021
1841	0.0017
1842	0.0016
1843	0.0016
1844	0.0016
1845	0.0016
1846	0.0016
1847	0.0016
1848	0.0016
1849	6.0E-4
185	0.0672
1850	6.0E-4
1851	8.0E-4
1852	6.0E-4
1853	4.0E-4
1854	0.0
1855	0.0
1856	0.0
1857	0.0
1858	0.0
1859	0.0
186	0.0676
1860	3.0E-4
1861	0.0026
1862	0.0026
1863	0.0028
1864	0.0
1865	0.0
1866	0.0
1867	0.0
1868	0.0
1869	0.0
187	0.0675
1870	2.0E-4
1871	0.3662
1872	1.4061
1873	1.543
1874	0.3652
1875	1.8226
1876	1.2212
1877	1.8226
1878	1.8388
1879	0.0706
188	0.0672
1880	0.0706
1881	0.0706
1882	0.0706
1883	1.611
1884	0.0516
1885	0.0516
1886	0.0516
1887	0.0516
1888	0.0516
1889	0.0516
189	0.0816
1890	0.0516
1891	0.0516
1892	0.0516
1893	0.0516
1894	0.0516
1895	0.0516
1896	0.0
1897	0.0
1898	0.0
1899	0.0
19	0.0174
190	0.0019
1900	0.0
1901	0.0
1902	0.0
1903	0.0
1904	0.0
1905	0.0
1906	0.0
1907	0.0
1908	0.0
1909	0.0
191	0.0026
1910	0.0
1911	0.0
1912	0.0
1913	0.0
1914	0.0
1915	0.0
1916	0.0
1917	0.0
1918	0.0
1919	0.0
192	0.1684
1920	0.0
1921	0.0
1922	0.0
1923	0.0
1924	0.0
1925	0.0
1926	0.0
1927	0.0
1928	0.0
1929	0.0
193	1.0886
1930	0.0
1931	0.0
1932	0.0
1933	0.0
1934	0.0
1935	0.0
1936	0.0
1937	0.0
1938	0.0
1939	0.0
194	0.409
1940	0.0
1941	0.0
1942	0.0
1943	0.0
1944	0.0
1945	0.0
1946	0.0
1947	0.0
1948	0.0
1949	0.0
195	0.5579
1950	0.0
1951	0.0
1952	0.0
1953	0.0
1954	0.0
1955	0.0
1956	0.0
1957	0.0
1958	0.0
1959	0.0
196	0.5568
1960	0.0
1961	0.0
1962	0.0
1963	0.0
1964	0.0
1965	0.0
1966	0.0
1967	0.0
1968	0.0
1969	0.0
197	0.3793
1970	0.0
1971	0.0
1972	0.0
1973	0.0
1974	0.0
1975	0.0
1976	0.0
1977	0.0
1978	0.0
1979	0.0
198	0.4652
1980	0.0
1981	0.0
1982	0.0
1983	0.0
1984	0.0
1985	0.0
1986	0.0
1987	0.0
1988	0.0
1989	0.0
199	0.5548
1990	0.0
1991	0.0
1992	0.0
1993	0.0
1994	0.0
1995	1.0063
1996	0.0
1997	0.0
1998	0.0
1999	0.0
2	13.571
20	0.024
200	0.6154
2000	0.0
2001	0.0
2002	0.0
2003	0.0
2004	0.0
2005	0.0
2006	0.0
2007	0.0
2008	0.0
2009	0.0
201	1.1366
2010	0.0
2011	0.0
2012	0.0
2013	0.0
2014	0.0
2015	0.0
2016	0.0
2017	0.0
2018	0.0
2019	0.0
202	1.1632
2020	0.0
2021	0.0
2022	0.0
2023	0.0
2024	0.0
2025	0.0
2026	0.0
2027	0.0
2028	0.0
2029	0.0
203	0.3673
2030	0.0
2031	0.0
2032	0.0
2033	0.0
2034	0.0
2035	0.0
2036	0.0
2037	0.0
2038	0.0
2039	0.0
204	0.5375
2040	0.0
2041	0.0
2042	0.0
2043	0.0
2044	0.0
2045	0.0
2046	0.0
2047	0.0
2048	0.0
2049	0.0
205	0.4308
2050	0.0
2051	0.0
2052	0.0
2053	0.0
2054	0.0
2055	0.0
2056	0.0
2057	0.0
2058	0.0
2059	0.0
206	0.3568
2060	0.0
2061	0.0
2062	0.0
2063	0.0
2064	0.0
2065	0.0
2066	0.0
2067	0.0
2068	0.0
2069	0.0
207	0.0015
2070	0.0
2071	0.0
2072	0.0
2073	0.0
2074	0.0
2075	0.0
2076	0.0
2077	0.0
2078	0.0
2079	0.0
208	0.0016
2080	0.0017
2081	0.0013
2082	0.0017
2083	0.0013
2084	0.0011
2085	0.0013
2086	3.0E-4
2087	3.0E-4
2088	3.0E-4
2089	3.0E-4
209	0.0039
2090	0.0011
2091	3.0E-4
2092	3.0E-4
2093	0.001
2094	0.001
2095	3.0E-4
2096	0.0011
2097	7.0E-4
2098	0.0041
2099	8.0E-4
21	0.0168
210	0.0033
2100	3.388
2101	0.0211
2102	0.0
2103	0.1386
2104	0.0
2105	0.0
2106	0.0
2107	4.0E-4
2108	4.0E-4
2109	4.0E-4
211	0.1184
2110	4.0E-4
2111	4.0E-4
2112	4.0E-4
2113	4.0E-4
2114	4.0E-4
2115	5.0E-4
2116	4.0E-4
2117	4.0E-4
2118	4.0E-4
2119	4.0E-4
212	0.6748
2120	4.0E-4
2121	4.0E-4
2122	4.0E-4
2123	4.0E-4
2124	4.0E-4
2125	0.0035
2126	0.0035
2127	0.0022
2128	0.0034
2129	0.0022
213	0.6818
2130	0.0022
2131	0.0022
2132	0.0014
2133	0.0014
2134	0.0014
2135	0.0014
2136	0.0014
2137	0.0036
2138	0.0036
2139	0.0041
214	0.6804
2140	0.0036
2141	0.0036
2142	0.0036
2143	0.0036
2144	0.4414
2145	0.5227
2146	0.4286
2147	0.4286
2148	0.4414
2149	4.0E-4
215	0.6705
2150	4.0E-4
2151	4.0E-4
2152	4.0E-4
2153	4.0E-4
2154	4.0E-4
2155	4.0E-4
2156	4.0E-4
2157	4.0E-4
2158	4.0E-4
2159	7.0E-4
216	0.6792
2160	7.0E-4
2161	7.0E-4
2162	7.0E-4
2163	7.0E-4
2164	7.0E-4
2165	7.0E-4
2166	7.0E-4
2167	5.0E-4
2168	5.0E-4
2169	5.0E-4
217	0.6793
2170	5.0E-4
2171	0.0159
2172	0.1959
2173	5.0E-4
2174	5.0E-4
2175	5.0E-4
2176	5.0E-4
2177	5.0E-4
2178	5.0E-4
2179	5.0E-4
218	0.4495
2180	4.0E-4
2181	4.0E-4
2182	4.0E-4
2183	4.0E-4
2184	4.0E-4
2185	4.0E-4
2186	4.0E-4
2187	4.0E-4
2188	4.0E-4
2189	4.0E-4
219	0.1236
2190	4.0E-4
2191	4.0E-4
2192	4.0E-4
2193	0.7835
2194	0.7673
2195	0.7673
2196	0.7835
2197	0.7835
2198	0.7342
2199	0.0219
22	0.0034
220	0.1311
2200	0.0219
2201	0.0219
2202	0.0219
2203	0.0219
2204	0.0219
2205	0.0219
2206	0.0219
2207	0.0219
2208	0.0219
2209	7.0E-4
221	0.004
2210	0.0
2211	0.0
2212	1.0E-4
2213	0.0
2214	0.0
2215	0.0
2216	0.0
2217	0.0
2218	0.0
2219	0.0
222	0.004
2220	0.0
2221	0.0
2222	1.0E-4
2223	0.0
2224	0.0
2225	0.0
2226	0.0
2227	0.0
2228	0.0
2229	0.0
223	2.0E-4
2230	0.0
2231	0.0
2232	0.0
2233	0.0
2234	0.0
2235	0.0
2236	1.0E-4
2237	0.0
2238	0.0
2239	0.0
224	0.9776
2240	0.0
2241	0.0
2242	0.0
2243	0.0
2244	0.0
2245	0.0
2246	0.0
2247	0.0
2248	0.0
2249	0.0
225	0.001
2250	0.0
2251	0.0
2252	0.0
2253	0.0
2254	0.0
2255	0.0
2256	0.0
2257	0.0
2258	1.0E-4
2259	0.0
226	0.0011
2260	0.0
2261	0.0
2262	0.0
2263	0.0
2264	0.0
2265	0.0
2266	0.0
2267	0.0
2268	1.0E-4
2269	0.0
227	9.0E-4
2270	0.0
2271	0.0
2272	0.0
2273	0.0
2274	0.0
2275	0.0
2276	0.0
2277	0.0
2278	0.0
2279	0.0
228	0.001
2280	0.0
2281	0.0
2282	1.0E-4
2283	1.0E-4
2284	0.0
2285	0.0
2286	0.0
2287	0.0
2288	0.0
2289	0.0
229	0.0017
2290	1.0E-4
2291	0.0
2292	0.0
2293	0.0
2294	0.0
2295	0.0
2296	0.0
2297	0.0
2298	0.0
2299	0.0
23	0.0364
230	0.001
2300	0.0
2301	0.0
2302	0.0
2303	0.0
2304	0.0
2305	0.0
2306	0.0
2307	0.0
2308	0.0
2309	0.0
231	0.1237
2310	0.0
2311	0.0
2312	0.0
2313	0.0
2314	0.0
2315	0.0
2316	0.0
2317	0.0
2318	0.0
2319	0.0
232	0.0948
2320	0.0
2321	0.0
2322	0.0
2323	0.0
2324	0.0
2325	0.0
2326	0.0
2327	0.0
2328	0.0
2329	0.0
233	0.0948
2330	0.0
2331	0.0
2332	0.0
2333	0.0
2334	0.0
2335	0.0
2336	0.0
2337	0.0
2338	0.0
2339	0.0
234	0.0948
2340	0.0
2341	0.0
2342	0.0
2343	0.0
2344	0.0
2345	0.0
2346	0.0
2347	0.0
2348	0.0
2349	0.0
235	0.1496
2350	0.0
2351	0.0
2352	0.0
2353	0.0
2354	0.0
2355	0.0
2356	0.0
2357	0.0
2358	0.0
2359	0.0
236	0.1605
2360	0.0
2361	0.0
2362	6.0E-4
2363	0.0973
2364	0.0
2365	0.0
2366	0.0
2367	0.0
2368	0.0
2369	0.0
237	0.0948
2370	0.0
2371	0.0
2372	0.0
2373	0.0
2374	0.0
2375	0.0
2376	0.0
2377	0.0
2378	0.0
2379	0.0
238	0.0948
2380	0.0
2381	0.0
2382	0.0
2383	0.0
2384	0.0
2385	0.0
2386	0.0
2387	0.0
2388	0.0
2389	0.0
239	0.0948
2390	0.0
2391	0.0
2392	0.0
2393	0.0
2394	0.0
2395	0.0
2396	0.0
2397	0.0
2398	0.0
2399	0.0
24	0.0037
240	0.1541
2400	0.0
2401	0.0
2402	2.0E-4
2403	0.0
2404	0.0
2405	0.0
2406	0.0
2407	0.0
2408	0.0
2409	0.0
241	0.0985
2410	0.0
2411	0.0
2412	0.0
2413	0.0
2414	0.0
2415	0.0
2416	0.0
2417	0.0
2418	0.0
2419	0.0
242	0.1424
2420	0.0
2421	0.0
2422	0.0
2423	0.0
2424	0.0
2425	0.0
2426	0.0
2427	0.0
2428	0.0
2429	0.0
243	0.0948
2430	0.0
2431	0.0
2432	0.0
2433	0.0
2434	0.0
2435	0.0
2436	0.0
2437	0.0
2438	0.0
2439	0.0
244	0.1411
2440	0.0
2441	0.0
2442	0.0
2443	0.0
2444	0.0
2445	0.0
2446	0.0
2447	0.0
2448	0.0
2449	0.0
245	0.1411
2450	0.0
2451	0.0
2452	0.0084
2453	0.0051
2454	0.0051
2455	0.0021
2456	0.0051
2457	0.0054
2458	0.0051
2459	0.0021
246	0.1289
2460	0.0011
2461	0.0011
2462	0.0011
2463	0.0011
2464	0.0011
2465	0.0011
2466	0.0011
2467	0.0011
2468	0.0011
2469	0.0011
247	0.0948
2470	0.0011
2471	0.0011
2472	0.0011
2473	0.0011
2474	0.0011
2475	0.0011
2476	0.0011
2477	0.0011
2478	0.0011
2479	0.0011
248	0.2016
2480	0.0011
2481	0.0011
2482	0.006
2483	0.0033
2484	0.0033
2485	0.0119
2486	0.0119
2487	0.0012
2488	0.0012
2489	0.0012
249	0.6037
2490	0.0012
2491	0.0012
2492	0.0012
2493	0.0012
2494	0.0012
2495	0.0012
2496	0.0012
2497	0.0012
2498	0.0012
2499	0.0012
25	0.0034
250	0.1253
2500	0.0012
2501	0.0012
2502	0.0012
2503	0.0012
2504	0.0012
2505	0.0012
2506	0.0012
2507	0.0012
2508	0.0012
2509	0.0012
251	0.131
2510	0.0
2511	0.0
2512	0.0
2513	0.0
2514	0.0
2515	0.0
2516	0.0
2517	0.0
2518	0.0
2519	0.0
252	0.3129
2520	0.0
2521	0.0
2522	0.0
2523	0.0
2524	0.0
2525	0.0
2526	0.0
2527	0.0
2528	0.0
2529	0.0
253	0.1005
2530	0.0
2531	0.0
2532	0.0
2533	0.0
2534	0.0
2535	2.0E-4
2536	0.0899
2537	0.1967
2538	0.1967
2539	0.0899
254	0.1789
2540	3.0E-4
2541	3.0E-4
2542	3.0E-4
2543	3.0E-4
2544	1.0E-4
2545	1.0E-4
2546	1.0E-4
2547	2.0E-4
2548	2.0E-4
2549	2.0E-4
255	0.2303
2550	2.0E-4
2551	0.2578
2552	0.2578
2553	0.2578
2554	0.2578
2555	0.0
2556	0.0
2557	0.0
2558	0.0
2559	0.0
256	0.213
2560	0.0
2561	0.0
2562	0.0
2563	2.0E-4
2564	0.0
2565	0.0
2566	0.0
2567	0.0
2568	0.0
2569	0.0
257	0.266
2570	0.0
2571	0.0
2572	0.0
2573	0.0
2574	0.0
2575	0.0
2576	0.0
2577	0.0
2578	0.0
2579	0.0
258	0.6075
2580	0.0
2581	0.0
2582	0.0
2583	0.0
2584	0.0
2585	0.0
2586	0.0
2587	0.0
2588	9.0E-4
2589	2.0E-4
259	0.6075
2590	2.0E-4
2591	2.0E-4
2592	2.0E-4
2593	2.0E-4
2594	2.0E-4
2595	2.0E-4
2596	2.0E-4
2597	2.0E-4
2598	6.0E-4
2599	0.0
26	0.5944
260	0.6075
2600	0.0
2601	0.0
2602	0.0
2603	0.0
2604	0.0
2605	0.0
2606	0.0
2607	0.0
2608	0.0
2609	0.0
261	0.0561
2610	0.0
2611	0.0
2612	0.0
2613	0.0
2614	0.0
2615	0.0
2616	0.0
2617	0.0
2618	0.0
2619	0.0
262	0.0614
2620	0.0
2621	0.0
2622	0.0
2623	0.0
2624	0.0
2625	0.0
2626	0.0
2627	0.0
2628	0.0
2629	0.0
263	0.0583
2630	0.0
2631	0.0
2632	0.0
2633	0.0
2634	0.0
2635	0.0
2636	0.0
2637	0.0
2638	0.0
2639	0.0
264	0.0657
2640	0.0
2641	0.0
2642	0.0
2643	0.0
2644	0.0
2645	0.0
2646	0.0
2647	0.0
2648	0.0
2649	0.0
265	0.0594
2650	0.0
2651	0.0
2652	0.0
2653	0.0
2654	0.0
2655	0.0
2656	0.0
2657	0.0
2658	0.0
2659	0.0
266	0.0589
2660	0.0
2661	0.0
2662	0.0
2663	0.0
2664	0.0
2665	0.0
2666	0.0
2667	0.0
2668	0.0
2669	0.0
267	0.0634
2670	0.0
2671	1.0698
2672	1.0698
2673	1.0698
2674	1.0698
2675	1.0698
2676	1.0E-4
2677	0.0
2678	0.0
2679	0.0
268	0.0621
2680	0.0
2681	0.0
2682	0.0
2683	0.0
2684	0.0
2685	0.0
2686	0.0
2687	0.0
2688	0.0
2689	0.0
269	0.0583
2690	0.0
2691	0.0
2692	0.0
2693	0.0
2694	0.0
2695	0.0
2696	0.0
2697	0.0
2698	0.0
2699	0.0
27	7.9089
270	0.0646
2700	0.0
2701	0.0
2702	0.0
2703	0.0
2704	0.0
2705	0.0
2706	0.0
2707	0.0
2708	0.0
2709	0.0
271	0.0546
2710	0.0
2711	0.0
2712	0.0
2713	0.0
2714	0.0
2715	0.0
2716	0.0
2717	0.0
2718	0.0
2719	0.0
272	0.0627
2720	0.0
2721	0.0
2722	0.0
2723	0.0
2724	0.0
2725	0.0
2726	0.0
2727	0.0
2728	0.0
2729	0.0
273	0.0588
2730	0.0
2731	0.0
2732	0.0
2733	0.0
2734	0.0
2735	0.1211
2736	0.0
2737	0.0012
2738	0.0012
2739	0.0012
274	0.0552
2740	0.0012
2741	0.0012
2742	0.0012
2743	0.0012
2744	0.0012
2745	0.0012
2746	0.0012
2747	0.0012
2748	0.0
2749	0.0
275	0.061
2750	0.0
2751	0.0
2752	0.0
2753	0.0084
2754	1.0E-4
2755	1.0E-4
2756	1.0E-4
2757	1.0E-4
2758	1.0E-4
2759	1.0E-4
276	0.0685
2760	1.0E-4
2761	1.0E-4
2762	1.0E-4
2763	0.0016
2764	0.0016
2765	0.0016
2766	0.0016
2767	0.0016
2768	0.0016
2769	0.0016
277	0.0598
2770	0.0016
2771	0.0522
2772	0.0522
2773	0.0522
2774	0.0522
2775	0.0522
2776	0.0522
2777	0.0522
2778	0.0522
2779	0.0522
278	0.0638
2780	0.0522
2781	0.0522
2782	0.0522
2783	0.0
2784	1.0E-4
2785	1.0E-4
2786	4.0E-4
2787	0.0015
2788	0.0015
2789	0.0
279	0.0587
2790	0.0
2791	0.0
2792	0.0
2793	0.0
2794	0.0
2795	0.0
2796	0.0
2797	1.0E-4
2798	7.0E-4
2799	0.0
28	6.0102
280	0.0809
2800	0.0
2801	0.0
2802	0.0
2803	0.0
2804	0.0
2805	0.0
2806	0.0
2807	0.0
2808	0.0
2809	0.0
281	0.0588
2810	0.0
2811	0.0
2812	0.0
2813	0.0
2814	0.0
2815	0.0
2816	0.0
2817	0.0
2818	0.0
2819	0.0
282	0.0605
2820	0.0
2821	0.0
2822	0.0
2823	0.0
2824	0.0
2825	0.0
2826	0.0
2827	0.0
2828	0.0
2829	0.0
283	0.0589
2830	0.0
2831	0.0
2832	0.0
2833	0.0
2834	0.0
2835	0.0
2836	0.0
2837	0.0
2838	0.0
2839	0.0
284	0.0596
2840	0.0
2841	0.0
2842	0.0
2843	0.0
2844	0.0
2845	0.0
2846	0.0
2847	0.0
2848	0.0
2849	0.0
285	0.059
2850	0.0
2851	0.0
2852	0.0
2853	0.0
2854	0.0
2855	0.0
2856	0.0
2857	0.0
2858	0.0
2859	0.0
286	0.0583
2860	0.0
2861	0.0
2862	0.0
2863	0.0
2864	0.0
2865	0.0
2866	0.0
2867	0.0
2868	0.0
2869	0.0
287	0.0583
2870	0.0
2871	0.0
2872	0.0
2873	0.0
2874	0.0
2875	0.0
2876	0.0
2877	0.0
2878	0.0
2879	0.0
288	0.0599
2880	0.0
2881	0.0
2882	0.0
2883	0.0
2884	0.0
2885	0.0
2886	0.0
2887	0.0
2888	0.0
2889	0.0
289	0.0589
2890	0.0
2891	0.0
2892	0.0
2893	0.0
2894	0.0
2895	0.0
2896	0.0
2897	0.0
2898	0.0
2899	0.0
29	6.1201
290	0.0593
2900	0.0
2901	0.0
2902	0.0
2903	0.0
2904	0.0
2905	0.0
2906	0.0
2907	0.0
2908	0.0
2909	0.0
291	0.0605
2910	0.0
2911	0.0
2912	0.0
2913	0.0
2914	0.0
2915	0.0
2916	0.0
2917	0.0
2918	0.0
2919	0.0
292	0.06
2920	0.0
2921	0.0
2922	0.0
2923	0.0
2924	0.0
2925	0.0
2926	0.0
2927	0.0
2928	0.0
2929	0.0
293	0.0593
2930	0.0
2931	0.0
2932	0.0
2933	0.0
2934	0.0
2935	0.0
2936	0.0
2937	0.0
2938	0.0
2939	0.0
294	0.0873
2940	0.0
2941	0.0
2942	0.0
2943	0.0
2944	0.0
2945	0.0
2946	0.0
2947	0.0
2948	0.0
2949	0.0
295	0.0875
2950	0.0
2951	0.0
2952	0.0
2953	0.0
2954	0.0
2955	0.0
2956	0.0
2957	0.0
2958	0.0
2959	0.0
296	0.0871
2960	0.0
2961	0.0
2962	0.0
2963	0.0
2964	0.0
2965	0.0
2966	0.0
2967	0.0
2968	0.0
2969	0.0
297	0.0906
2970	0.0
2971	0.0
2972	0.0
2973	0.0
2974	0.0
2975	0.0
2976	0.0
2977	0.0
2978	0.0
2979	0.0
298	0.0908
2980	0.0
2981	0.0
2982	0.0
2983	0.0039
2984	4.0E-4
2985	4.0E-4
2986	4.0E-4
2987	4.0E-4
2988	4.0E-4
2989	4.0E-4
299	0.0871
2990	6.0E-4
2991	4.0E-4
2992	4.0E-4
2993	4.0E-4
2994	2.0E-4
2995	4.0E-4
2996	4.0E-4
2997	4.0E-4
2998	2.0E-4
2999	1.0E-4
3	0.0062
30	1.5929
300	0.3306
3000	1.0E-4
3001	1.0E-4
3002	1.0E-4
3003	1.0E-4
3004	1.0E-4
3005	1.0E-4
3006	1.0E-4
3007	1.0E-4
3008	1.0E-4
3009	1.0E-4
301	0.0871
3010	1.0E-4
3011	1.0E-4
3012	1.0E-4
3013	1.0E-4
3014	1.0E-4
3015	1.0E-4
3016	1.0E-4
3017	1.0E-4
3018	1.0E-4
3019	1.0E-4
302	0.2219
3020	1.0E-4
3021	1.0E-4
3022	1.0E-4
3023	1.0E-4
3024	1.0E-4
3025	1.0E-4
3026	4.0E-4
3027	4.0E-4
3028	2.0E-4
3029	2.0E-4
303	0.2761
3030	9.0E-4
3031	9.0E-4
3032	1.0E-4
3033	1.0E-4
3034	1.0E-4
3035	1.0E-4
3036	1.0E-4
3037	1.0E-4
3038	1.0E-4
3039	1.0E-4
304	0.0037
3040	1.0E-4
3041	1.0E-4
3042	1.0E-4
3043	1.0E-4
3044	1.0E-4
3045	1.0E-4
3046	1.0E-4
3047	1.0E-4
3048	1.0E-4
3049	1.0E-4
305	0.0088
3050	1.0E-4
3051	1.0E-4
3052	1.0E-4
3053	1.0E-4
3054	1.0E-4
3055	9.0E-4
3056	7.0E-4
3057	9.0E-4
3058	7.0E-4
3059	1.0E-4
306	0.0091
3060	1.0E-4
3061	1.0E-4
3062	1.0E-4
3063	1.0E-4
3064	1.0E-4
3065	6.0E-4
3066	6.0E-4
3067	1.0E-4
3068	4.0E-4
3069	2.0E-4
307	0.0099
3070	2.0E-4
3071	2.0E-4
3072	1.0E-4
3073	1.0E-4
3074	1.0E-4
3075	1.0E-4
3076	1.0E-4
3077	1.0E-4
3078	2.0E-4
3079	2.0E-4
308	0.0049
3080	2.0E-4
3081	2.0E-4
3082	2.0E-4
3083	2.0E-4
3084	2.0E-4
3085	2.0E-4
3086	2.0E-4
3087	2.0E-4
3088	0.3413
3089	1.341
309	0.5158
3090	0.1185
3091	0.1185
3092	0.1185
3093	0.1185
3094	0.1208
3095	0.2397
3096	0.1185
3097	0.1309
3098	0.2102
3099	0.196
31	0.9111
310	0.4335
3100	0.196
3101	0.196
3102	0.1313
3103	0.1313
3104	0.1455
3105	0.196
3106	0.196
3107	0.2
3108	0.196
3109	0.2465
311	0.4353
3110	0.196
3111	0.6774
3112	0.1834
3113	0.1833
3114	0.0311
3115	0.0351
3116	0.0311
3117	0.0369
3118	0.0311
3119	0.1733
312	0.4558
3120	0.1975
3121	0.0
3122	0.0
3123	0.0
3124	0.0
3125	0.0
3126	0.0
3127	0.0
3128	0.0
3129	1.0018
313	0.4335
3130	3.0E-4
3131	3.0E-4
3132	3.0E-4
3133	3.0E-4
3134	3.0E-4
3135	3.0E-4
3136	3.0E-4
3137	3.0E-4
3138	3.0E-4
3139	9.0E-4
314	0.4335
3140	0.0514
3141	0.0514
3142	0.0514
3143	0.0514
3144	0.0514
3145	0.0514
3146	0.0514
3147	0.0514
3148	0.0514
3149	0.0514
315	0.4335
3150	0.0514
3151	0.0514
3152	4.0E-4
3153	1.0E-4
3154	1.0E-4
3155	1.0E-4
3156	0.0015
3157	3.0E-4
3158	2.0E-4
3159	3.0E-4
316	0.4335
3160	2.0E-4
3161	3.0E-4
3162	2.0E-4
3163	0.0701
3164	0.009
3165	2.0E-4
3166	2.0E-4
3167	9.0E-4
3168	9.0E-4
3169	0.0027
317	0.4335
3170	0.0773
3171	0.0785
3172	0.0785
3173	0.0773
3174	2.0E-4
3175	2.0E-4
3176	2.0E-4
3177	0.0154
3178	0.0154
3179	0.0154
318	0.4335
3180	0.0176
3181	0.18
3182	2.7636
3183	0.0226
3184	1.4435
3185	0.0154
3186	5.3256
3187	0.0209
3188	3.7639
3189	0.6274
319	0.4335
3190	0.6274
3191	0.0178
3192	0.0154
3193	0.0154
3194	0.0154
3195	0.0154
3196	0.228
3197	0.0
3198	0.0
3199	0.0
32	1.4509
320	0.5242
3200	0.0
3201	0.0
3202	0.0
3203	0.0
3204	0.0
3205	0.0
3206	0.0
3207	0.0
3208	0.0
3209	0.0
321	0.0494
3210	0.0
3211	0.0
3212	0.0
3213	0.0
3214	0.0
3215	0.0
3216	0.0
3217	0.0
3218	0.0
3219	0.0
322	0.0496
3220	8.8876
3221	6.8211
3222	2.0116
3223	4.7557
3224	7.5094
3225	3.6098
3226	6.1321
3227	11.8761
3228	5.4439
3229	3.1522
323	0.0496
3230	0.0
3231	0.0
3232	0.0
3233	0.0
3234	0.0
3235	0.0
3236	0.0
3237	0.0
3238	1.0E-4
3239	0.0
324	0.0671
3240	0.0
3241	0.0
3242	0.0
3243	0.0
3244	0.0
3245	0.0
3246	0.0
3247	0.0
3248	0.0
3249	0.0
325	0.012
3250	0.0
3251	0.0
3252	0.0
3253	0.0
3254	0.0
3255	0.0
3256	0.0
3257	0.0
3258	0.0
3259	0.0
326	0.012
3260	0.0
3261	0.0
3262	0.0
3263	0.0
3264	0.0
3265	0.0
3266	0.0
3267	0.0
3268	0.0
3269	0.0
327	0.012
3270	0.0
3271	0.0
3272	0.0
3273	0.0
3274	3.6371
3275	0.0
3276	0.0
3277	0.0
3278	0.0
3279	0.0
328	0.012
3280	0.0
3281	0.0
3282	0.0
3283	0.0
3284	0.0
3285	0.0
3286	0.0
3287	0.0
3288	0.0
3289	0.0
329	0.012
3290	0.0
3291	0.0
3292	0.0
3293	0.0
3294	0.0
3295	0.0
3296	0.0
3297	0.0
3298	0.0
3299	0.0
33	1.7834
330	0.012
3300	0.0014
3301	0.0014
3302	0.0014
3303	5.0E-4
3304	5.0E-4
3305	5.0E-4
3306	5.0E-4
3307	5.0E-4
3308	5.0E-4
3309	5.0E-4
331	0.0431
3310	5.0E-4
3311	5.0E-4
3312	5.0E-4
3313	3.0E-4
3314	3.0E-4
3315	3.0E-4
3316	3.0E-4
3317	3.0E-4
3318	3.0E-4
3319	4.0E-4
332	0.0476
3320	4.0E-4
3321	4.0E-4
3322	0.0122
3323	0.0122
3324	0.0122
3325	0.0122
3326	0.0122
3327	0.0122
3328	0.0122
3329	0.0
333	0.0037
3330	0.0
3331	0.0
3332	0.0
3333	0.0
3334	0.0
3335	0.0
3336	0.0
3337	0.0
3338	0.0
3339	0.0
334	0.0836
3340	0.0
3341	0.0
3342	0.0
3343	0.0
3344	0.0
3345	0.0
3346	0.0
3347	0.0
3348	0.0
3349	0.0
335	0.0836
3350	0.0
3351	1.0E-4
3352	1.0E-4
3353	1.0E-4
3354	1.0E-4
3355	1.0E-4
3356	0.0
3357	0.0
3358	0.0
3359	0.0
336	0.0836
3360	0.0
3361	0.0
3362	0.0
3363	0.0
3364	0.0
3365	0.0
3366	0.0
3367	0.0
3368	0.0
3369	0.0
337	0.3235
3370	0.0
3371	0.0
3372	0.0
3373	0.0
3374	0.0
3375	0.0
3376	0.0
3377	0.0
3378	0.0
3379	0.0
338	0.3235
3380	0.0
3381	0.0
3382	0.0
3383	0.0
3384	0.0
3385	0.0
3386	0.0
3387	0.0
3388	0.0
3389	0.0
339	0.3235
3390	0.0
3391	0.0
3392	0.0
3393	0.0
3394	0.0
3395	0.0
3396	0.0
3397	0.0
3398	0.0
3399	0.0
34	0.8894
340	0.001
3400	0.0
3401	0.0
3402	0.0
3403	0.0
3404	0.0
3405	0.0
3406	0.0
3407	0.0
3408	0.0
3409	0.0
341	0.0051
3410	0.0
3411	0.0
3412	0.0
3413	0.0
3414	0.0
3415	0.0
3416	0.0
3417	0.0
3418	0.0
3419	0.0
342	2.0E-4
3420	0.0
3421	0.0
3422	0.0
3423	0.0
3424	0.0
3425	0.0
3426	0.0
3427	0.0
3428	0.0
3429	0.0
343	2.0E-4
3430	0.0
3431	0.0
3432	0.0
3433	0.0
3434	0.0
3435	0.0
3436	0.0
3437	0.0
3438	0.0
3439	0.0
344	0.003
3440	0.0
3441	0.0
3442	0.0
3443	0.0
3444	0.0
3445	0.0
3446	0.0
3447	0.0
3448	0.0
3449	0.0
345	1.0E-4
3450	0.0
3451	0.0
3452	0.0
3453	0.0
3454	0.0
3455	0.0
3456	0.0
3457	0.0
3458	0.0
3459	0.0
346	2.0E-4
3460	0.0
3461	0.0
3462	0.0
3463	0.0
3464	0.0
3465	0.0
3466	0.0
3467	0.0
3468	0.0
3469	0.0
347	2.0E-4
3470	0.0
3471	0.0
3472	0.0
3473	0.0
3474	0.0
3475	0.0
3476	0.0
3477	0.0
3478	0.0
3479	1.0698
348	3.0E-4
3480	1.0698
3481	1.0698
3482	1.0698
3483	1.0698
3484	1.0698
3485	1.0698
3486	1.0698
3487	1.0698
3488	1.0698
3489	0.0
349	2.0E-4
3490	0.0
3491	0.0
3492	0.0
3493	0.0
3494	0.0
3495	0.0
3496	0.0
3497	0.0
3498	0.0
3499	0.0
35	1.0215
350	1.0E-4
3500	0.0
3501	0.0
3502	0.0
3503	0.0
3504	0.0
3505	0.0
3506	0.0
3507	0.0
3508	0.0
3509	0.0
351	2.0E-4
3510	0.0
3511	0.0046
3512	0.1981
3513	1.0E-4
3514	2.0157
3515	6.0E-4
3516	6.0E-4
3517	1.0E-4
3518	1.0E-4
3519	1.0E-4
352	1.0E-4
3520	0.0
3521	0.0
3522	0.0
3523	0.0
3524	0.0
3525	0.0
3526	0.0
3527	0.0
3528	0.0
3529	0.0
353	1.0E-4
3530	0.0
3531	0.0
3532	0.0
3533	0.0
3534	0.0
3535	0.0
3536	0.0
3537	0.0
3538	0.0
3539	0.0
354	1.0E-4
3540	0.0
3541	0.0
3542	0.0
3543	0.0
3544	0.0
3545	0.0
3546	0.0
3547	0.0
3548	0.0
3549	0.0
355	1.0E-4
3550	0.0
3551	0.0
3552	0.0
3553	0.0
3554	0.0
3555	0.0
3556	0.0
3557	0.0
3558	0.0
3559	0.0
356	1.0363
3560	0.0
3561	0.0
3562	0.0
3563	0.0
3564	0.0
3565	0.0
3566	0.0
3567	0.0
3568	0.0
3569	0.0
357	0.9429
3570	0.0
3571	0.0
3572	0.0
3573	0.0
3574	0.0
3575	0.0
3576	0.0
3577	0.0
3578	0.0
3579	0.0
358	0.236
3580	0.0
3581	0.0
3582	0.0
3583	5.0E-4
3584	0.5576
3585	0.6432
3586	0.8457
3587	0.6432
3588	0.0144
3589	0.0144
359	0.3627
3590	0.0191
3591	0.0258
3592	0.0258
3593	0.0258
3594	0.0323
3595	0.0323
3596	0.0323
3597	0.0205
3598	0.0323
3599	0.0323
36	2.329
360	0.236
3600	0.5389
3601	0.0216
3602	0.139
3603	0.0301
3604	0.0309
3605	0.1054
3606	0.1054
3607	0.0065
3608	0.016
3609	0.0065
361	0.236
3610	0.016
3611	0.0098
3612	0.0098
3613	0.0798
3614	0.016
3615	0.0538
3616	0.0703
3617	0.0132
3618	0.0132
3619	0.0132
362	1.0858
3620	0.0132
3621	0.0132
3622	0.0132
3623	0.0132
3624	0.0297
3625	0.0132
3626	0.0264
3627	0.0166
3628	0.0166
3629	0.0166
363	0.0067
3630	0.0166
3631	0.0166
3632	0.0166
3633	0.0166
3634	0.0211
3635	0.0211
3636	0.0211
3637	0.0334
3638	0.0076
3639	0.0076
364	0.0067
3640	0.0076
3641	0.0076
3642	0.0076
3643	2.1705
3644	2.1705
3645	2.0351
3646	2.0351
3647	2.0351
3648	2.0351
3649	0.0036
365	0.012
3650	0.0036
3651	0.0036
3652	0.0036
3653	0.0036
3654	0.0036
3655	0.0036
3656	0.0036
3657	0.0036
3658	0.0036
3659	0.0139
366	0.0067
3660	0.0067
3661	0.0067
3662	0.0067
3663	0.0067
3664	0.0586
3665	0.0
3666	0.0
3667	0.0
3668	0.0
3669	0.0
367	0.0067
3670	0.0
3671	0.0
3672	0.0
3673	0.0
3674	0.0
3675	0.0
3676	0.0
3677	0.0
3678	0.0
3679	0.0
368	0.0067
3680	0.0
3681	0.0
3682	0.0
3683	0.0
3684	0.0
3685	0.0
3686	0.0
3687	0.0
3688	0.0
3689	0.0
369	0.6844
3690	0.0
3691	0.0
3692	0.0
3693	0.0
3694	0.0
3695	0.0
3696	0.0
3697	0.0
3698	0.0
3699	0.0
37	11.1274
370	2.0E-4
3700	0.0
3701	0.0
3702	0.1979
3703	2.0E-4
3704	3.0E-4
3705	0.0012
3706	7.0E-4
3707	3.0E-4
3708	3.0E-4
3709	2.0E-4
371	4.0E-4
3710	1.0E-4
3711	3.0E-4
3712	1.0E-4
3713	2.0E-4
3714	2.0E-4
3715	2.0E-4
3716	1.0E-4
3717	1.0E-4
3718	1.0E-4
3719	1.0E-4
372	2.0E-4
3720	1.0E-4
3721	1.0E-4
3722	1.0E-4
3723	1.0E-4
3724	1.0E-4
3725	1.0E-4
3726	1.0E-4
3727	1.0E-4
3728	1.0E-4
3729	7.2591
373	2.0E-4
3730	1.0E-4
3731	1.0E-4
3732	1.0E-4
3733	0.0153
3734	0.0636
3735	0.0163
3736	0.0153
3737	0.001
3738	0.0031
3739	0.0035
374	2.0E-4
3740	0.0077
3741	0.002
3742	5.7455
3743	0.001
3744	0.001
3745	0.001
3746	0.001
3747	0.001
3748	4.0E-4
3749	5.0E-4
375	2.0E-4
3750	4.0E-4
3751	0.0013
3752	0.0013
3753	0.0013
3754	0.0013
3755	0.0013
3756	0.0013
3757	0.0013
3758	0.0013
3759	0.0051
376	2.0E-4
3760	0.0051
3761	0.0051
3762	0.0237
3763	0.0237
3764	0.0237
3765	0.0237
3766	1.1999
3767	1.1999
3768	0.0021
3769	0.0021
377	2.0E-4
3770	0.0021
3771	0.0021
3772	0.0021
3773	1.4299
3774	1.43
3775	1.4299
3776	1.4299
3777	0.0029
3778	0.0029
3779	0.0029
378	2.0E-4
3780	0.0029
3781	0.6699
3782	0.8859
3783	0.6699
3784	0.6699
3785	0.6699
3786	0.6699
3787	0.0024
3788	0.0033
3789	0.7998
379	2.0E-4
3790	0.7998
3791	0.7998
3792	0.0759
3793	0.0759
3794	0.0759
3795	0.0759
3796	0.0759
3797	0.0759
3798	0.0759
3799	0.0759
38	10.2636
380	1.0E-4
3800	0.0
3801	0.0
3802	0.0
3803	0.0
3804	0.0
3805	0.0
3806	0.0
3807	0.0
3808	3.6371
3809	0.0
381	1.0E-4
3810	0.0
3811	0.0
3812	0.0
3813	0.0
3814	0.0
3815	0.0
3816	0.0
3817	0.0
3818	0.0
3819	0.0
382	0.0082
3820	0.0
3821	0.0
3822	0.0
3823	0.0
3824	0.0
3825	0.0
3826	0.0
3827	0.0
3828	0.0
3829	0.0
383	0.0082
3830	0.0
3831	0.0
3832	0.0
3833	0.0
3834	10.3658
3835	4.9605
3836	1.939
3837	0.8304
3838	0.5096
3839	0.4149
384	0.0158
3840	0.3861
3841	0.3776
3842	0.3749
3843	0.3741
3844	0.3738
3845	0.3738
3846	0.3737
3847	0.3737
3848	0.3737
3849	0.3737
385	0.0158
3850	0.3737
3851	0.3737
3852	0.3737
3853	0.3737
3854	0.3737
3855	0.3737
3856	0.3737
3857	0.3737
3858	0.3737
3859	0.3737
386	0.0158
3860	0.3737
3861	0.3737
3862	0.3737
3863	0.3738
3864	0.3738
3865	0.374
3866	0.3747
3867	0.377
3868	0.3849
3869	0.4141
387	0.0348
3870	0.5271
3871	1.0098
3872	2.7432
3873	7.9099
3874	0.2174
3875	8.0009
3876	3.8967
3877	1.5778
3878	0.7214
3879	0.4733
388	0.0093
3880	0.4
3881	0.3777
3882	0.3711
3883	0.369
3884	0.3684
3885	0.3682
3886	0.3681
3887	0.3681
3888	0.3681
3889	0.3681
389	0.0189
3890	0.3681
3891	0.3681
3892	0.3681
3893	0.3681
3894	0.3681
3895	0.3681
3896	0.3682
3897	0.3683
3898	0.3689
3899	0.3706
39	2.6405
390	3.0E-4
3900	0.3768
3901	0.3993
3902	0.4868
3903	0.8601
3904	2.1868
3905	6.1131
3906	0.2139
3907	2.4769
3908	1.3831
3909	0.6995
391	0.0037
3910	0.4329
3911	0.3568
3912	0.3407
3913	0.3612
3914	0.4766
3915	0.8572
3916	1.9126
3917	0.1849
3918	5.6348
3919	2.8287
392	3.0E-4
3920	1.212
3921	0.6079
3922	0.4327
3923	0.3807
3924	0.365
3925	0.3602
3926	0.3587
3927	0.3583
3928	0.3582
3929	0.3581
393	3.0E-4
3930	0.3582
3931	0.3583
3932	0.3586
3933	0.3599
3934	0.3643
3935	0.3803
3936	0.4421
3937	0.706
3938	1.6262
3939	4.315
394	3.0E-4
3940	0.2078
3941	8.7888
3942	4.2513
3943	1.6985
3944	0.758
3945	0.4857
3946	0.4052
3947	0.3808
3948	0.3735
3949	0.3712
395	3.0E-4
3950	0.3706
3951	0.3703
3952	0.3703
3953	0.3703
3954	0.3703
3955	0.3703
3956	0.3703
3957	0.3703
3958	0.3703
3959	0.3703
396	3.0E-4
3960	0.3703
3961	0.3703
3962	0.3703
3963	0.3703
3964	0.3703
3965	0.3703
3966	0.3705
3967	0.3711
3968	0.3731
3969	0.3798
397	3.0E-4
3970	0.4045
3971	0.5005
3972	0.9103
3973	2.3724
3974	6.7118
3975	0.2153
3976	4.3195
3977	2.2316
3978	1.0044
3979	0.5406
398	3.0E-4
3980	0.4058
3981	0.3658
3982	0.3536
3983	0.35
3984	0.349
3985	0.3489
3986	0.3498
3987	0.3531
3988	0.3654
3989	0.4131
399	4.0E-4
3990	0.616
3991	1.311
3992	3.315
3993	0.2019
3994	7.212
3995	3.5412
3996	1.4565
3997	0.6842
3998	0.4604
3999	0.3942
4	0.0034
40	3.5732
400	3.0E-4
4000	0.3741
4001	0.3681
4002	0.3662
4003	0.3657
4004	0.3655
4005	0.3655
4006	0.3654
4007	0.3654
4008	0.3654
4009	0.3654
401	3.0E-4
4010	0.3654
4011	0.3654
4012	0.3655
4013	0.3656
4014	0.3661
4015	0.3677
4016	0.3733
4017	0.3936
4018	0.4726
4019	0.8094
402	3.0E-4
4020	2.0005
4021	5.5137
4022	0.2123
4023	13.784
4024	6.4954
4025	2.4579
4026	0.9848
4027	0.5588
4028	0.4331
4029	0.3951
403	3.0E-4
4030	0.3837
4031	0.3802
4032	0.3791
4033	0.3788
4034	0.3787
4035	0.3787
4036	0.3787
4037	0.3787
4038	0.3787
4039	0.3787
404	3.0E-4
4040	0.3787
4041	0.3787
4042	0.3787
4043	0.3787
4044	0.3787
4045	0.3787
4046	0.3787
4047	0.3787
4048	0.3787
4049	0.3787
405	3.0E-4
4050	0.3787
4051	0.3787
4052	0.3787
4053	0.3787
4054	0.3787
4055	0.3787
4056	0.3787
4057	0.3787
4058	0.3787
4059	0.3787
406	3.0E-4
4060	0.3787
4061	0.3787
4062	0.3787
4063	0.3787
4064	0.3787
4065	0.3787
4066	0.3787
4067	0.379
4068	0.3799
4069	0.383
407	3.0E-4
4070	0.3935
4071	0.4321
4072	0.582
4073	1.2229
4074	3.5446
4075	10.5066
4076	0.2204
4077	6.4235
4078	3.1854
4079	1.3347
408	3.0E-4
4080	0.6465
4081	0.447
4082	0.3879
4083	0.37
4084	0.3646
4085	0.3629
4086	0.3624
4087	0.3623
4088	0.3622
4089	0.3622
409	0.0102
4090	0.3622
4091	0.3622
4092	0.3622
4093	0.3624
4094	0.3628
4095	0.3642
4096	0.3692
4097	0.3874
4098	0.4578
4099	0.7581
41	2.5801
410	0.0102
4100	1.8137
4101	4.9145
4102	0.2103
4103	3.7934
4104	1.9913
4105	0.9197
4106	0.512
4107	0.3935
4108	0.3582
4109	0.3476
411	0.0102
4110	0.3446
4111	0.3444
4112	0.3471
4113	0.3579
4114	0.3998
4115	0.5784
4116	1.1834
4117	2.9148
4118	0.1985
4119	0.0
412	0.0102
4120	0.0
4121	1.0E-4
4122	0.0
4123	0.0
4124	0.0
4125	0.0
4126	0.0
4127	0.0
4128	0.0
4129	0.0
413	0.0102
4130	0.0
4131	0.0
4132	0.0
4133	0.0
4134	0.0
4135	0.0
4136	0.0
4137	0.0
4138	0.0
4139	4.3644
414	0.0102
4140	2.2743
4141	1.0587
4142	0.6019
4143	0.4708
4144	0.4323
4145	0.4208
4146	0.4176
4147	0.4175
4148	0.4204
4149	0.4323
415	0.0074
4150	0.4794
4151	0.6823
4152	1.3749
4153	3.3753
4154	0.0
4155	0.0
4156	0.0
4157	0.0
4158	0.0
4159	0.0
416	0.0421
4160	0.0
4161	0.0
4162	0.0
4163	0.0
4164	0.0
4165	0.0
4166	0.0
4167	0.0
4168	0.0
4169	0.0
417	2.0E-4
4170	0.0
4171	0.0
4172	0.0
4173	0.0
4174	0.0
4175	0.0
4176	0.0
4177	0.0
4178	0.0
4179	0.0
418	2.0E-4
4180	0.0
4181	0.0
4182	0.0
4183	0.0
4184	0.0
4185	0.0
4186	0.0
4187	0.0
4188	0.0
4189	0.0
419	2.0E-4
4190	0.0
4191	0.0
4192	0.0
4193	0.0
4194	0.0
4195	0.0
4196	0.0
4197	0.0
4198	0.0
4199	0.0
42	3.3345
420	2.0E-4
4200	0.0
4201	0.0
4202	0.0
4203	0.0
4204	0.0
4205	0.0
4206	0.0
4207	0.0
4208	0.0
4209	0.0
421	2.0E-4
4210	0.0
4211	0.0
4212	0.0
4213	0.0
4214	0.0
4215	0.0
4216	0.0
4217	0.0
4218	0.0
4219	0.0
422	2.0E-4
4220	0.0
4221	0.0
4222	0.0
4223	0.0
4224	0.0
4225	0.0
4226	0.0
4227	0.0
4228	0.0
4229	0.0
423	2.0E-4
4230	0.0
4231	0.0
4232	0.0
4233	0.0
4234	0.0
4235	0.0
4236	0.0
4237	0.0
4238	0.0
4239	0.0
424	2.0E-4
4240	0.0
4241	0.0
4242	0.0
4243	0.0
4244	0.0
4245	0.0
4246	0.0
4247	0.0
4248	0.0
4249	0.0
425	3.2228
4250	0.0
4251	0.0
4252	0.0
4253	0.0
4254	0.0
4255	0.0
4256	0.0
4257	0.0
4258	0.0
4259	0.0
426	0.1414
4260	0.0
4261	0.0
4262	0.0
4263	0.0
4264	0.0
4265	0.0
4266	0.0
4267	0.0
4268	0.0
4269	0.0
427	0.0643
4270	0.0
4271	0.0
4272	0.0
4273	0.0
4274	0.0
4275	0.0
4276	0.0
4277	0.0
4278	0.0
4279	0.0
428	0.0173
4280	0.0
4281	0.0
4282	0.0
4283	0.0
4284	0.0
4285	0.0
4286	0.0
4287	0.0
4288	0.0
4289	0.0
429	0.2056
4290	0.0
4291	0.0
4292	0.0
4293	0.0
4294	0.0
4295	0.0
4296	0.0
4297	0.0
4298	0.0
4299	0.0
43	8.4572
430	0.4073
4300	0.0
4301	0.0
4302	0.0
4303	0.0
4304	0.0
4305	0.0
4306	0.0
4307	0.0
4308	0.0
4309	0.0
431	0.0069
4310	0.0
4311	0.0
4312	0.0
4313	0.0
4314	0.0
4315	0.0
4316	0.0
4317	0.0
4318	0.0
4319	0.0
432	4.0E-4
4320	0.0
4321	0.0
4322	0.0
4323	0.0
4324	0.0
4325	0.0
4326	0.0
4327	0.0
4328	0.0
4329	0.0
433	0.0066
4330	0.0
4331	0.0
4332	0.0
4333	0.0
4334	0.0
4335	0.0
4336	0.0
4337	0.0
4338	0.0
4339	0.0
434	0.0066
4340	0.0
4341	0.0
4342	0.0
4343	0.0
4344	0.0
4345	0.0
4346	0.0
4347	0.0
4348	0.0
4349	0.0
435	0.0063
4350	0.0
4351	0.0
4352	0.0
4353	0.0
4354	0.0
4355	0.0
4356	0.0
4357	0.0
4358	0.0
4359	0.0
436	0.0063
4360	0.0
4361	0.0
4362	0.0
4363	0.0
4364	0.0
4365	0.0
4366	0.0
4367	0.0
4368	0.0
4369	0.0
437	0.0063
4370	0.0
4371	0.0
4372	0.0
4373	0.0
4374	0.0
4375	0.0
4376	0.0
4377	0.0
4378	0.0
4379	0.0
438	0.0063
4380	0.0
4381	0.0
4382	0.0
4383	0.0
4384	0.0
4385	0.0
4386	0.0
4387	0.0
4388	0.0
4389	0.0
439	0.0063
4390	0.0
4391	0.0
4392	0.0
4393	0.0
4394	0.0
4395	0.0
4396	0.0
4397	0.0
4398	0.0
4399	0.0
44	2.1685
440	0.0063
4400	0.0
4401	0.0
4402	0.0
4403	0.0
4404	0.0
4405	0.0
4406	0.0
4407	0.0
4408	0.0
4409	0.0
441	0.001
4410	0.0
4411	0.0
4412	0.0
4413	0.0
4414	0.0
4415	0.0
4416	0.0
4417	0.0
4418	0.0
4419	0.0
442	0.0012
4420	0.0
4421	0.0
4422	0.0
4423	0.0
4424	0.0
4425	0.0
4426	0.0
4427	0.0
4428	0.0
4429	0.0
443	0.0012
4430	0.0
4431	0.0
4432	0.0
4433	0.0
4434	0.0
4435	0.0
4436	1.0E-4
4437	1.0E-4
4438	0.0
4439	1.0E-4
444	0.0012
4440	1.0E-4
4441	1.0E-4
4442	1.0E-4
4443	0.0
4444	0.0
4445	0.0
4446	0.0
4447	1.0E-4
4448	0.0
4449	0.0
445	0.0092
4450	0.0
4451	0.0
4452	0.0
4453	0.0
4454	0.0
4455	0.0
4456	0.0
4457	0.0
4458	3.6371
4459	0.0
446	0.0093
4460	0.0
4461	0.0
4462	0.0
4463	0.0
4464	0.0
4465	0.0
4466	0.0
4467	0.0
4468	0.0
4469	0.0
447	0.0092
4470	0.0
4471	0.0
4472	0.0
4473	0.0
4474	0.0
4475	0.0
4476	0.0
4477	0.0
4478	0.0
4479	0.0
448	0.0159
4480	0.0
4481	0.0
4482	0.0
4483	0.0
4484	0.0593
4485	1.0154
4486	0.0
4487	0.0
4488	0.0
4489	0.0
449	0.0088
4490	0.0
4491	0.0
4492	0.0
4493	0.0
4494	0.0
4495	0.0
4496	0.0
4497	0.0
4498	0.0
4499	0.0
45	1.0628
450	0.0064
4500	0.0
4501	0.0
4502	0.0
4503	0.0
4504	0.0
4505	0.0
4506	0.0
4507	0.0
4508	0.0
4509	0.0
451	0.0061
4510	0.0
4511	0.0
4512	0.0
4513	0.0
4514	0.0
4515	0.0
4516	0.0
4517	0.0
4518	0.0
4519	0.0
452	0.005
4520	0.0
4521	0.0
4522	0.0
4523	0.0
4524	0.0
4525	0.0
4526	0.0
4527	0.0
4528	0.0
4529	0.0
453	0.0047
4530	0.0
4531	0.0
4532	0.0
4533	0.0
4534	0.0
4535	0.0
4536	0.0
4537	0.0
4538	0.0
4539	0.0
454	0.0047
4540	0.0
4541	0.0
4542	0.0
4543	0.0
4544	0.0
4545	0.0
4546	0.0
4547	0.0
4548	0.0
4549	0.0
455	0.0047
4550	0.0
4551	0.0
4552	0.0
4553	0.0
4554	0.0
4555	0.0
4556	0.0
4557	0.0
4558	0.0
4559	0.0
456	0.0047
4560	0.0
4561	0.0
4562	0.0
4563	0.0
4564	0.0
4565	0.0
4566	0.0
4567	0.0
4568	0.0
4569	0.0
457	0.0372
4570	0.0
4571	0.0
4572	0.0
4573	0.0
4574	0.0
4575	0.0
4576	0.0
4577	0.0
4578	0.0
4579	0.0
458	0.0372
4580	0.0
4581	0.0
4582	0.0
4583	0.0
4584	0.0
4585	0.0
4586	0.0
4587	0.0
4588	0.0
4589	0.0
459	0.0372
4590	0.0
4591	0.0
4592	0.0
4593	0.0
4594	0.0
4595	0.0
4596	0.0
4597	0.0
4598	0.0
4599	0.0
46	2.247
460	0.0339
4600	0.0
4601	0.0
4602	0.0
4603	0.0
4604	0.0
4605	0.0
4606	0.0
4607	0.0
4608	0.0
4609	0.0
461	0.0372
4610	0.0
4611	0.0
4612	0.0
4613	0.0
4614	0.0
4615	0.0
4616	0.0
4617	0.0
4618	0.0
4619	0.0
462	0.0375
4620	0.0
4621	0.0
4622	0.0
4623	0.0
4624	0.0
4625	0.0
4626	0.0
4627	0.0
4628	0.0
4629	0.0
463	0.0375
4630	0.0
4631	0.0
4632	0.0
4633	0.0
4634	0.0
4635	0.0
4636	0.0
4637	0.0
4638	0.0
4639	0.0
464	0.0375
4640	0.0
4641	0.0
4642	0.0
4643	0.0
4644	0.0
4645	0.0
4646	0.0
4647	0.0
4648	0.0
4649	0.0
465	0.0372
4650	0.0
4651	0.0
4652	0.0
4653	0.0
4654	0.0
4655	0.0
4656	0.0
4657	0.0
4658	0.0
4659	0.0
466	0.0372
4660	0.0
4661	0.0
4662	0.0
4663	0.0
4664	0.0
4665	0.0
4666	0.0
4667	0.0
4668	0.0
4669	0.0
467	0.0408
4670	0.0
4671	0.0
4672	0.0
4673	0.0
4674	0.0
4675	0.0
4676	0.0
4677	0.0
4678	0.0
4679	0.0
468	0.0408
4680	0.0
4681	0.0
4682	0.0
4683	0.0
4684	0.0
4685	0.0
4686	0.0
4687	0.0
4688	0.0
4689	0.0
469	0.0129
4690	0.0
4691	0.0
4692	0.0
4693	0.0
4694	0.0
4695	0.0
4696	0.0
4697	0.0
4698	0.0
4699	0.0
47	0.5947
470	0.0134
4700	0.0
4701	0.0
4702	0.0
4703	0.0
4704	0.0
4705	0.0
4706	0.0
4707	0.0
4708	0.0
4709	0.0
471	0.0134
4710	0.0
4711	0.0
4712	0.0
4713	0.0
4714	0.0
4715	0.0
4716	0.0
4717	0.0
4718	0.0
4719	0.0
472	0.0134
4720	0.0
4721	0.0
4722	0.0
4723	0.0
4724	0.0
4725	0.0
4726	0.0
4727	0.0
4728	0.0
4729	0.0
473	0.0124
4730	0.0
4731	0.0
4732	0.0
4733	0.0
4734	0.0
4735	0.0
4736	0.0
4737	0.0
4738	0.0
4739	0.0
474	0.0027
4740	0.0
4741	0.0
4742	0.0
4743	0.0
4744	0.0
4745	0.0
4746	0.0
4747	0.0
4748	0.0
4749	0.0
475	0.0011
4750	0.0
4751	0.0
4752	0.0
4753	0.0
4754	0.0
4755	0.0
4756	0.0
4757	0.0
4758	0.0
4759	0.0
476	0.0011
4760	0.0
4761	0.0
4762	0.0
4763	0.0
4764	0.0
4765	0.0
4766	0.0
4767	0.0
4768	0.0
4769	0.0
477	0.0011
4770	0.0
4771	0.0
4772	0.0
4773	0.0
4774	0.0955
4775	0.0856
4776	0.3458
4777	0.3458
4778	0.0604
4779	0.0604
478	0.0011
4780	0.0604
4781	0.0505
4782	0.0505
4783	0.0505
4784	0.0545
4785	0.0647
4786	0.0647
4787	0.0668
4788	0.0668
4789	0.0505
479	0.071
4790	0.0555
4791	0.0505
4792	0.0555
4793	0.0012
4794	0.0011
4795	0.0011
4796	0.0011
4797	0.0011
4798	0.0011
4799	0.0031
48	1.3851
480	0.099
4800	0.0011
4801	0.0023
4802	0.004
4803	0.004
4804	0.004
4805	0.0348
4806	0.9362
4807	0.0174
4808	0.0174
4809	0.0348
481	0.0707
4810	2.6816
4811	0.0232
4812	0.101
4813	0.0032
4814	0.0037
4815	0.1709
4816	0.0095
4817	0.0095
4818	0.0095
4819	1.2457
482	0.0026
4820	0.0095
4821	0.0025
4822	0.0025
4823	0.0025
4824	0.0025
4825	0.0025
4826	0.0025
4827	0.0025
4828	0.0121
4829	0.0121
483	0.0026
4830	0.0053
4831	0.0035
4832	0.0035
4833	0.0142
4834	0.0142
4835	0.0142
4836	0.0142
4837	0.0142
4838	0.0172
4839	0.003
484	0.0026
4840	0.012
4841	0.012
4842	0.012
4843	0.004
4844	0.0101
4845	0.002
4846	0.002
4847	0.002
4848	0.3606
4849	0.3606
485	0.0023
4850	0.3606
4851	0.2707
4852	0.2707
4853	0.2707
4854	0.0039
4855	0.0039
4856	0.0039
4857	0.0394
4858	0.0394
4859	0.0394
486	0.0021
4860	0.1183
4861	0.1183
4862	0.0585
4863	1.0E-4
4864	1.0E-4
4865	3.0E-4
4866	1.0E-4
4867	3.0E-4
4868	3.0E-4
4869	3.0E-4
487	0.0021
4870	3.0E-4
4871	0.0
4872	0.0
4873	0.0
4874	0.0
4875	0.0
4876	0.0
4877	0.0
4878	0.0
4879	0.0
488	0.0021
4880	0.0
4881	0.0
4882	0.0
4883	0.0
4884	0.0
4885	0.0
4886	0.0
4887	0.0
4888	0.0
4889	0.0
489	0.0021
4890	0.0
4891	0.0
4892	0.0
4893	0.0
4894	0.0
4895	0.0
4896	0.0
4897	0.0
4898	0.0
4899	0.0
49	0.5944
490	0.0021
4900	0.0
4901	0.0
4902	0.0
4903	0.0
4904	0.0
4905	0.0
4906	0.0
4907	0.0
4908	0.0
4909	0.0
491	0.0021
4910	0.0
4911	0.0
4912	0.0
4913	0.0
4914	0.0
4915	0.0
4916	0.0
4917	0.0
4918	0.0
4919	0.0
492	0.0032
4920	0.0
4921	0.0
4922	0.0
4923	0.0
4924	0.0
4925	0.0
4926	0.0
4927	0.0
4928	0.0
4929	1.0E-4
493	0.0021
4930	0.1691
4931	0.1691
4932	0.1691
4933	0.1691
4934	0.1691
4935	0.1691
4936	0.1691
4937	0.0023
4938	0.0023
4939	0.0023
494	2.0E-4
4940	0.0023
4941	0.0023
4942	0.0023
4943	0.0023
4944	0.0023
4945	0.0023
4946	0.0023
4947	0.0023
4948	0.0023
4949	0.0023
495	2.0E-4
4950	0.0023
4951	0.0023
4952	0.0023
4953	0.0023
4954	0.0023
4955	0.0023
4956	0.0023
4957	0.0023
4958	0.0023
4959	0.0023
496	4.0E-4
4960	0.0023
4961	0.0023
4962	0.0023
4963	0.0033
4964	0.0023
4965	0.0023
4966	0.0023
4967	0.0023
4968	0.0023
4969	0.0023
497	2.0E-4
4970	0.0023
4971	0.0023
4972	1.0E-4
4973	1.0E-4
4974	1.0E-4
4975	1.0E-4
4976	1.0E-4
4977	1.0E-4
4978	1.0E-4
4979	1.0E-4
498	0.0027
4980	1.0E-4
4981	1.0E-4
4982	1.0E-4
4983	1.0E-4
4984	1.0E-4
4985	1.0E-4
4986	1.0E-4
4987	1.0E-4
4988	1.0E-4
4989	1.0E-4
499	0.001
4990	1.0E-4
4991	1.0E-4
4992	1.0E-4
4993	1.0E-4
4994	1.0E-4
4995	1.0E-4
4996	1.0E-4
4997	1.0E-4
4998	1.0E-4
4999	1.0E-4
5	0.0034
50	0.5944
500	0.1628
5000	1.0E-4
5001	0.0013
5002	0.0013
5003	0.0013
5004	0.0013
5005	0.0013
5006	0.0013
5007	0.0013
5008	0.3383
5009	0.3383
501	0.1584
5010	0.3383
5011	0.3383
5012	0.3383
5013	3.0E-4
5014	3.0E-4
5015	3.0E-4
5016	3.0E-4
5017	3.0E-4
5018	3.0E-4
5019	3.0E-4
502	0.1558
5020	3.0E-4
5021	3.0E-4
5022	3.0E-4
5023	3.0E-4
5024	3.0E-4
5025	3.0E-4
5026	3.0E-4
5027	3.0E-4
5028	3.0E-4
5029	3.0E-4
503	0.063
5030	3.0E-4
5031	3.0E-4
5032	3.0E-4
5033	2.0E-4
5034	2.0E-4
5035	0.6017
5036	0.0
5037	0.0
5038	0.0
5039	0.0
504	0.063
5040	0.0
5041	0.0
5042	0.0
5043	0.0
5044	0.0
5045	0.0
5046	0.0
5047	0.0
5048	0.0
5049	0.0
505	0.1805
5050	0.0
5051	4.3644
5052	2.2743
5053	1.0587
5054	0.6019
5055	0.4708
5056	0.4323
5057	0.4208
5058	0.4176
5059	0.4175
506	0.0043
5060	0.4204
5061	0.4323
5062	0.4794
5063	0.6823
5064	1.3749
5065	3.3753
5066	0.0
5067	0.0
5068	0.0
5069	0.0
507	0.0043
5070	0.0
5071	0.0
5072	7.6984
5073	5.4427
5074	2.3477
5075	0.8112
5076	0.3365
5077	0.1899
5078	0.1452
5079	0.1313
508	0.0043
5080	0.1272
5081	0.1259
5082	0.1255
5083	0.1253
5084	0.1253
5085	0.1253
5086	0.1253
5087	0.1253
5088	0.1253
5089	0.1253
509	0.0043
5090	0.1253
5091	0.1253
5092	0.1253
5093	0.1253
5094	0.1253
5095	0.1253
5096	0.1253
5097	0.1253
5098	0.1253
5099	0.1253
510	0.0043
5100	0.1253
5101	0.1253
5102	0.1254
5103	0.1257
5104	0.1268
5105	0.1301
5106	0.1412
5107	0.1763
5108	0.2864
5109	0.6146
511	0.0043
5110	1.4923
5111	2.3571
5112	5.9261
5113	4.2168
5114	1.8393
5115	0.6538
5116	0.2871
5117	0.1737
5118	0.139
5119	0.1283
512	0.0043
5120	0.1251
5121	0.124
5122	0.1237
5123	0.1237
5124	0.1236
5125	0.1236
5126	0.1236
5127	0.1236
5128	0.1236
5129	0.1236
513	0.0043
5130	0.1236
5131	0.1236
5132	0.1237
5133	0.1237
5134	0.124
5135	0.1248
5136	0.1274
5137	0.1359
5138	0.1631
5139	0.2482
514	0.0043
5140	0.5012
5141	1.1767
5142	1.829
5143	1.7936
5144	1.3482
5145	0.6422
5146	0.2768
5147	0.165
5148	0.1378
5149	0.1532
515	0.0043
5150	0.2278
5151	0.4304
5152	0.5921
5153	4.1537
5154	2.9896
5155	1.3294
5156	0.495
5157	0.2362
5158	0.1561
5159	0.1316
516	0.0043
5160	0.1239
5161	0.1216
5162	0.1209
5163	0.1207
5164	0.1207
5165	0.1207
5166	0.1208
5167	0.1215
5168	0.1233
5169	0.1294
517	0.0043
5170	0.1486
5171	0.2086
5172	0.3866
5173	0.8597
5174	1.3002
5175	6.5166
5176	4.6253
5177	2.0087
5178	0.7064
5179	0.3036
518	0.0043
5180	0.1792
5181	0.1412
5182	0.1294
5183	0.1259
5184	0.1247
5185	0.1244
5186	0.1243
5187	0.1243
5188	0.1243
5189	0.1243
519	0.0736
5190	0.1243
5191	0.1243
5192	0.1243
5193	0.1243
5194	0.1243
5195	0.1243
5196	0.1243
5197	0.1243
5198	0.1243
5199	0.1244
52	9.6248
520	0.0736
5200	0.1246
5201	0.1255
5202	0.1284
5203	0.1378
5204	0.1676
5205	0.261
5206	0.5391
5207	1.2819
5208	2.005
5209	3.1694
521	0.0536
5210	2.3067
5211	1.0448
5212	0.4054
5213	0.2067
5214	0.145
5215	0.1261
5216	0.1203
5217	0.1186
5218	0.1185
5219	0.1198
522	0.0564
5220	0.1244
5221	0.1392
5222	0.1853
5223	0.3216
5224	0.6823
5225	1.0058
5226	5.3351
5227	3.8077
5228	1.6695
5229	0.6011
523	0.173
5230	0.2703
5231	0.168
5232	0.1367
5233	0.127
5234	0.1241
5235	0.1232
5236	0.1229
5237	0.1229
5238	0.1229
5239	0.1228
524	0.0564
5240	0.1228
5241	0.1228
5242	0.1228
5243	0.1228
5244	0.1229
5245	0.1231
5246	0.1239
5247	0.1262
5248	0.1339
5249	0.1584
525	0.0564
5250	0.2352
5251	0.4632
5252	1.0712
5253	1.6528
5254	10.2616
5255	7.2144
5256	3.0816
5257	1.0378
5258	0.407
5259	0.2124
526	1.8001
5260	0.1531
5261	0.1347
5262	0.1292
5263	0.1275
5264	0.127
5265	0.1268
5266	0.1268
5267	0.1268
5268	0.1268
5269	0.1268
527	0.0438
5270	0.1268
5271	0.1268
5272	0.1268
5273	0.1268
5274	0.1268
5275	0.1268
5276	0.1268
5277	0.1268
5278	0.1268
5279	0.1268
528	0.0424
5280	0.1268
5281	0.1268
5282	0.1268
5283	0.1268
5284	0.1268
5285	0.1268
5286	0.1268
5287	0.1268
5288	0.1268
5289	0.1268
529	0.0396
5290	0.1268
5291	0.1268
5292	0.1268
5293	0.1268
5294	0.1268
5295	0.1268
5296	0.1268
5297	0.1269
5298	0.1273
5299	0.1287
53	0.1664
530	0.0396
5300	0.1332
5301	0.1478
5302	0.1944
5303	0.3408
5304	0.7773
5305	1.9475
5306	3.12
5307	4.7444
5308	3.3988
5309	1.4996
531	2.0E-4
5310	0.5481
5311	0.2534
5312	0.1622
5313	0.1343
5314	0.1256
5315	0.123
5316	0.1222
5317	0.1219
5318	0.1219
5319	0.1218
532	0.0014
5320	0.1218
5321	0.1219
5322	0.1219
5323	0.1221
5324	0.1228
5325	0.1249
5326	0.1318
5327	0.1536
5328	0.222
5329	0.4251
533	2.0E-4
5330	0.9656
5331	1.4765
5332	2.776
5333	2.0334
5334	0.9304
5335	0.3691
5336	0.1944
5337	0.1402
5338	0.1236
5339	0.1188
534	2.0E-4
5340	0.1185
5341	0.1221
5342	0.135
5343	0.1755
5344	0.2951
5345	0.6109
5346	0.8879
5347	3.1522
5348	2.292
5349	1.0451
535	2.0E-4
5350	0.4175
5351	0.2241
5352	0.1647
5353	0.1467
5354	0.1416
5355	0.1413
5356	0.1453
5357	0.1595
5358	0.2047
5359	0.3397
536	1.2519
5360	0.6995
5361	1.0187
5362	0.0
5363	0.0
5364	0.0
5365	0.0
5366	0.0
5367	0.0
5368	0.0
5369	0.0
537	1.2519
5370	0.0
5371	0.0
5372	0.0
5373	0.0
5374	0.0
5375	0.0
5376	0.0
5377	0.0
5378	0.0
5379	0.0
538	1.2519
5380	0.0
5381	0.0
5382	0.0
5383	0.0
5384	0.0
5385	0.0
5386	0.0
5387	0.0
5388	0.0
5389	0.0
539	1.2792
5390	0.0
5391	0.0
5392	0.0
5393	0.0
5394	0.0
5395	0.0
5396	0.0
5397	4.3644
5398	2.2743
5399	1.0587
54	0.1597
540	1.2519
5400	0.6019
5401	0.4708
5402	0.4323
5403	0.4208
5404	0.4176
5405	0.4175
5406	0.4204
5407	0.4323
5408	0.4794
5409	0.6823
541	1.2792
5410	1.3749
5411	3.3753
5412	0.0
5413	0.0
5414	0.0
5415	0.0
5416	0.0
5417	0.0
5418	0.0395
5419	0.0395
542	1.2519
5420	0.0395
5421	0.0
5422	0.0465
5423	0.0465
5424	0.0216
5425	0.0216
5426	0.006
5427	0.006
5428	0.006
5429	2.0E-4
543	1.2517
5430	2.0E-4
5431	2.0E-4
5432	2.0E-4
5433	2.0E-4
5434	2.0E-4
5435	0.0062
5436	6.0E-4
5437	6.0E-4
5438	0.0012
5439	3.0E-4
544	1.2519
5440	3.0E-4
5441	3.0E-4
5442	0.0012
5443	0.0012
5444	4.0E-4
5445	4.0E-4
5446	4.0E-4
5447	0.0187
5448	0.0187
5449	0.9174
545	1.2917
5450	0.9174
5451	0.9174
5452	0.9174
5453	1.0762
5454	0.9649
5455	1.0366
5456	4.6793
5457	0.6935
5458	0.6935
5459	0.025
546	1.2519
5460	0.0099
5461	0.0099
5462	0.0099
5463	0.0099
5464	0.0018
5465	0.0018
5466	0.0013
5467	0.0013
5468	0.9881
5469	0.0102
547	0.0888
5470	1.1979
5471	0.0102
5472	3.0E-4
5473	3.0E-4
5474	3.0E-4
5475	3.0E-4
5476	3.0E-4
5477	3.0E-4
5478	3.0E-4
5479	3.0E-4
548	0.0537
5480	9.0E-4
5481	9.0E-4
5482	9.0E-4
5483	0.0325
5484	0.013
5485	0.0028
5486	9.0E-4
5487	9.0E-4
5488	9.0E-4
5489	9.0E-4
549	0.0068
5490	0.0023
5491	0.0023
5492	0.0024
5493	0.0023
5494	0.0026
5495	0.0023
5496	0.0023
5497	0.0057
5498	0.0032
5499	0.0032
55	0.1585
550	0.1167
5500	0.0032
5501	0.0032
5502	0.0041
5503	0.0075
5504	0.0075
5505	0.0075
5506	0.0394
5507	0.0394
5508	0.0394
5509	2.0E-4
551	0.1237
5510	1.0E-4
5511	1.0E-4
5512	1.0E-4
5513	0.0
5514	0.0
5515	0.0
5516	0.0
5517	0.0
5518	0.0
5519	0.0
552	0.1167
5520	0.0
5521	0.0
5522	0.0
5523	3.1523
5524	2.292
5525	1.0451
5526	0.4175
5527	0.2241
5528	0.1647
5529	0.1467
553	0.1226
5530	0.1416
5531	0.1413
5532	0.1453
5533	0.1595
5534	0.2047
5535	0.3397
5536	0.6995
5537	1.0187
5538	0.0
5539	0.0
554	0.1313
5540	0.0
5541	0.0
5542	0.0
5543	0.0
5544	0.0
5545	0.0
5546	0.0
5547	0.0
5548	0.0
5549	0.0
555	0.1318
5550	0.0
5551	0.0
5552	0.0
5553	0.0
5554	0.0
5555	0.0
5556	0.0
5557	0.0
5558	0.0
5559	0.0
556	0.1318
5560	0.0
5561	0.0
5562	0.0
5563	0.0
5564	0.0
5565	0.0
5566	0.0
5567	0.0
5568	0.0
5569	0.0
557	0.2644
5570	0.0
5571	0.0
5572	0.0
5573	0.0
5574	0.0
5575	0.0
5576	0.0
5577	0.0
5578	0.0
5579	0.0
558	0.0848
5580	0.0
5581	0.0
5582	0.0
5583	0.0
5584	0.0
5585	0.0
5586	0.0
5587	0.0
5588	0.0
5589	0.0
559	0.0848
5590	0.0
5591	0.0
5592	0.0
5593	0.0
5594	0.0
5595	0.0
5596	0.0
5597	0.0
5598	0.0
5599	0.0
56	0.1466
560	0.0848
5600	0.0
5601	0.0
5602	0.0
5603	0.0
5604	0.0
5605	0.0
5606	0.0
5607	0.0
5608	0.0
5609	0.0
561	0.0806
5610	0.0
5611	0.0
5612	0.0
5613	0.0
5614	0.0
5615	0.0
5616	0.0
5617	0.0
5618	0.0
5619	0.0
562	0.0806
5620	0.0
5621	0.0
5622	0.0
5623	0.0
5624	0.0
5625	0.0
5626	0.0
5627	0.0
5628	0.0
5629	0.0
563	0.0806
5630	0.0
5631	0.0
5632	0.0
5633	0.0
5634	0.0
5635	0.0
5636	0.0
5637	0.0
5638	0.0
5639	0.0
564	0.0806
5640	0.0
5641	0.0
5642	0.0
5643	0.0
5644	0.0
5645	0.0
5646	0.0
5647	0.0
5648	0.0
5649	0.0
565	0.085
5650	0.0
5651	0.0
5652	0.0
5653	0.0
5654	0.0
5655	0.0
5656	0.0
5657	0.0
5658	0.0
5659	0.0
566	7.0E-4
5660	0.0
5661	0.0
5662	0.0
5663	0.0
5664	0.0
5665	0.0
5666	0.0
5667	0.0
5668	0.0
5669	0.0
567	7.0E-4
5670	0.0
5671	0.0
5672	0.0
5673	0.0
5674	0.0
5675	0.0
5676	0.0
5677	0.0
5678	0.0
5679	0.0
568	7.0E-4
5680	0.0
5681	0.0
5682	0.0
5683	0.0
5684	0.0
5685	0.0
5686	0.0
5687	0.0
5688	0.0
5689	0.0
569	0.0014
5690	0.0
5691	0.0
5692	0.0
5693	0.0
5694	0.0
5695	0.0
5696	0.0
5697	0.0
5698	0.0
5699	0.0
57	0.1424
570	7.0E-4
5700	0.0
5701	0.0
5702	0.0
5703	0.0
5704	0.0
5705	0.0
5706	0.0
5707	0.0
5708	0.0
5709	0.0
571	7.0E-4
5710	0.0
5711	0.0
5712	0.0
5713	0.0
5714	0.0
5715	0.0
5716	0.0
5717	0.0
5718	0.0
5719	0.0
572	7.0E-4
5720	0.0
5721	0.0
5722	0.0
5723	0.0
5724	0.0
5725	0.0
5726	0.0
5727	0.0
5728	0.0
5729	0.0
573	7.0E-4
5730	0.0
5731	0.0
5732	0.0
5733	0.0
5734	0.0
5735	0.0
5736	0.0
5737	0.0
5738	0.0
5739	0.0
574	7.0E-4
5740	0.0
5741	0.0
5742	0.0
5743	0.0
5744	0.0
5745	0.0
5746	0.0
5747	0.0
5748	0.0
5749	0.0
575	7.0E-4
5750	0.0
5751	0.0
5752	0.0
5753	0.0
5754	0.0
5755	0.0
5756	0.0
5757	0.0
5758	0.0
5759	0.0
576	7.0E-4
5760	0.0
5761	0.0
5762	0.0
5763	0.0
5764	0.0
5765	0.0
5766	0.0
5767	0.0
5768	0.0
5769	0.0
577	7.0E-4
5770	0.0
5771	0.0
5772	0.0
5773	0.0
5774	0.0
5775	0.0
5776	0.0
5777	0.0
5778	0.0
5779	0.0
578	0.854
5780	0.0
5781	0.0
5782	0.0
5783	0.0
5784	0.0
5785	3.1522
5786	2.292
5787	1.0451
5788	0.4175
5789	0.2241
579	0.1163
5790	0.1647
5791	0.1467
5792	0.1416
5793	0.1413
5794	0.1453
5795	0.1595
5796	0.2047
5797	0.3397
5798	0.6995
5799	1.0187
58	0.1589
580	0.1163
5800	0.0
5801	0.0
5802	0.0
5803	0.0
5804	0.0
5805	0.0
5806	0.0
5807	0.0
5808	0.0
5809	0.0
581	0.1226
5810	0.0
5811	0.0
5812	0.0
5813	0.0
5814	0.0
5815	0.0078
5816	0.0078
5817	0.0
5818	0.0013
5819	5.0E-4
582	8.0E-4
5820	0.5588
5821	0.5588
5822	0.1113
5823	1.5625
5824	0.1148
5825	0.6884
5826	0.6421
5827	0.6421
5828	0.9758
5829	0.6421
583	8.0E-4
5830	0.6421
5831	0.6421
5832	0.6923
5833	0.6923
5834	0.0268
5835	0.1497
5836	0.1497
5837	0.1497
5838	0.1497
5839	0.1497
584	6.0E-4
5840	0.1497
5841	0.1497
5842	0.0179
5843	0.0179
5844	0.0015
5845	3.0E-4
5846	3.0E-4
5847	3.0E-4
5848	3.0E-4
5849	3.0E-4
585	8.0E-4
5850	3.0E-4
5851	3.0E-4
5852	3.0E-4
5853	3.0E-4
5854	3.0E-4
5855	3.0E-4
5856	3.0E-4
5857	3.0E-4
5858	3.0E-4
5859	3.0E-4
586	8.0E-4
5860	3.0E-4
5861	3.0E-4
5862	3.0E-4
5863	3.0E-4
5864	3.0E-4
5865	3.0E-4
5866	3.0E-4
5867	0.0051
5868	0.0016
5869	0.0016
587	7.0E-4
5870	0.0016
5871	0.0016
5872	0.0016
5873	0.0016
5874	0.0016
5875	0.0034
5876	0.0016
5877	1.0651
5878	0.0016
5879	0.0016
588	6.0E-4
5880	0.0016
5881	0.0016
5882	0.0016
5883	0.0016
5884	0.0016
5885	0.0016
5886	0.0016
5887	0.0016
5888	0.0016
5889	0.0016
589	9.0E-4
5890	0.0016
5891	0.0016
5892	0.0
5893	0.0
5894	0.0
5895	0.0
5896	0.0
5897	0.0
5898	0.0
5899	0.0
59	0.1576
590	9.0E-4
5900	0.0
5901	0.0
5902	0.0
5903	0.0
5904	0.0
5905	0.0
5906	0.0
5907	0.0
5908	0.0
5909	0.0
591	9.0E-4
5910	0.0
5911	0.0
5912	0.0
5913	0.0
5914	0.0
5915	0.0
5916	0.0
5917	0.0
5918	0.0
5919	0.0
592	9.0E-4
5920	0.0014
5921	3.0E-4
5922	0.0725
5923	0.0725
5924	0.0725
5925	0.0725
5926	0.0725
5927	0.0725
5928	0.0725
5929	0.0725
593	3.8525
5930	1.4676
5931	1.4676
5932	1.4676
5933	1.4676
5934	1.4676
5935	1.4676
5936	0.063
5937	0.0596
5938	0.3431
5939	0.0289
594	0.001
5940	0.0
5941	0.0
5942	0.0
5943	0.0
5944	0.0
5945	0.0
5946	0.0
5947	0.0
5948	0.0
5949	0.0
595	7.0E-4
5950	0.0
5951	0.0055
5952	1.0E-4
5953	3.0E-4
5954	3.0E-4
5955	0.1692
5956	1.0446
5957	3.0E-4
5958	0.0
5959	0.0
596	7.0E-4
5960	0.0
5961	0.0
5962	0.0
5963	0.0
5964	0.0
5965	0.0
5966	0.0
5967	0.0
5968	0.0
5969	0.0
597	7.0E-4
5970	0.0
5971	0.0
5972	0.0
5973	0.0
5974	0.0015
5975	0.0094
5976	0.0361
5977	0.0361
5978	0.0034
5979	0.0034
598	0.017
5980	0.0034
5981	0.0034
5982	0.0034
5983	0.0034
5984	0.0034
5985	0.0034
5986	0.0034
5987	0.0034
5988	0.0034
5989	0.0034
599	0.0085
5990	0.0034
5991	0.0034
5992	0.031
5993	0.0
5994	0.0
5995	0.0
5996	1.0E-4
5997	1.0E-4
5998	1.0E-4
5999	1.0E-4
6	0.0034
60	0.1468
600	5.0E-4
6000	1.0E-4
6001	6.0E-4
6002	6.0E-4
6003	6.0E-4
6004	0.1709
6005	0.1939
6006	0.0
6007	0.0
6008	0.0
6009	0.0
601	5.0E-4
6010	0.0
6011	0.0
6012	0.0727
602	5.0E-4
603	5.0E-4
604	5.0E-4
605	5.0E-4
606	5.0E-4
607	5.0E-4
608	5.0E-4
609	5.0E-4
61	10.1192
610	5.0E-4
611	0.0086
612	0.0118
613	0.0106
614	0.0941
615	0.0084
616	0.0086
617	0.0116
618	0.0116
619	0.0116
62	0.027
620	0.014
621	0.0251
622	0.0082
623	0.0081
624	0.008
625	0.0329
626	0.0329
627	0.0063
628	6.0E-4
629	6.0E-4
63	0.1361
630	0.0175
631	0.0026
632	0.0
633	0.0
634	0.0
635	0.0
636	0.0
637	0.0
638	0.0
639	0.0
64	0.099
640	0.0
641	0.0
642	0.0
643	0.0
644	0.0
645	0.0
646	0.0
647	0.0
648	0.004
649	0.004
65	0.111
650	0.004
651	0.004
652	0.004
653	0.004
654	0.004
655	0.004
656	0.004
657	0.004
658	0.0
659	0.0
66	0.0993
660	0.0
661	0.0
662	0.0
663	0.0
664	0.0
665	0.0
666	0.0
667	0.0054
668	0.0033
669	0.0151
67	0.0965
670	0.015
671	0.0132
672	0.0132
673	0.0133
674	0.0147
675	0.0121
676	0.0121
677	0.0122
678	0.0136
679	0.0
68	0.1369
680	0.0
681	0.0
682	0.0
683	0.0
684	0.0
685	0.0
686	0.0121
687	0.0134
688	0.0134
689	0.0134
69	0.1433
690	0.0
691	0.0
692	0.0
693	0.0
694	0.0
695	0.0
696	0.0
697	0.0
698	0.0
699	0.0
7	0.021
70	0.1053
700	0.0
701	0.0
702	0.0
703	0.0
704	0.0
705	0.0
706	0.0
707	0.0
708	0.0
709	0.0105
71	0.154
710	2.0E-4
711	1.0E-4
712	2.0E-4
713	1.0E-4
714	1.0E-4
715	1.0E-4
716	1.0E-4
717	1.0E-4
718	1.0E-4
719	1.0E-4
72	0.2264
720	1.0E-4
721	1.0E-4
722	6.0E-4
723	1.0E-4
724	6.0E-4
725	1.0E-4
726	1.0E-4
727	1.0E-4
728	1.0E-4
729	1.0E-4
73	3.9706
730	1.0E-4
731	1.0E-4
732	1.0E-4
733	1.0E-4
734	1.0E-4
735	1.0E-4
736	1.0E-4
737	1.0E-4
738	1.0E-4
739	1.0E-4
74	1.3902
740	1.0E-4
741	1.0E-4
742	1.0E-4
743	1.0E-4
744	1.0E-4
745	2.0E-4
746	1.0E-4
747	1.0E-4
748	1.0E-4
749	1.0E-4
75	0.7388
750	1.0E-4
751	0.018
752	1.0E-4
753	1.0E-4
754	1.0E-4
755	0.0095
756	0.0095
757	0.0095
758	0.0095
759	0.0095
76	0.8495
760	0.0095
761	0.0095
762	0.0095
763	0.0048
764	0.0048
765	0.0048
766	0.0053
767	0.0051
768	0.0037
769	0.0048
77	0.2449
770	0.0048
771	0.0
772	0.0046
773	0.0046
774	0.0043
775	0.0046
776	0.0046
777	0.0043
778	0.003
779	0.003
78	0.8528
780	0.0046
781	0.0046
782	2.0E-4
783	0.0037
784	0.0046
785	0.0046
786	0.0046
787	0.0046
788	0.0043
789	0.0043
79	0.5759
790	0.0043
791	0.0046
792	0.0046
793	0.0046
794	0.0046
795	0.0046
796	0.0043
797	0.0043
798	0.0043
799	0.0043
8	0.0042
80	3.4206
800	0.0037
801	0.0228
802	0.0345
803	0.033
804	0.0305
805	0.0305
806	0.0305
807	0.0305
808	0.0362
809	0.0362
81	4.903
810	0.0312
811	0.0313
812	0.0312
813	0.0312
814	0.0312
815	0.0312
816	0.0326
817	0.0314
818	0.0398
819	0.0396
82	1.9836
820	0.0396
821	0.0396
822	3.0559
823	0.5904
824	0.0568
825	0.0438
826	0.1149
827	0.1026
828	3.3806
829	0.0211
83	1.4462
830	0.0288
831	0.0103
832	0.0103
833	0.0103
834	0.0103
835	0.0103
836	7.0E-4
837	0.0325
838	0.0196
839	0.0262
84	1.8015
840	0.0334
841	0.0206
842	0.0256
843	0.0163
844	0.0163
845	0.0163
846	0.0163
847	0.0163
848	0.0163
849	0.0163
85	0.0144
850	0.0163
851	0.0163
852	0.0163
853	0.0163
854	0.0163
855	0.0163
856	0.0163
857	0.0163
858	0.0163
859	0.0163
86	0.0102
860	0.0163
861	0.0163
862	0.0163
863	0.0163
864	0.0163
865	0.0163
866	0.0163
867	0.0163
868	0.0163
869	0.0289
87	0.0135
870	0.0057
871	0.0057
872	0.0079
873	0.0129
874	0.0119
875	0.0018
876	0.004
877	0.0039
878	0.0039
879	0.0034
88	0.0144
880	0.0321
881	0.0031
882	0.0031
883	0.0031
884	0.0031
885	0.0031
886	0.0031
887	0.005
888	0.0031
889	2.0E-4
89	0.0106
890	2.0E-4
891	2.0E-4
892	0.2567
893	0.3953
894	0.2567
895	0.2567
896	2.0E-4
897	2.0E-4
898	2.0E-4
899	2.0E-4
9	0.0034
90	0.0151
900	0.0
901	0.0
902	0.0
903	0.0
904	0.0
905	0.0
906	0.0
907	0.0
908	0.0
909	0.0
91	0.0151
910	0.0
911	0.0
912	0.0
913	0.0
914	0.0
915	0.0
916	0.0
917	0.0
918	0.0027
919	0.0
92	0.0231
920	0.0027
921	0.0
922	0.0
923	2.0E-4
924	0.0
925	0.0
926	0.0
927	0.0
928	0.0
929	0.0
93	0.0111
930	0.0
931	1.0E-4
932	0.0
933	0.0
934	0.0
935	0.0
936	0.0
937	0.0
938	1.0E-4
939	1.0E-4
94	2.0E-4
940	1.0E-4
941	1.0E-4
942	1.0E-4
943	0.0551
944	0.0551
945	0.0133
946	0.0134
947	0.0048
948	0.0048
949	0.0045
95	2.0E-4
950	0.0048
951	0.0048
952	0.0048
953	0.0054
954	0.0054
955	0.0053
956	0.0055
957	0.0098
958	0.0064
959	0.0064
96	2.0E-4
960	0.0064
961	0.0065
962	0.0065
963	0.0069
964	0.0064
965	0.0064
966	0.0064
967	0.0064
968	0.0086
969	0.0086
97	2.0E-4
970	0.1082
971	0.0064
972	0.0072
973	0.0072
974	0.0072
975	0.0072
976	0.0072
977	0.0072
978	0.0072
979	0.0127
98	2.0E-4
980	0.0058
981	0.0734
982	0.0061
983	0.0061
984	0.0062
985	0.0063
986	0.0061
987	0.0051
988	0.0051
989	0.0045
99	2.0E-4
990	0.0061
991	0.0142
992	0.0087
993	0.0355
994	0.0061
995	0.5011
996	0.0053
997	0.0053
998	0.0067
999	0.0067
