1	0.7709
10	2.9648
100	2.0E-4
1000	0.0472
1001	0.0472
1002	0.0254
1003	0.0179
1004	0.032
1005	0.0179
1006	0.027
1007	0.0268
1008	0.0254
1009	0.024
101	2.0E-4
1010	0.022
1011	0.022
1012	0.0324
1013	0.0321
1014	0.0321
1015	0.0358
1016	0.0355
1017	0.0355
1018	0.0245
1019	0.0248
102	0.3346
1020	1.0612
1021	8.4573
1022	0.0057
1023	5.0E-4
1024	0.0325
1025	0.0432
1026	0.0432
1027	0.0935
1028	0.0077
1029	0.003
103	2.0E-4
1030	0.0038
1031	0.0881
1032	0.0329
1033	0.0038
1034	0.04
1035	0.092
1036	0.0925
1037	0.092
1038	0.1068
1039	1.0283
104	2.0E-4
1040	1.0283
1041	1.0283
1042	1.0283
1043	1.0283
1044	1.0283
1045	1.0283
1046	1.0283
1047	1.0283
1048	1.0283
1049	1.0283
105	2.0E-4
1050	1.0283
1051	1.0283
1052	1.0283
1053	1.0283
1054	1.0283
1055	1.0283
1056	1.0283
1057	1.0283
1058	1.0283
1059	1.0283
106	4.1706
1060	1.0283
1061	1.0283
1062	1.0283
1063	1.0283
1064	1.0283
1065	1.0283
1066	0.0231
1067	0.0231
1068	0.0231
1069	0.0231
107	2.2128
1070	0.0231
1071	0.0231
1072	0.0231
1073	0.0231
1074	0.0231
1075	0.0231
1076	0.0231
1077	0.0231
1078	0.0231
1079	0.0231
108	1.0506
1080	0.0231
1081	0.0231
1082	0.0231
1083	0.0231
1084	0.0231
1085	0.0231
1086	0.0231
1087	0.0231
1088	0.0231
1089	0.0231
109	0.8298
1090	0.0231
1091	0.0231
1092	0.0231
1093	0.0231
1094	0.0231
1095	0.0231
1096	0.0231
1097	0.0048
1098	0.0049
1099	0.0049
11	0.028
110	0.8298
1100	0.3301
1101	0.3789
1102	0.0257
1103	0.0257
1104	0.0257
1105	0.0257
1106	0.0257
1107	0.0257
1108	0.0257
1109	0.0257
111	2.1556
1110	0.0257
1111	0.0257
1112	0.0257
1113	0.0257
1114	0.0257
1115	0.0257
1116	0.0257
1117	0.0257
1118	0.0257
1119	0.0257
112	2.596
1120	0.0257
1121	0.0257
1122	0.0257
1123	0.0257
1124	0.0257
1125	0.0257
1126	0.0257
1127	0.0257
1128	0.0257
1129	0.0257
113	1.3795
1130	0.0257
1131	0.0257
1132	0.0257
1133	0.0257
1134	0.0257
1135	0.0257
1136	0.0257
1137	0.0257
1138	0.0257
1139	0.0257
114	0.8635
1140	0.0257
1141	0.0257
1142	0.0257
1143	0.0257
1144	0.0257
1145	0.0257
1146	0.0257
1147	0.0257
1148	0.0257
1149	0.0257
115	1.5425
1150	0.0257
1151	0.0257
1152	0.0257
1153	0.0257
1154	0.0257
1155	0.0257
1156	0.0257
1157	0.0257
1158	0.0257
1159	4.0E-4
116	1.6691
1160	0.0078
1161	0.0178
1162	0.0061
1163	0.0059
1164	0.0078
1165	0.0067
1166	0.0078
1167	0.0078
1168	4.0E-4
1169	4.0E-4
117	0.9764
1170	5.0E-4
1171	5.0E-4
1172	5.0E-4
1173	5.0E-4
1174	5.0E-4
1175	5.0E-4
1176	5.0E-4
1177	0.0083
1178	0.0387
1179	0.0181
118	1.6939
1180	0.0181
1181	0.0064
1182	0.0064
1183	0.0064
1184	0.0064
1185	0.0064
1186	0.0064
1187	0.01
1188	0.0103
1189	0.0103
119	4.3213
1190	0.01
1191	0.187
1192	0.187
1193	0.0496
1194	0.0695
1195	0.0506
1196	0.0231
1197	0.0231
1198	0.0268
1199	0.4594
12	0.7899
120	1.7637
1200	0.02
1201	0.02
1202	0.0209
1203	0.02
1204	0.02
1205	0.02
1206	0.02
1207	0.0175
1208	0.0226
1209	0.021
121	1.6689
1210	0.0162
1211	0.0157
1212	0.0157
1213	0.196
1214	0.0202
1215	0.3376
1216	0.7683
1217	0.3376
1218	0.3376
1219	0.0073
122	1.7637
1220	0.0073
1221	0.009
1222	0.009
1223	0.009
1224	0.009
1225	0.0065
1226	0.0065
1227	0.0115
1228	0.0115
1229	0.0115
123	3.1049
1230	0.0115
1231	0.0115
1232	0.0115
1233	0.0115
1234	0.0011
1235	0.0011
1236	0.0011
1237	0.0011
1238	0.0011
1239	0.0011
124	2.6025
1240	0.0011
1241	0.0011
1242	0.0011
1243	0.0011
1244	0.0011
1245	0.0011
1246	0.0011
1247	0.0011
1248	0.0011
1249	0.0011
125	2.6136
1250	0.0011
1251	0.0011
1252	0.0036
1253	0.0011
1254	0.0036
1255	0.0011
1256	0.0011
1257	0.0011
1258	0.0011
1259	0.0011
126	2.637
1260	0.0011
1261	0.0011
1262	0.0011
1263	0.0011
1264	0.0011
1265	0.0043
1266	0.0011
1267	0.0011
1268	0.0011
1269	0.0156
127	0.8602
1270	0.0156
1271	0.0156
1272	0.0156
1273	0.0156
1274	0.0156
1275	0.0156
1276	0.0156
1277	0.0156
1278	0.0156
1279	0.0126
128	0.8602
1280	0.0126
1281	0.0126
1282	0.0126
1283	0.0126
1284	0.0024
1285	0.0029
1286	0.0029
1287	0.0054
1288	0.0174
1289	0.0174
129	0.8104
1290	0.0174
1291	0.0084
1292	0.0092
1293	0.0657
1294	0.0657
1295	0.0289
1296	0.0289
1297	0.0018
1298	0.0018
1299	0.0018
13	0.0345
130	0.7914
1300	0.011
1301	0.0032
1302	0.0032
1303	0.0032
1304	0.0032
1305	0.0101
1306	0.0101
1307	0.0101
1308	0.0039
1309	0.0148
131	0.7216
1310	4.0E-4
1311	0.0017
1312	0.0058
1313	0.0067
1314	0.0067
1315	0.0067
1316	0.0067
1317	0.0067
1318	0.0067
1319	0.0067
132	10.6902
1320	0.0067
1321	0.0067
1322	0.0067
1323	0.0067
1324	0.0045
1325	0.0045
1326	0.0045
1327	0.0045
1328	0.0045
1329	0.0045
133	0.5754
1330	0.0045
1331	0.0045
1332	0.0045
1333	0.0045
1334	0.0045
1335	0.0045
1336	0.0045
1337	0.0045
1338	0.0045
1339	0.0045
134	0.5629
1340	0.002
1341	0.0022
1342	0.761
1343	0.761
1344	0.0023
1345	0.0124
1346	0.0021
1347	0.0021
1348	0.0021
1349	0.0021
135	0.5893
1350	0.0021
1351	0.0021
1352	0.0021
1353	0.0021
1354	0.0021
1355	0.0021
1356	0.0021
1357	0.0021
1358	0.0021
1359	0.0021
136	0.5986
1360	0.0021
1361	0.0021
1362	0.0329
1363	0.0502
1364	0.0502
1365	0.0037
1366	0.0031
1367	0.0036
1368	0.0036
1369	0.0036
137	0.6112
1370	3.4098
1371	0.9352
1372	0.2912
1373	0.3467
1374	0.6063
1375	0.2423
1376	0.1087
1377	0.1087
1378	0.0539
1379	10.5846
138	0.9032
1380	0.0524
1381	0.0579
1382	0.033
1383	0.033
1384	0.033
1385	0.033
1386	0.033
1387	0.033
1388	0.033
1389	0.033
139	0.2544
1390	0.0146
1391	0.0192
1392	0.0031
1393	0.0031
1394	0.0031
1395	0.0031
1396	0.0126
1397	0.0126
1398	0.1503
1399	0.0126
14	1.0625
140	0.33
1400	0.0126
1401	0.0126
1402	0.0024
1403	0.0074
1404	0.0069
1405	0.0069
1406	0.0022
1407	0.0022
1408	0.1631
1409	0.2473
141	0.2776
1410	0.2473
1411	0.2473
1412	0.2473
1413	0.2473
1414	0.2473
1415	0.2473
1416	0.3828
1417	0.6186
1418	0.2473
1419	0.6056
142	0.6936
1420	0.6056
1421	0.2473
1422	0.1412
1423	0.1412
1424	0.1714
1425	0.2174
1426	0.1521
1427	0.3269
1428	0.1714
1429	0.1714
143	0.9136
1430	0.1473
1431	0.1412
1432	0.1412
1433	0.0738
1434	0.0738
1435	0.0738
1436	0.0738
1437	0.0738
1438	0.0047
1439	0.0047
144	0.3354
1440	0.0031
1441	0.0736
1442	5.0E-4
1443	1.8383
1444	0.0154
1445	0.0047
1446	0.0087
1447	0.0087
1448	0.0087
1449	0.0087
145	1.3161
1450	0.0087
1451	0.0087
1452	0.0087
1453	0.0087
1454	0.0087
1455	0.0087
1456	0.0087
1457	0.0141
1458	0.0083
1459	0.0194
146	0.2776
1460	0.0134
1461	0.1403
1462	0.1392
1463	0.1403
1464	0.1392
1465	0.1392
1466	0.1403
1467	4.0666
1468	0.0078
1469	0.0651
147	0.2776
1470	0.0651
1471	0.0651
1472	0.0697
1473	0.0409
1474	0.0409
1475	0.0409
1476	0.0409
1477	0.0409
1478	0.0409
1479	0.0409
148	1.3251
1480	0.0409
1481	0.0409
1482	0.0409
1483	0.0319
1484	0.0319
1485	0.0319
1486	0.0319
1487	0.4476
1488	0.3198
1489	0.4476
149	0.3099
1490	0.3198
1491	0.2512
1492	0.2512
1493	0.2236
1494	0.2446
1495	0.0628
1496	0.0628
1497	0.0628
1498	0.0628
1499	0.2236
15	0.0743
150	0.4241
1500	0.0628
1501	0.0628
1502	0.2149
1503	0.2149
1504	0.0628
1505	0.2236
1506	0.1906
1507	2.3309
1508	0.1608
1509	0.087
151	0.5148
1510	0.087
1511	0.087
1512	0.087
1513	0.087
1514	0.087
1515	0.087
1516	0.087
1517	0.0153
1518	0.0859
1519	0.1387
152	0.2408
1520	0.032
1521	0.032
1522	0.032
1523	0.032
1524	0.032
1525	0.032
1526	0.032
1527	0.0503
1528	0.0503
1529	0.0403
153	0.5048
1530	0.0356
1531	0.033
1532	0.032
1533	0.3894
1534	7.0E-4
1535	0.0018
1536	0.0018
1537	0.0152
1538	0.7223
1539	1.509
154	6.0E-4
1540	1.479
1541	1.6396
1542	0.7223
1543	0.0102
1544	0.002
1545	0.0065
1546	0.0065
1547	0.0065
1548	0.0065
1549	0.0065
155	1.0608
1550	0.0065
1551	0.0038
1552	0.0058
1553	0.0527
1554	0.0527
1555	0.0527
1556	0.0527
1557	0.0527
1558	0.0527
1559	0.0527
156	0.4956
1560	0.0527
1561	0.0011
1562	0.0011
1563	0.0011
1564	0.0346
1565	0.0121
1566	0.0048
1567	0.0048
1568	0.0048
1569	0.0048
157	1.1158
1570	0.0048
1571	0.0048
1572	0.0048
1573	0.0048
1574	0.0048
1575	0.0048
1576	0.0048
1577	0.0048
1578	0.0048
1579	0.0048
158	1.3495
1580	0.0048
1581	0.0048
1582	0.0048
1583	0.0048
1584	0.0048
1585	0.0048
1586	0.0048
1587	0.0048
1588	0.0048
1589	0.0023
159	1.1158
1590	6.0E-4
1591	6.0E-4
1592	0.0077
1593	0.0077
1594	0.0077
1595	0.0077
1596	0.0077
1597	0.0077
1598	0.0077
1599	0.0077
16	6.3398
160	1.2129
1600	0.0077
1601	0.0077
1602	0.025
1603	0.025
1604	0.025
1605	0.025
1606	0.025
1607	0.0319
1608	0.1438
1609	0.1438
161	1.1519
1610	0.1438
1611	0.1438
1612	0.1438
1613	0.1438
1614	0.0313
1615	0.0313
1616	0.0313
1617	0.0313
1618	0.0313
1619	5.0E-4
162	1.1158
1620	0.1677
1621	0.1259
1622	0.1259
1623	0.1259
1624	0.1259
1625	0.1259
1626	0.0202
1627	0.0202
1628	0.0202
1629	0.0202
163	1.0608
1630	0.0202
1631	0.0202
1632	0.0202
1633	0.0202
1634	0.0213
1635	0.0202
1636	0.0202
1637	0.0202
1638	0.0202
1639	0.014
164	0.8304
1640	0.0212
1641	0.0212
1642	0.0195
1643	0.0193
1644	0.0212
1645	0.0197
1646	0.0212
1647	0.0212
1648	0.014
1649	0.014
165	1.0608
1650	0.0191
1651	0.0191
1652	0.0191
1653	0.0191
1654	0.0191
1655	0.0191
1656	0.0191
1657	0.0213
1658	0.0213
1659	0.0213
166	1.149
1660	0.0213
1661	0.0213
1662	0.0213
1663	0.0213
1664	0.0213
1665	0.4283
1666	0.864
1667	0.4283
1668	0.4283
1669	0.0144
167	1.0608
1670	0.0144
1671	0.1394
1672	0.0144
1673	0.0144
1674	0.0144
1675	0.0144
1676	0.0144
1677	0.0144
1678	9.5762
1679	0.0696
168	0.7939
1680	0.0289
1681	0.0014
1682	0.0014
1683	0.0328
1684	0.0014
1685	0.0014
1686	0.0014
1687	0.0025
1688	0.0249
1689	0.0025
169	0.7939
1690	0.0025
1691	0.0025
1692	0.0025
1693	0.0025
1694	0.0025
1695	0.0025
1696	0.0033
1697	0.0033
1698	0.0033
1699	0.0033
17	0.0531
170	0.7939
1700	0.0028
1701	0.0028
1702	0.0028
1703	0.0028
1704	0.0028
1705	0.0028
1706	0.0225
1707	0.0033
1708	0.0033
1709	0.0033
171	0.7952
1710	0.0033
1711	0.0033
1712	0.0033
1713	0.0033
1714	0.0033
1715	0.0033
1716	0.0033
1717	0.0033
1718	0.0033
1719	0.0033
172	0.7939
1720	0.0033
1721	0.0033
1722	0.0033
1723	0.009
1724	0.009
1725	0.009
1726	0.009
1727	0.009
1728	0.009
1729	0.009
173	0.7567
1730	0.009
1731	0.009
1732	0.009
1733	0.009
1734	0.009
1735	0.009
1736	0.009
1737	0.0033
1738	0.0033
1739	0.0033
174	1.1368
1740	0.0033
1741	0.009
1742	0.009
1743	0.009
1744	0.009
1745	0.009
1746	0.009
1747	0.009
1748	0.009
1749	0.009
175	1.3344
1750	0.0143
1751	0.0143
1752	0.0143
1753	0.0143
1754	0.0143
1755	0.0143
1756	0.0143
1757	0.0143
1758	0.0143
1759	0.0143
176	1.4597
1760	0.0788
1761	0.0818
1762	0.0818
1763	0.0818
1764	0.3607
1765	0.3607
1766	0.0085
1767	0.0085
1768	0.0085
1769	0.0085
177	1.1705
1770	0.0085
1771	0.0085
1772	0.0069
1773	0.0069
1774	0.0069
1775	0.0069
1776	0.0069
1777	0.0069
1778	0.0069
1779	0.0069
178	0.3651
1780	0.0069
1781	0.0069
1782	0.0066
1783	0.0066
1784	0.0066
1785	0.0066
1786	0.0066
1787	0.0066
1788	0.0066
1789	0.0175
179	0.6782
1790	0.0175
1791	0.008
1792	0.008
1793	0.008
1794	0.008
1795	0.008
1796	0.008
1797	0.008
1798	0.009
1799	0.009
18	1.0481
180	0.5814
1800	0.009
1801	0.009
1802	0.009
1803	0.009
1804	0.009
1805	0.009
1806	0.009
1807	0.009
1808	0.009
1809	0.009
181	0.5832
1810	0.009
1811	0.009
1812	0.009
1813	0.009
1814	0.009
1815	0.0117
1816	0.0117
1817	0.0109
1818	0.1522
1819	1.5181
182	0.3891
1820	0.0339
1821	0.0774
1822	0.0339
1823	0.4636
1824	0.4636
1825	0.4636
1826	0.4636
1827	0.4636
1828	0.4636
1829	0.4636
183	0.5805
1830	0.5688
1831	0.752
1832	0.4636
1833	0.7419
1834	0.7419
1835	0.4636
1836	0.085
1837	0.0467
1838	0.256
1839	0.3577
184	0.5977
1840	0.3577
1841	0.2591
1842	0.1946
1843	0.1946
1844	0.1946
1845	0.1946
1846	0.1946
1847	0.1946
1848	0.1946
1849	0.2277
185	0.5803
1850	0.2277
1851	0.2538
1852	0.2277
1853	0.1631
1854	3.0E-4
1855	0.0019
1856	0.0019
1857	0.0019
1858	0.0019
1859	0.0019
186	0.5834
1860	0.0301
1861	0.0211
1862	0.0211
1863	0.0256
1864	0.0022
1865	0.0022
1866	0.0025
1867	0.0037
1868	0.0037
1869	0.0032
187	0.5842
1870	0.0417
1871	1.5678
1872	4.5205
1873	4.6447
1874	1.0503
1875	6.1143
1876	4.2274
1877	6.1143
1878	6.1699
1879	0.3155
188	0.5803
1880	0.3155
1881	0.3155
1882	0.3155
1883	6.0336
1884	0.1112
1885	0.1112
1886	0.1112
1887	0.1112
1888	0.1112
1889	0.1112
189	0.7182
1890	0.1112
1891	0.1112
1892	0.1112
1893	0.1112
1894	0.1112
1895	0.1112
1896	9.0E-4
1897	9.0E-4
1898	9.0E-4
1899	9.0E-4
19	3.1829
190	0.0022
1900	9.0E-4
1901	9.0E-4
1902	9.0E-4
1903	9.0E-4
1904	9.0E-4
1905	9.0E-4
1906	9.0E-4
1907	9.0E-4
1908	9.0E-4
1909	9.0E-4
191	0.0092
1910	9.0E-4
1911	9.0E-4
1912	9.0E-4
1913	9.0E-4
1914	9.0E-4
1915	9.0E-4
1916	9.0E-4
1917	9.0E-4
1918	9.0E-4
1919	9.0E-4
192	1.058
1920	9.0E-4
1921	9.0E-4
1922	9.0E-4
1923	9.0E-4
1924	9.0E-4
1925	9.0E-4
1926	9.0E-4
1927	9.0E-4
1928	9.0E-4
1929	9.0E-4
193	4.2253
1930	9.0E-4
1931	9.0E-4
1932	9.0E-4
1933	9.0E-4
1934	9.0E-4
1935	9.0E-4
1936	9.0E-4
1937	9.0E-4
1938	9.0E-4
1939	9.0E-4
194	1.2224
1940	9.0E-4
1941	9.0E-4
1942	9.0E-4
1943	9.0E-4
1944	9.0E-4
1945	9.0E-4
1946	9.0E-4
1947	9.0E-4
1948	9.0E-4
1949	9.0E-4
195	2.0981
1950	9.0E-4
1951	9.0E-4
1952	9.0E-4
1953	9.0E-4
1954	9.0E-4
1955	9.0E-4
1956	9.0E-4
1957	9.0E-4
1958	9.0E-4
1959	9.0E-4
196	1.807
1960	9.0E-4
1961	9.0E-4
1962	9.0E-4
1963	9.0E-4
1964	9.0E-4
1965	9.0E-4
1966	9.0E-4
1967	9.0E-4
1968	9.0E-4
1969	9.0E-4
197	1.1761
1970	9.0E-4
1971	9.0E-4
1972	9.0E-4
1973	9.0E-4
1974	9.0E-4
1975	9.0E-4
1976	9.0E-4
1977	9.0E-4
1978	9.0E-4
1979	9.0E-4
198	1.6286
1980	9.0E-4
1981	9.0E-4
1982	9.0E-4
1983	9.0E-4
1984	9.0E-4
1985	9.0E-4
1986	9.0E-4
1987	9.0E-4
1988	9.0E-4
1989	9.0E-4
199	1.8046
1990	9.0E-4
1991	9.0E-4
1992	9.0E-4
1993	9.0E-4
1994	9.0E-4
1995	1.0063
1996	9.0E-4
1997	9.0E-4
1998	9.0E-4
1999	9.0E-4
2	49.6843
20	6.7386
200	3.3881
2000	9.0E-4
2001	9.0E-4
2002	9.0E-4
2003	9.0E-4
2004	9.0E-4
2005	9.0E-4
2006	9.0E-4
2007	9.0E-4
2008	9.0E-4
2009	9.0E-4
201	2.6909
2010	9.0E-4
2011	9.0E-4
2012	9.0E-4
2013	9.0E-4
2014	9.0E-4
2015	9.0E-4
2016	9.0E-4
2017	9.0E-4
2018	9.0E-4
2019	9.0E-4
202	2.7186
2020	9.0E-4
2021	9.0E-4
2022	9.0E-4
2023	9.0E-4
2024	9.0E-4
2025	9.0E-4
2026	9.0E-4
2027	9.0E-4
2028	9.0E-4
2029	9.0E-4
203	0.9503
2030	9.0E-4
2031	9.0E-4
2032	9.0E-4
2033	9.0E-4
2034	9.0E-4
2035	9.0E-4
2036	9.0E-4
2037	9.0E-4
2038	9.0E-4
2039	9.0E-4
204	1.1587
2040	9.0E-4
2041	9.0E-4
2042	9.0E-4
2043	9.0E-4
2044	9.0E-4
2045	9.0E-4
2046	9.0E-4
2047	9.0E-4
2048	9.0E-4
2049	9.0E-4
205	1.2346
2050	9.0E-4
2051	9.0E-4
2052	9.0E-4
2053	9.0E-4
2054	9.0E-4
2055	9.0E-4
2056	9.0E-4
2057	9.0E-4
2058	9.0E-4
2059	9.0E-4
206	0.918
2060	9.0E-4
2061	9.0E-4
2062	9.0E-4
2063	9.0E-4
2064	9.0E-4
2065	9.0E-4
2066	9.0E-4
2067	9.0E-4
2068	9.0E-4
2069	9.0E-4
207	0.3717
2070	9.0E-4
2071	9.0E-4
2072	9.0E-4
2073	9.0E-4
2074	9.0E-4
2075	9.0E-4
2076	9.0E-4
2077	9.0E-4
2078	9.0E-4
2079	9.0E-4
208	0.3827
2080	0.5399
2081	0.4121
2082	0.5399
2083	0.4121
2084	0.2913
2085	0.3196
2086	0.0826
2087	0.0826
2088	0.0826
2089	0.0826
209	0.9983
2090	0.2913
2091	0.0826
2092	0.0826
2093	0.2399
2094	0.2399
2095	0.0826
2096	0.2913
2097	0.2103
2098	1.5226
2099	0.2087
21	3.0392
210	0.8353
2100	9.584
2101	0.0774
2102	0.0418
2103	0.4622
2104	0.0042
2105	0.0083
2106	0.0083
2107	0.0092
2108	0.0092
2109	0.0092
211	0.4402
2110	0.0092
2111	0.0092
2112	0.0092
2113	0.0092
2114	0.0092
2115	0.0135
2116	0.0092
2117	0.0092
2118	0.0092
2119	0.0092
212	5.5636
2120	0.0092
2121	0.0092
2122	0.0092
2123	0.0092
2124	0.0092
2125	0.1013
2126	0.1013
2127	0.2888
2128	0.8435
2129	0.2888
213	3.0437
2130	0.2888
2131	0.2888
2132	0.0553
2133	0.0553
2134	0.0553
2135	0.0553
2136	0.0553
2137	0.0944
2138	0.0944
2139	0.1044
214	3.5837
2140	0.0944
2141	0.0944
2142	0.0944
2143	0.0944
2144	1.0399
2145	1.3414
2146	1.0056
2147	1.0056
2148	1.0399
2149	0.0016
215	3.5464
2150	0.0016
2151	0.0016
2152	0.0016
2153	0.0016
2154	0.0016
2155	0.0016
2156	0.0016
2157	0.0016
2158	0.0016
2159	0.0075
216	3.0339
2160	0.0075
2161	0.0075
2162	0.0075
2163	0.0075
2164	0.0075
2165	0.0075
2166	0.0075
2167	0.002
2168	0.002
2169	0.002
217	3.418
2170	0.002
2171	0.1748
2172	5.8793
2173	0.002
2174	0.002
2175	0.002
2176	0.002
2177	0.002
2178	0.002
2179	0.002
218	1.9
2180	0.0011
2181	0.0011
2182	0.0011
2183	0.0011
2184	0.0011
2185	0.0011
2186	0.0011
2187	0.0011
2188	0.0011
2189	0.0011
219	0.425
2190	0.0011
2191	0.0011
2192	0.0011
2193	1.0694
2194	1.0474
2195	1.0474
2196	1.0694
2197	1.0694
2198	0.9974
2199	0.0725
22	0.028
220	0.4427
2200	0.0725
2201	0.0725
2202	0.0725
2203	0.0725
2204	0.0725
2205	0.0725
2206	0.0725
2207	0.0725
2208	0.0725
2209	0.2465
221	0.4796
2210	0.001
2211	0.0036
2212	0.0088
2213	0.0029
2214	0.0018
2215	0.0025
2216	0.001
2217	0.001
2218	0.0011
2219	0.0031
222	0.4796
2220	0.0011
2221	0.0024
2222	0.005
2223	0.0011
2224	0.0011
2225	0.0019
2226	0.0019
2227	0.0019
2228	0.0019
2229	0.0039
223	0.0189
2230	0.0026
2231	0.0013
2232	0.0013
2233	0.0013
2234	0.0013
2235	0.0026
2236	0.0065
2237	0.0026
2238	0.0039
2239	0.0039
224	3.3124
2240	0.0039
2241	0.0026
2242	0.0026
2243	0.0026
2244	0.0039
2245	0.0039
2246	0.0019
2247	0.0019
2248	0.0019
2249	0.0027
225	0.2961
2250	8.0E-4
2251	8.0E-4
2252	8.0E-4
2253	8.0E-4
2254	8.0E-4
2255	8.0E-4
2256	8.0E-4
2257	8.0E-4
2258	0.0058
2259	0.0019
226	0.3378
2260	0.0026
2261	0.0039
2262	0.0026
2263	0.0039
2264	0.0016
2265	0.0016
2266	0.0016
2267	0.0029
2268	0.0058
2269	0.0013
227	0.2787
2270	0.0016
2271	0.0016
2272	0.0016
2273	0.0016
2274	0.0016
2275	0.0039
2276	0.0039
2277	0.0039
2278	0.0039
2279	0.0026
228	0.2961
2280	0.0026
2281	0.0039
2282	0.0065
2283	0.0091
2284	0.0026
2285	0.0016
2286	0.0016
2287	0.0016
2288	0.0016
2289	0.0016
229	0.514
2290	0.0078
2291	0.0019
2292	0.0019
2293	0.0019
2294	0.0039
2295	0.0039
2296	0.0039
2297	0.0039
2298	0.001
2299	0.001
23	0.3056
230	0.2961
2300	0.001
2301	0.001
2302	0.001
2303	0.001
2304	0.001
2305	0.001
2306	0.0092
2307	0.0092
2308	0.0092
2309	0.0092
231	0.4588
2310	0.0015
2311	0.0015
2312	0.0015
2313	0.0015
2314	0.0015
2315	0.0015
2316	0.0015
2317	0.0015
2318	0.0015
2319	0.0015
232	0.3348
2320	0.0015
2321	0.0015
2322	0.0015
2323	0.0015
2324	0.0015
2325	0.0015
2326	0.0015
2327	0.0015
2328	0.004
2329	0.0015
233	0.3348
2330	0.004
2331	0.0015
2332	0.0015
2333	0.0015
2334	0.0015
2335	0.0015
2336	0.0015
2337	0.0048
2338	0.0015
2339	0.0015
234	0.3348
2340	0.0015
2341	0.0024
2342	0.003
2343	0.0029
2344	0.0055
2345	0.0019
2346	0.0019
2347	0.0019
2348	0.0033
2349	0.0033
235	0.5547
2350	0.0033
2351	0.0033
2352	0.0039
2353	8.0E-4
2354	0.0493
2355	0.0093
2356	0.0093
2357	0.0093
2358	0.0093
2359	0.0028
236	0.5857
2360	0.0026
2361	0.0026
2362	0.0585
2363	0.4307
2364	0.0025
2365	0.0082
2366	0.0082
2367	0.0032
2368	0.0032
2369	0.0032
237	0.3348
2370	0.0179
2371	0.0179
2372	0.0026
2373	0.0026
2374	0.0026
2375	0.0026
2376	0.0026
2377	0.0098
2378	0.004
2379	0.004
238	0.3348
2380	0.004
2381	0.004
2382	0.004
2383	0.004
2384	0.004
2385	0.0193
2386	0.0016
2387	0.0016
2388	0.0016
2389	0.0016
239	0.3348
2390	0.0016
2391	0.0016
2392	0.0016
2393	0.0016
2394	0.0016
2395	0.0016
2396	0.0016
2397	0.0016
2398	0.0016
2399	0.0016
24	0.1439
240	1.69
2400	0.0016
2401	0.0016
2402	0.2777
2403	0.002
2404	0.002
2405	0.002
2406	0.002
2407	0.002
2408	0.002
2409	0.002
241	0.3736
2410	0.002
2411	0.002
2412	0.002
2413	0.002
2414	0.002
2415	0.002
2416	0.002
2417	0.0092
2418	0.0092
2419	0.0092
242	1.0649
2420	0.004
2421	0.004
2422	0.004
2423	0.004
2424	0.004
2425	0.004
2426	0.004
2427	0.0014
2428	0.0014
2429	0.0014
243	0.3348
2430	0.0014
2431	0.0014
2432	0.0014
2433	0.0014
2434	0.0014
2435	0.0014
2436	0.0014
2437	0.0014
2438	0.0014
2439	0.0014
244	0.5144
2440	0.0014
2441	0.0013
2442	0.0013
2443	0.0013
2444	0.0013
2445	0.0013
2446	0.0011
2447	0.0011
2448	0.0011
2449	0.0011
245	0.5144
2450	0.0016
2451	0.0011
2452	0.2098
2453	0.1273
2454	0.1273
2455	0.053
2456	0.1273
2457	0.1356
2458	0.1273
2459	0.053
246	0.4531
2460	0.0265
2461	0.0265
2462	0.0265
2463	0.0265
2464	0.0265
2465	0.0265
2466	0.0265
2467	0.0265
2468	0.0265
2469	0.0265
247	0.3348
2470	0.0265
2471	0.0265
2472	0.0265
2473	0.0265
2474	0.0265
2475	0.0265
2476	0.0265
2477	0.0265
2478	0.0265
2479	0.0265
248	3.9639
2480	0.0265
2481	0.0265
2482	0.1485
2483	0.0825
2484	0.0825
2485	0.2514
2486	0.2514
2487	0.0309
2488	0.0309
2489	0.0309
249	1.0544
2490	0.0309
2491	0.0309
2492	0.0309
2493	0.0309
2494	0.0309
2495	0.0309
2496	0.0309
2497	0.0309
2498	0.0309
2499	0.0309
25	0.028
250	0.416
2500	0.0309
2501	0.0309
2502	0.0309
2503	0.0309
2504	0.0309
2505	0.0309
2506	0.0309
2507	0.0309
2508	0.0309
2509	0.0309
251	0.426
2510	0.1757
2511	0.1555
2512	0.1555
2513	0.1555
2514	0.1555
2515	0.0202
2516	0.0202
2517	0.0202
2518	0.0237
2519	0.0237
252	1.052
2520	0.0237
2521	0.0237
2522	0.0237
2523	0.0237
2524	0.0663
2525	0.0237
2526	0.0237
2527	0.0237
2528	0.0237
2529	0.0237
253	0.3447
2530	0.0237
2531	0.0237
2532	0.025
2533	0.025
2534	0.025
2535	0.05
2536	0.2806
2537	0.8059
2538	0.8059
2539	0.2806
254	0.6651
2540	0.0103
2541	0.0103
2542	0.0103
2543	0.0103
2544	0.0044
2545	0.0044
2546	0.0071
2547	0.009
2548	0.009
2549	0.009
255	0.7126
2550	0.009
2551	0.2549
2552	0.2549
2553	0.2549
2554	0.2549
2555	0.0022
2556	0.0022
2557	0.0022
2558	0.0022
2559	0.0022
256	0.6684
2560	0.0022
2561	0.0022
2562	0.0022
2563	0.3663
2564	0.0183
2565	0.0183
2566	0.0183
2567	0.0183
2568	0.0183
2569	0.0054
257	0.7681
2570	0.0054
2571	0.0054
2572	0.0054
2573	0.0054
2574	0.0054
2575	0.0054
2576	0.0054
2577	0.0054
2578	0.0054
2579	0.0054
258	1.7251
2580	0.0054
2581	0.0054
2582	0.0054
2583	0.0054
2584	0.0054
2585	0.0054
2586	0.0459
2587	0.0459
2588	0.0383
2589	0.0211
259	1.7251
2590	0.0211
2591	0.0211
2592	0.0201
2593	0.0201
2594	0.0201
2595	0.0201
2596	0.0201
2597	0.0201
2598	0.3429
2599	0.0275
26	2.5577
260	1.7251
2600	0.0275
2601	0.0275
2602	0.0275
2603	0.0275
2604	0.01
2605	0.01
2606	0.01
2607	0.01
2608	0.01
2609	0.01
261	0.3016
2610	0.0048
2611	0.0048
2612	0.0048
2613	0.0048
2614	0.0048
2615	0.0014
2616	0.0014
2617	0.0026
2618	0.0014
2619	0.0026
262	0.4367
2620	0.0014
2621	0.0014
2622	0.0014
2623	0.0014
2624	0.001
2625	0.001
2626	0.001
2627	0.001
2628	0.001
2629	0.001
263	0.3147
2630	1.0E-4
2631	1.0E-4
2632	1.0E-4
2633	1.0E-4
2634	1.0E-4
2635	1.0E-4
2636	1.0E-4
2637	1.0E-4
2638	0.0012
2639	1.0E-4
264	0.3897
2640	1.0E-4
2641	1.0E-4
2642	1.0E-4
2643	1.0E-4
2644	1.0E-4
2645	1.0E-4
2646	1.0E-4
2647	1.0E-4
2648	1.0E-4
2649	1.0E-4
265	0.32
2650	0.0072
2651	0.0072
2652	0.0072
2653	0.0072
2654	0.0072
2655	0.0072
2656	0.0072
2657	0.0072
2658	0.0072
2659	0.0072
266	0.3157
2660	0.0072
2661	0.0072
2662	0.0072
2663	0.0474
2664	0.0335
2665	0.0335
2666	0.0335
2667	0.0201
2668	0.0201
2669	0.0201
267	0.3852
2670	0.0201
2671	1.0751
2672	1.0751
2673	1.0751
2674	1.0751
2675	1.0751
2676	0.008
2677	4.0E-4
2678	4.0E-4
2679	4.0E-4
268	0.3953
2680	7.0E-4
2681	0.009
2682	0.009
2683	0.009
2684	0.009
2685	0.0011
2686	0.0011
2687	0.0011
2688	0.0011
2689	0.0011
269	0.3147
2690	0.0011
2691	0.0011
2692	0.0011
2693	0.0011
2694	0.0011
2695	0.0011
2696	0.0011
2697	0.0011
2698	0.0011
2699	0.0011
27	22.7584
270	0.3385
2700	0.0011
2701	0.0011
2702	0.0011
2703	0.0036
2704	0.0011
2705	0.0036
2706	0.0011
2707	0.0011
2708	0.0011
2709	0.0011
271	0.2776
2710	0.0043
2711	0.0011
2712	0.0011
2713	0.0011
2714	0.0024
2715	0.0029
2716	0.0029
2717	0.0054
2718	0.0018
2719	0.0018
272	0.4166
2720	0.0018
2721	0.0032
2722	0.0032
2723	0.0032
2724	0.0032
2725	0.0039
2726	4.0E-4
2727	0.0181
2728	0.003
2729	0.003
273	0.3155
2730	0.003
2731	0.003
2732	0.0023
2733	0.0021
2734	0.0021
2735	0.4357
2736	0.0294
2737	0.0021
2738	0.0021
2739	0.0021
274	0.2952
2740	0.0021
2741	0.0021
2742	0.0021
2743	0.0021
2744	0.0021
2745	0.0021
2746	0.0021
2747	0.0021
2748	0.0294
2749	0.0333
275	0.3837
2750	0.5
2751	0.5
2752	0.5
2753	0.1375
2754	1.0
2755	1.0
2756	1.0
2757	1.0
2758	1.0
2759	1.0
276	0.3419
2760	1.0
2761	1.0
2762	1.0
2763	0.0028
2764	0.0028
2765	0.0028
2766	0.0028
2767	0.0028
2768	0.0028
2769	0.0028
277	0.3243
2770	0.0028
2771	0.1107
2772	0.1107
2773	0.1107
2774	0.1107
2775	0.1107
2776	0.1107
2777	0.1107
2778	0.1107
2779	0.1107
278	0.3789
2780	0.1107
2781	0.1107
2782	0.1107
2783	4.0E-4
2784	0.0029
2785	0.0029
2786	0.0647
2787	0.0595
2788	0.0595
2789	0.002
279	0.3153
2790	0.002
2791	0.002
2792	0.002
2793	0.002
2794	0.0023
2795	0.0023
2796	0.0026
2797	0.0033
2798	0.0435
2799	9.0E-4
28	21.6394
280	1.7088
2800	9.0E-4
2801	9.0E-4
2802	9.0E-4
2803	9.0E-4
2804	9.0E-4
2805	9.0E-4
2806	9.0E-4
2807	9.0E-4
2808	9.0E-4
2809	9.0E-4
281	0.3156
2810	9.0E-4
2811	9.0E-4
2812	9.0E-4
2813	9.0E-4
2814	9.0E-4
2815	9.0E-4
2816	9.0E-4
2817	9.0E-4
2818	9.0E-4
2819	9.0E-4
282	0.3431
2820	9.0E-4
2821	9.0E-4
2822	9.0E-4
2823	9.0E-4
2824	9.0E-4
2825	9.0E-4
2826	9.0E-4
2827	9.0E-4
2828	9.0E-4
2829	9.0E-4
283	0.3157
2830	9.0E-4
2831	9.0E-4
2832	9.0E-4
2833	9.0E-4
2834	9.0E-4
2835	9.0E-4
2836	9.0E-4
2837	9.0E-4
2838	9.0E-4
2839	9.0E-4
284	0.3219
2840	9.0E-4
2841	9.0E-4
2842	9.0E-4
2843	9.0E-4
2844	9.0E-4
2845	9.0E-4
2846	9.0E-4
2847	9.0E-4
2848	9.0E-4
2849	9.0E-4
285	0.3268
2850	9.0E-4
2851	9.0E-4
2852	9.0E-4
2853	9.0E-4
2854	9.0E-4
2855	9.0E-4
2856	9.0E-4
2857	9.0E-4
2858	9.0E-4
2859	9.0E-4
286	0.3147
2860	9.0E-4
2861	9.0E-4
2862	9.0E-4
2863	9.0E-4
2864	9.0E-4
2865	9.0E-4
2866	9.0E-4
2867	9.0E-4
2868	9.0E-4
2869	9.0E-4
287	0.3147
2870	9.0E-4
2871	9.0E-4
2872	9.0E-4
2873	9.0E-4
2874	9.0E-4
2875	9.0E-4
2876	9.0E-4
2877	9.0E-4
2878	9.0E-4
2879	9.0E-4
288	0.325
2880	9.0E-4
2881	9.0E-4
2882	9.0E-4
2883	9.0E-4
2884	9.0E-4
2885	9.0E-4
2886	9.0E-4
2887	9.0E-4
2888	9.0E-4
2889	9.0E-4
289	0.3157
2890	9.0E-4
2891	9.0E-4
2892	9.0E-4
2893	9.0E-4
2894	9.0E-4
2895	9.0E-4
2896	9.0E-4
2897	9.0E-4
2898	9.0E-4
2899	9.0E-4
29	15.6348
290	0.3201
2900	9.0E-4
2901	9.0E-4
2902	9.0E-4
2903	9.0E-4
2904	9.0E-4
2905	9.0E-4
2906	9.0E-4
2907	9.0E-4
2908	9.0E-4
2909	9.0E-4
291	0.3745
2910	9.0E-4
2911	9.0E-4
2912	9.0E-4
2913	9.0E-4
2914	9.0E-4
2915	9.0E-4
2916	9.0E-4
2917	9.0E-4
2918	9.0E-4
2919	9.0E-4
292	0.3299
2920	9.0E-4
2921	9.0E-4
2922	9.0E-4
2923	9.0E-4
2924	9.0E-4
2925	9.0E-4
2926	9.0E-4
2927	9.0E-4
2928	9.0E-4
2929	9.0E-4
293	0.3189
2930	9.0E-4
2931	9.0E-4
2932	9.0E-4
2933	9.0E-4
2934	9.0E-4
2935	9.0E-4
2936	9.0E-4
2937	9.0E-4
2938	9.0E-4
2939	9.0E-4
294	0.4541
2940	9.0E-4
2941	9.0E-4
2942	9.0E-4
2943	9.0E-4
2944	9.0E-4
2945	9.0E-4
2946	9.0E-4
2947	9.0E-4
2948	9.0E-4
2949	9.0E-4
295	0.4543
2950	9.0E-4
2951	9.0E-4
2952	9.0E-4
2953	9.0E-4
2954	9.0E-4
2955	9.0E-4
2956	9.0E-4
2957	9.0E-4
2958	9.0E-4
2959	9.0E-4
296	0.4539
2960	9.0E-4
2961	9.0E-4
2962	9.0E-4
2963	9.0E-4
2964	9.0E-4
2965	9.0E-4
2966	9.0E-4
2967	9.0E-4
2968	9.0E-4
2969	9.0E-4
297	0.4908
2970	9.0E-4
2971	9.0E-4
2972	9.0E-4
2973	9.0E-4
2974	9.0E-4
2975	9.0E-4
2976	9.0E-4
2977	9.0E-4
2978	9.0E-4
2979	9.0E-4
298	0.4911
2980	9.0E-4
2981	9.0E-4
2982	9.0E-4
2983	0.2651
2984	0.0435
2985	0.0435
2986	0.0436
2987	0.0435
2988	0.0435
2989	0.0436
299	0.4539
2990	0.163
2991	0.0989
2992	0.0989
2993	0.0989
2994	0.0412
2995	0.0989
2996	0.1053
2997	0.0989
2998	0.0412
2999	0.0199
3	0.0571
30	5.5325
300	0.8728
3000	0.0199
3001	0.0199
3002	0.0199
3003	0.0199
3004	0.0199
3005	0.0199
3006	0.0199
3007	0.0199
3008	0.0199
3009	0.0199
301	0.4539
3010	0.0199
3011	0.0199
3012	0.0199
3013	0.0199
3014	0.0199
3015	0.0199
3016	0.0199
3017	0.0199
3018	0.0199
3019	0.0199
302	0.7253
3020	0.0199
3021	0.0208
3022	0.0199
3023	0.0199
3024	0.0199
3025	0.0199
3026	0.1154
3027	0.1154
3028	0.0641
3029	0.0641
303	1.3135
3030	0.1961
3031	0.1961
3032	0.024
3033	0.024
3034	0.024
3035	0.024
3036	0.024
3037	0.024
3038	0.024
3039	0.024
304	0.0389
3040	0.024
3041	0.024
3042	0.024
3043	0.024
3044	0.024
3045	0.024
3046	0.024
3047	0.024
3048	0.024
3049	0.024
305	0.1603
3050	0.024
3051	0.024
3052	0.024
3053	0.024
3054	0.024
3055	0.4515
3056	0.3237
3057	0.4515
3058	0.3237
3059	0.0646
306	0.2315
3060	0.0646
3061	0.0646
3062	0.0646
3063	0.0646
3064	0.0646
3065	0.2167
3066	0.2167
3067	0.0646
3068	0.1923
3069	0.0261
307	0.1915
3070	0.0261
3071	0.0261
3072	0.0236
3073	0.0236
3074	0.0236
3075	0.0236
3076	0.0236
3077	0.0236
3078	0.0045
3079	0.0045
308	0.0406
3080	0.0045
3081	0.0045
3082	0.0045
3083	0.0045
3084	0.0045
3085	0.0045
3086	0.0045
3087	0.0045
3088	0.8879
3089	5.5366
309	0.7305
3090	0.3303
3091	0.3303
3092	0.3303
3093	0.3303
3094	0.4918
3095	0.9877
3096	0.3303
3097	0.747
3098	0.6691
3099	0.6473
31	3.8672
310	0.5567
3100	0.6473
3101	0.6473
3102	0.5573
3103	0.5573
3104	0.5792
3105	0.6473
3106	0.6473
3107	0.6968
3108	0.6473
3109	0.814
311	0.5578
3110	0.6473
3111	2.388
3112	0.6853
3113	0.5994
3114	0.048
3115	0.1218
3116	0.048
3117	1.048
3118	0.048
3119	0.4247
312	0.5705
3120	0.5526
3121	0.0054
3122	0.0012
3123	0.0018
3124	0.0012
3125	0.0136
3126	0.003
3127	0.003
3128	0.0036
3129	1.0018
313	0.5567
3130	0.0283
3131	0.0283
3132	0.0283
3133	0.0252
3134	0.0252
3135	0.0252
3136	0.0252
3137	0.0252
3138	0.0252
3139	0.346
314	0.5567
3140	0.1106
3141	0.1106
3142	0.1106
3143	0.1106
3144	0.1106
3145	0.1106
3146	0.1106
3147	0.1106
3148	0.1106
3149	0.1106
315	0.5567
3150	0.1106
3151	0.1106
3152	0.0332
3153	0.0111
3154	0.0111
3155	0.0111
3156	1.2478
3157	0.2955
3158	0.0263
3159	0.3551
316	0.5567
3160	0.0263
3161	0.22
3162	0.0263
3163	10.8767
3164	2.1496
3165	0.0263
3166	0.0263
3167	0.1139
3168	0.1139
3169	0.28
317	0.5567
3170	0.195
3171	0.1698
3172	0.1698
3173	0.195
3174	0.0121
3175	0.0121
3176	0.0121
3177	0.1728
3178	0.1728
3179	0.1728
318	0.5567
3180	0.3012
3181	3.0828
3182	2.2204
3183	0.6848
3184	1.1847
3185	0.1728
3186	6.0079
3187	0.4403
3188	3.2205
3189	3.4108
319	0.5567
3190	3.4108
3191	0.3451
3192	0.1728
3193	0.1728
3194	0.1728
3195	0.1728
3196	0.3098
3197	0.0025
3198	0.0082
3199	0.0082
32	5.6099
320	0.6794
3200	0.0032
3201	0.0032
3202	0.0032
3203	0.0046
3204	0.0046
3205	0.0046
3206	0.0046
3207	0.0046
3208	0.0013
3209	0.0013
321	0.0844
3210	0.0013
3211	0.0013
3212	0.0013
3213	0.0011
3214	0.0011
3215	0.0011
3216	0.0011
3217	0.0016
3218	0.0011
3219	0.0833
322	0.0849
3220	8.4532
3221	6.604
3222	2.2814
3223	4.7538
3224	7.2205
3225	3.7251
3226	5.9873
3227	11.1241
3228	5.3707
3229	3.3131
323	0.0849
3230	0.0392
3231	0.0118
3232	0.0118
3233	0.1377
3234	0.1377
3235	0.1377
3236	0.0319
3237	0.0319
3238	0.5319
3239	0.3843
324	0.2441
3240	0.3843
3241	0.0333
3242	0.0333
3243	0.0333
3244	0.0333
3245	0.0333
3246	0.0333
3247	0.0333
3248	0.0333
3249	0.0333
325	0.0704
3250	0.0333
3251	0.0333
3252	0.0333
3253	0.0333
3254	0.0333
3255	0.0333
3256	0.0333
3257	0.0333
3258	0.0333
3259	0.0333
326	0.0704
3260	0.0333
3261	0.0333
3262	0.0333
3263	0.0333
3264	0.0333
3265	0.0333
3266	0.0333
3267	0.0215
3268	0.0044
3269	0.0044
327	0.0704
3270	0.0044
3271	0.0017
3272	0.0017
3273	0.0017
3274	3.3494
3275	0.0017
3276	0.1017
3277	0.1017
3278	0.1017
3279	5.0E-4
328	0.0704
3280	5.0E-4
3281	5.0E-4
3282	5.0E-4
3283	5.0E-4
3284	5.0E-4
3285	5.0E-4
3286	5.0E-4
3287	5.0E-4
3288	5.0E-4
3289	5.0E-4
329	0.0704
3290	5.0E-4
3291	5.0E-4
3292	5.0E-4
3293	5.0E-4
3294	5.0E-4
3295	5.0E-4
3296	5.0E-4
3297	5.0E-4
3298	5.0E-4
3299	0.0111
33	7.0928
330	0.0704
3300	0.0027
3301	0.0027
3302	0.0027
3303	9.0E-4
3304	9.0E-4
3305	9.0E-4
3306	9.0E-4
3307	9.0E-4
3308	9.0E-4
3309	9.0E-4
331	0.1166
3310	9.0E-4
3311	9.0E-4
3312	9.0E-4
3313	6.0E-4
3314	6.0E-4
3315	6.0E-4
3316	6.0E-4
3317	6.0E-4
3318	6.0E-4
3319	7.0E-4
332	0.1405
3320	7.0E-4
3321	0.0017
3322	0.0844
3323	0.0844
3324	0.0844
3325	0.0844
3326	0.0844
3327	0.0844
3328	0.0844
3329	0.0021
333	0.037
3330	0.0021
3331	0.0021
3332	0.0021
3333	0.0021
3334	0.0021
3335	0.0021
3336	0.0021
3337	0.0021
3338	0.0039
3339	0.0087
334	0.439
3340	0.0077
3341	0.0012
3342	0.0012
3343	0.0012
3344	0.0012
3345	0.0012
3346	0.0012
3347	0.0012
3348	0.0012
3349	0.0012
335	0.439
3350	0.0012
3351	0.0062
3352	0.0062
3353	0.0062
3354	0.0062
3355	0.0062
3356	0.0035
3357	0.0012
3358	0.0012
3359	0.0012
336	0.439
3360	0.0012
3361	0.0012
3362	4.0E-4
3363	4.0E-4
3364	7.0E-4
3365	9.0E-4
3366	9.0E-4
3367	9.0E-4
3368	9.0E-4
3369	9.0E-4
337	3.2675
3370	9.0E-4
3371	9.0E-4
3372	9.0E-4
3373	9.0E-4
3374	9.0E-4
3375	9.0E-4
3376	9.0E-4
3377	9.0E-4
3378	9.0E-4
3379	9.0E-4
338	3.2675
3380	9.0E-4
3381	9.0E-4
3382	9.0E-4
3383	9.0E-4
3384	9.0E-4
3385	9.0E-4
3386	9.0E-4
3387	9.0E-4
3388	9.0E-4
3389	9.0E-4
339	3.2675
3390	9.0E-4
3391	9.0E-4
3392	0.0145
3393	9.0E-4
3394	9.0E-4
3395	9.0E-4
3396	9.0E-4
3397	9.0E-4
3398	9.0E-4
3399	9.0E-4
34	4.4074
340	0.2961
3400	0.0145
3401	9.0E-4
3402	9.0E-4
3403	9.0E-4
3404	9.0E-4
3405	9.0E-4
3406	9.0E-4
3407	9.0E-4
3408	9.0E-4
3409	9.0E-4
341	0.3917
3410	9.0E-4
3411	9.0E-4
3412	9.0E-4
3413	9.0E-4
3414	9.0E-4
3415	9.0E-4
3416	9.0E-4
3417	9.0E-4
3418	9.0E-4
3419	9.0E-4
342	0.0189
3420	9.0E-4
3421	9.0E-4
3422	9.0E-4
3423	9.0E-4
3424	9.0E-4
3425	9.0E-4
3426	9.0E-4
3427	9.0E-4
3428	9.0E-4
3429	9.0E-4
343	0.0189
3430	9.0E-4
3431	9.0E-4
3432	9.0E-4
3433	9.0E-4
3434	9.0E-4
3435	9.0E-4
3436	9.0E-4
3437	9.0E-4
3438	9.0E-4
3439	9.0E-4
344	0.518
3440	9.0E-4
3441	9.0E-4
3442	9.0E-4
3443	9.0E-4
3444	9.0E-4
3445	9.0E-4
3446	9.0E-4
3447	9.0E-4
3448	9.0E-4
3449	9.0E-4
345	0.004
3450	9.0E-4
3451	9.0E-4
3452	9.0E-4
3453	9.0E-4
3454	9.0E-4
3455	9.0E-4
3456	9.0E-4
3457	9.0E-4
3458	9.0E-4
3459	9.0E-4
346	0.012
3460	9.0E-4
3461	9.0E-4
3462	9.0E-4
3463	9.0E-4
3464	9.0E-4
3465	9.0E-4
3466	9.0E-4
3467	9.0E-4
3468	9.0E-4
3469	9.0E-4
347	0.012
3470	9.0E-4
3471	0.004
3472	0.004
3473	0.004
3474	0.004
3475	0.004
3476	0.004
3477	0.004
3478	0.004
3479	1.0581
348	0.0122
3480	1.0581
3481	1.0581
3482	1.0581
3483	1.0581
3484	1.0581
3485	1.0581
3486	1.0581
3487	1.0581
3488	1.0581
3489	0.0025
349	0.012
3490	0.0082
3491	0.0082
3492	0.0032
3493	0.0032
3494	0.0032
3495	0.0026
3496	0.0026
3497	0.0026
3498	0.0026
3499	0.0026
35	4.1794
350	0.0058
3500	0.0013
3501	0.0013
3502	0.0013
3503	0.0013
3504	0.0013
3505	0.0011
3506	0.0011
3507	0.0011
3508	0.0011
3509	0.0016
351	0.0105
3510	0.0011
3511	0.15
3512	0.5526
3513	0.05
3514	2.0018
3515	0.1666
3516	0.1666
3517	0.0027
3518	0.0027
3519	0.0027
352	0.004
3520	0.0801
3521	2.0E-4
3522	0.0801
3523	2.0E-4
3524	2.0E-4
3525	2.0E-4
3526	2.0E-4
3527	2.0E-4
3528	2.0E-4
3529	2.0E-4
353	0.004
3530	2.0E-4
3531	2.0E-4
3532	0.0011
3533	2.0E-4
3534	0.0011
3535	2.0E-4
3536	2.0E-4
3537	2.0E-4
3538	2.0E-4
3539	2.0E-4
354	0.004
3540	2.0E-4
3541	2.0E-4
3542	2.0E-4
3543	2.0E-4
3544	2.0E-4
3545	2.0E-4
3546	2.0E-4
3547	2.0E-4
3548	2.0E-4
3549	2.0E-4
355	0.004
3550	2.0E-4
3551	2.0E-4
3552	2.0E-4
3553	2.0E-4
3554	2.0E-4
3555	0.0801
3556	2.0E-4
3557	2.0E-4
3558	2.0E-4
3559	2.0E-4
356	2.2964
3560	2.0E-4
3561	2.0E-4
3562	2.0E-4
3563	2.0E-4
3564	9.0E-4
3565	9.0E-4
3566	9.0E-4
3567	9.0E-4
3568	9.0E-4
3569	9.0E-4
357	2.0783
3570	9.0E-4
3571	9.0E-4
3572	9.0E-4
3573	9.0E-4
3574	6.0E-4
3575	6.0E-4
3576	6.0E-4
3577	6.0E-4
3578	6.0E-4
3579	6.0E-4
358	0.3469
3580	7.0E-4
3581	7.0E-4
3582	0.0017
3583	0.3429
3584	1.9724
3585	2.3102
3586	3.1787
3587	2.3102
3588	0.0279
3589	0.0279
359	0.8063
3590	0.5503
3591	0.0685
3592	0.0685
3593	0.0685
3594	0.0564
3595	0.0564
3596	0.0564
3597	0.0377
3598	0.0564
3599	0.0564
36	7.3222
360	0.3469
3600	0.7441
3601	0.0388
3602	0.5165
3603	0.0581
3604	0.1831
3605	0.2035
3606	0.2035
3607	0.0097
3608	0.0139
3609	0.0097
361	0.3469
3610	0.0139
3611	0.0111
3612	0.0111
3613	1.9503
3614	0.0139
3615	0.1053
3616	0.1467
3617	0.0254
3618	0.0254
3619	0.0254
362	1.2106
3620	0.0254
3621	0.0254
3622	0.0254
3623	0.0254
3624	0.0668
3625	0.0254
3626	0.0819
3627	0.0414
3628	0.0414
3629	0.0414
363	0.124
3630	0.0414
3631	0.0414
3632	0.0414
3633	0.0414
3634	0.0407
3635	0.0407
3636	0.0407
3637	0.0298
3638	0.026
3639	0.026
364	0.124
3640	0.026
3641	0.026
3642	0.026
3643	2.0011
3644	2.0011
3645	1.8774
3646	1.8774
3647	1.8774
3648	1.8774
3649	0.0936
365	0.2153
3650	0.0936
3651	0.0936
3652	0.0936
3653	0.0936
3654	0.0936
3655	0.0936
3656	0.0936
3657	0.0936
3658	0.0936
3659	0.0536
366	0.124
3660	0.006
3661	0.006
3662	0.006
3663	0.006
3664	1.8193
3665	1.0E-4
3666	1.0E-4
3667	1.0E-4
3668	1.0E-4
3669	1.0E-4
367	0.124
3670	1.0E-4
3671	1.0E-4
3672	1.0E-4
3673	1.0E-4
3674	1.0E-4
3675	1.0E-4
3676	1.0E-4
3677	1.0E-4
3678	1.0E-4
3679	1.0E-4
368	0.124
3680	1.0E-4
3681	1.0E-4
3682	1.0E-4
3683	1.0E-4
3684	1.0E-4
3685	1.0E-4
3686	1.0E-4
3687	1.0E-4
3688	1.0E-4
3689	1.0E-4
369	2.7256
3690	1.0E-4
3691	1.0E-4
3692	1.0E-4
3693	1.0E-4
3694	1.0E-4
3695	1.0E-4
3696	1.0E-4
3697	1.0E-4
3698	1.0E-4
3699	1.0E-4
37	33.5869
370	0.0012
3700	0.0036
3701	0.0108
3702	0.5526
3703	0.0175
3704	0.1792
3705	1.0942
3706	0.6149
3707	0.1597
3708	0.1597
3709	0.1036
371	0.0924
3710	0.0789
3711	0.1597
3712	0.0803
3713	0.1621
3714	0.1621
3715	0.1621
3716	0.0649
3717	0.0649
3718	0.3195
3719	0.3105
372	0.0074
3720	0.2057
3721	0.0952
3722	0.0952
3723	0.0019
3724	0.0019
3725	0.0019
3726	0.154
3727	0.154
3728	0.154
3729	7.2237
373	0.0074
3730	0.0019
3731	0.0019
3732	0.0019
3733	0.1845
3734	7.9779
3735	0.3404
3736	0.1845
3737	0.3317
3738	0.9295
3739	1.0265
374	0.0057
3740	1.8571
3741	0.5361
3742	5.4087
3743	0.3317
3744	0.3317
3745	0.3317
3746	0.3317
3747	0.3317
3748	0.0139
3749	0.0509
375	0.0056
3750	0.0139
3751	0.0864
3752	0.0864
3753	0.0864
3754	0.0864
3755	0.0864
3756	0.0864
3757	0.0864
3758	0.0864
3759	0.3444
376	0.0074
3760	0.3444
3761	0.3444
3762	0.2833
3763	0.2833
3764	0.2833
3765	0.2833
3766	0.8887
3767	0.8887
3768	0.1284
3769	0.1284
377	0.006
3770	0.1284
3771	0.1284
3772	0.1284
3773	1.2032
3774	1.2033
3775	1.2032
3776	1.2032
3777	0.1943
3778	0.1943
3779	0.1943
378	0.0074
3780	0.1943
3781	0.3657
3782	0.5323
3783	0.3657
3784	0.3657
3785	0.3657
3786	0.3657
3787	0.1723
3788	0.2186
3789	0.5924
379	0.0074
3790	0.5924
3791	0.5924
3792	0.3155
3793	0.3155
3794	0.3155
3795	0.3155
3796	0.3155
3797	0.3155
3798	0.3155
3799	0.3155
38	30.9512
380	2.0E-4
3800	0.0833
3801	0.0392
3802	0.0044
3803	0.0044
3804	0.0044
3805	0.0017
3806	0.0017
3807	0.0017
3808	3.3494
3809	0.0017
381	2.0E-4
3810	0.1017
3811	0.1017
3812	0.1017
3813	5.0E-4
3814	5.0E-4
3815	5.0E-4
3816	5.0E-4
3817	5.0E-4
3818	5.0E-4
3819	5.0E-4
382	0.1593
3820	5.0E-4
3821	5.0E-4
3822	5.0E-4
3823	5.0E-4
3824	5.0E-4
3825	5.0E-4
3826	5.0E-4
3827	5.0E-4
3828	5.0E-4
3829	5.0E-4
383	0.1593
3830	5.0E-4
3831	5.0E-4
3832	5.0E-4
3833	0.0111
3834	10.1344
3835	4.8341
3836	0.9001
3837	0.4903
3838	0.4736
3839	0.4727
384	0.2974
3840	0.4727
3841	0.4727
3842	0.4727
3843	0.4727
3844	0.4727
3845	0.4727
3846	0.4727
3847	0.4727
3848	0.4727
3849	0.4727
385	0.2974
3850	0.4727
3851	0.4727
3852	0.4727
3853	0.4727
3854	0.4727
3855	0.4727
3856	0.4727
3857	0.4727
3858	0.4727
3859	0.4727
386	0.2974
3860	0.4727
3861	0.4727
3862	0.4727
3863	0.4727
3864	0.4727
3865	0.4727
3866	0.4727
3867	0.4727
3868	0.4727
3869	0.4736
387	0.6537
3870	0.4788
3871	0.8374
3872	1.9184
3873	7.7554
3874	0.184
3875	7.9432
3876	3.8675
3877	0.8277
3878	0.4928
3879	0.4761
388	0.1695
3880	0.4751
3881	0.4751
3882	0.4751
3883	0.4751
3884	0.4751
3885	0.4751
3886	0.4751
3887	0.4751
3888	0.4751
3889	0.4751
389	0.3674
3890	0.4751
3891	0.4751
3892	0.4751
3893	0.4751
3894	0.4751
3895	0.4751
3896	0.4751
3897	0.4751
3898	0.4751
3899	0.4751
39	9.0577
390	0.2723
3900	0.4751
3901	0.4761
3902	0.4813
3903	0.765
3904	1.6079
3905	6.0953
3906	0.185
3907	2.8351
3908	1.625
3909	0.6761
391	1.3977
3910	0.5145
3911	0.4974
3912	0.4974
3913	0.503
3914	0.6134
3915	0.8957
3916	2.2243
3917	0.194
3918	5.7526
3919	2.9023
392	0.2521
3920	0.7575
3921	0.4972
3922	0.4804
3923	0.4795
3924	0.4795
3925	0.4795
3926	0.4795
3927	0.4795
3928	0.4795
3929	0.4795
393	0.2521
3930	0.4795
3931	0.4795
3932	0.4795
3933	0.4795
3934	0.4795
3935	0.4804
3936	0.4857
3937	0.6948
3938	1.2988
3939	4.4355
394	0.2521
3940	0.1868
3941	8.6737
3942	4.1896
3943	0.8517
3944	0.4918
3945	0.4751
3946	0.4742
3947	0.4742
3948	0.4742
3949	0.4742
395	0.2521
3950	0.4742
3951	0.4742
3952	0.4742
3953	0.4742
3954	0.4742
3955	0.4742
3956	0.4742
3957	0.4742
3958	0.4742
3959	0.4742
396	0.2723
3960	0.4742
3961	0.4742
3962	0.4742
3963	0.4742
3964	0.4742
3965	0.4742
3966	0.4742
3967	0.4742
3968	0.4742
3969	0.4742
397	0.2521
3970	0.4751
3971	0.4803
3972	0.789
3973	1.7113
3974	6.6487
3975	0.1847
3976	4.5363
3977	2.3678
3978	0.7205
3979	0.5016
398	0.2521
3980	0.4847
3981	0.4838
3982	0.4838
3983	0.4838
3984	0.4838
3985	0.4838
3986	0.4838
3987	0.4838
3988	0.4847
3989	0.4901
399	0.3014
3990	0.6578
3991	1.1286
3992	3.5138
3993	0.1886
3994	7.2128
3995	3.5455
3996	0.804
3997	0.4939
3998	0.4772
3999	0.4763
4	0.028
40	15.6139
400	0.2521
4000	0.4763
4001	0.4763
4002	0.4763
4003	0.4763
4004	0.4763
4005	0.4763
4006	0.4763
4007	0.4763
4008	0.4763
4009	0.4763
401	0.2512
4010	0.4763
4011	0.4763
4012	0.4763
4013	0.4763
4014	0.4763
4015	0.4763
4016	0.4763
4017	0.4772
4018	0.4825
4019	0.7413
402	0.2521
4020	1.5046
4021	5.5419
4022	0.1855
4023	13.3001
4024	6.2318
4025	1.0062
4026	0.4882
4027	0.4716
4028	0.4707
4029	0.4707
403	0.2521
4030	0.4707
4031	0.4707
4032	0.4707
4033	0.4707
4034	0.4707
4035	0.4707
4036	0.4707
4037	0.4707
4038	0.4707
4039	0.4707
404	0.2723
4040	0.4707
4041	0.4707
4042	0.4707
4043	0.4707
4044	0.4707
4045	0.4707
4046	0.4707
4047	0.4707
4048	0.4707
4049	0.4707
405	0.2521
4050	0.4707
4051	0.4707
4052	0.4707
4053	0.4707
4054	0.4707
4055	0.4707
4056	0.4707
4057	0.4707
4058	0.4707
4059	0.4707
406	0.2723
4060	0.4707
4061	0.4707
4062	0.4707
4063	0.4707
4064	0.4707
4065	0.4707
4066	0.4707
4067	0.4707
4068	0.4707
4069	0.4707
407	0.2512
4070	0.4707
4071	0.4716
4072	0.4768
4073	0.9435
4074	2.3683
4075	10.154
4076	0.1832
4077	6.4828
4078	3.2238
4079	0.7805
408	0.2512
4080	0.4954
4081	0.4786
4082	0.4777
4083	0.4777
4084	0.4777
4085	0.4777
4086	0.4777
4087	0.4777
4088	0.4777
4089	0.4777
409	0.1859
4090	0.4777
4091	0.4777
4092	0.4777
4093	0.4777
4094	0.4777
4095	0.4777
4096	0.4777
4097	0.4786
4098	0.4839
4099	0.7178
41	8.8346
410	0.1859
4100	1.4016
4101	4.9887
4102	0.1861
4103	4.0498
4104	2.1546
4105	0.7066
4106	0.5041
4107	0.4872
4108	0.4863
4109	0.4863
411	0.1859
4110	0.4863
4111	0.4863
4112	0.4863
4113	0.4872
4114	0.4926
4115	0.6439
4116	1.0612
4117	3.1451
4118	0.1897
4119	0.0071
412	0.1859
4120	0.0071
4121	0.25
4122	0.1971
4123	0.1971
4124	0.0044
4125	0.0044
4126	0.0044
4127	0.0044
4128	0.0044
4129	0.0044
413	0.1859
4130	0.0044
4131	0.0044
4132	0.0044
4133	0.0044
4134	0.0044
4135	0.0044
4136	0.0044
4137	0.0044
4138	0.0044
4139	4.1014
414	0.1859
4140	2.175
4141	0.724
4142	0.521
4143	0.504
4144	0.5031
4145	0.5031
4146	0.5031
4147	0.5031
4148	0.5031
4149	0.504
415	0.1343
4150	0.5095
4151	0.6613
4152	1.0816
4153	3.1965
4154	0.1125
4155	0.1125
4156	0.1125
4157	0.1125
4158	0.1125
4159	0.1125
416	1.1206
4160	2.0E-4
4161	2.0E-4
4162	2.0E-4
4163	2.0E-4
4164	2.0E-4
4165	2.0E-4
4166	2.0E-4
4167	2.0E-4
4168	2.0E-4
4169	2.0E-4
417	0.0035
4170	2.0E-4
4171	2.0E-4
4172	2.0E-4
4173	2.0E-4
4174	2.0E-4
4175	2.0E-4
4176	2.0E-4
4177	2.0E-4
4178	2.0E-4
4179	2.0E-4
418	0.0035
4180	2.0E-4
4181	2.0E-4
4182	2.0E-4
4183	2.0E-4
4184	2.0E-4
4185	2.0E-4
4186	2.0E-4
4187	2.0E-4
4188	2.0E-4
4189	2.0E-4
419	0.0035
4190	2.0E-4
4191	2.0E-4
4192	2.0E-4
4193	2.0E-4
4194	2.0E-4
4195	2.0E-4
4196	2.0E-4
4197	2.0E-4
4198	2.0E-4
4199	2.0E-4
42	10.9393
420	0.0035
4200	2.0E-4
4201	2.0E-4
4202	2.0E-4
4203	2.0E-4
4204	2.0E-4
4205	2.0E-4
4206	2.0E-4
4207	2.0E-4
4208	2.0E-4
4209	2.0E-4
421	0.0035
4210	2.0E-4
4211	2.0E-4
4212	2.0E-4
4213	2.0E-4
4214	2.0E-4
4215	2.0E-4
4216	2.0E-4
4217	2.0E-4
4218	2.0E-4
4219	2.0E-4
422	0.0035
4220	2.0E-4
4221	2.0E-4
4222	2.0E-4
4223	2.0E-4
4224	2.0E-4
4225	2.0E-4
4226	2.0E-4
4227	2.0E-4
4228	2.0E-4
4229	2.0E-4
423	0.0035
4230	2.0E-4
4231	2.0E-4
4232	2.0E-4
4233	2.0E-4
4234	2.0E-4
4235	2.0E-4
4236	2.0E-4
4237	2.0E-4
4238	2.0E-4
4239	2.0E-4
424	0.0035
4240	2.0E-4
4241	2.0E-4
4242	2.0E-4
4243	2.0E-4
4244	2.0E-4
4245	2.0E-4
4246	2.0E-4
4247	2.0E-4
4248	2.0E-4
4249	2.0E-4
425	43.5754
4250	2.0E-4
4251	2.0E-4
4252	2.0E-4
4253	2.0E-4
4254	2.0E-4
4255	2.0E-4
4256	2.0E-4
4257	2.0E-4
4258	2.0E-4
4259	2.0E-4
426	1.2397
4260	2.0E-4
4261	2.0E-4
4262	2.0E-4
4263	2.0E-4
4264	2.0E-4
4265	2.0E-4
4266	2.0E-4
4267	2.0E-4
4268	2.0E-4
4269	2.0E-4
427	0.9893
4270	2.0E-4
4271	2.0E-4
4272	2.0E-4
4273	2.0E-4
4274	2.0E-4
4275	2.0E-4
4276	2.0E-4
4277	2.0E-4
4278	2.0E-4
4279	2.0E-4
428	0.3307
4280	2.0E-4
4281	2.0E-4
4282	2.0E-4
4283	2.0E-4
4284	2.0E-4
4285	2.0E-4
4286	2.0E-4
4287	2.0E-4
4288	2.0E-4
4289	2.0E-4
429	0.5896
4290	2.0E-4
4291	2.0E-4
4292	2.0E-4
4293	2.0E-4
4294	2.0E-4
4295	2.0E-4
4296	2.0E-4
4297	2.0E-4
4298	2.0E-4
4299	2.0E-4
43	24.6167
430	3.3511
4300	2.0E-4
4301	2.0E-4
4302	2.0E-4
4303	2.0E-4
4304	2.0E-4
4305	2.0E-4
4306	2.0E-4
4307	2.0E-4
4308	2.0E-4
4309	2.0E-4
431	0.1334
4310	2.0E-4
4311	2.0E-4
4312	2.0E-4
4313	2.0E-4
4314	2.0E-4
4315	2.0E-4
4316	2.0E-4
4317	2.0E-4
4318	2.0E-4
4319	2.0E-4
432	0.0367
4320	2.0E-4
4321	2.0E-4
4322	2.0E-4
4323	2.0E-4
4324	2.0E-4
4325	2.0E-4
4326	2.0E-4
4327	2.0E-4
4328	2.0E-4
4329	2.0E-4
433	0.1199
4330	2.0E-4
4331	2.0E-4
4332	2.0E-4
4333	2.0E-4
4334	2.0E-4
4335	2.0E-4
4336	2.0E-4
4337	2.0E-4
4338	2.0E-4
4339	2.0E-4
434	0.1199
4340	2.0E-4
4341	2.0E-4
4342	2.0E-4
4343	2.0E-4
4344	2.0E-4
4345	2.0E-4
4346	2.0E-4
4347	2.0E-4
4348	2.0E-4
4349	2.0E-4
435	0.1153
4350	2.0E-4
4351	2.0E-4
4352	2.0E-4
4353	2.0E-4
4354	2.0E-4
4355	2.0E-4
4356	2.0E-4
4357	2.0E-4
4358	2.0E-4
4359	2.0E-4
436	0.1153
4360	2.0E-4
4361	2.0E-4
4362	2.0E-4
4363	2.0E-4
4364	2.0E-4
4365	2.0E-4
4366	2.0E-4
4367	2.0E-4
4368	2.0E-4
4369	2.0E-4
437	0.1153
4370	2.0E-4
4371	2.0E-4
4372	2.0E-4
4373	2.0E-4
4374	2.0E-4
4375	2.0E-4
4376	2.0E-4
4377	2.0E-4
4378	2.0E-4
4379	2.0E-4
438	0.1153
4380	2.0E-4
4381	2.0E-4
4382	2.0E-4
4383	2.0E-4
4384	2.0E-4
4385	2.0E-4
4386	2.0E-4
4387	2.0E-4
4388	2.0E-4
4389	2.0E-4
439	0.1153
4390	2.0E-4
4391	2.0E-4
4392	2.0E-4
4393	2.0E-4
4394	2.0E-4
4395	2.0E-4
4396	2.0E-4
4397	2.0E-4
4398	2.0E-4
4399	2.0E-4
44	8.3154
440	0.1165
4400	2.0E-4
4401	2.0E-4
4402	2.0E-4
4403	2.0E-4
4404	2.0E-4
4405	2.0E-4
4406	2.0E-4
4407	2.0E-4
4408	2.0E-4
4409	2.0E-4
441	0.0433
4410	2.0E-4
4411	2.0E-4
4412	2.0E-4
4413	2.0E-4
4414	2.0E-4
4415	2.0E-4
4416	2.0E-4
4417	2.0E-4
4418	2.0E-4
4419	2.0E-4
442	0.048
4420	2.0E-4
4421	2.0E-4
4422	2.0E-4
4423	2.0E-4
4424	2.0E-4
4425	2.0E-4
4426	2.0E-4
4427	2.0E-4
4428	2.0E-4
4429	2.0E-4
443	0.048
4430	2.0E-4
4431	2.0E-4
4432	2.0E-4
4433	2.0E-4
4434	2.0E-4
4435	2.0E-4
4436	0.006
4437	0.006
4438	0.001
4439	0.006
444	0.048
4440	0.006
4441	0.006
4442	0.006
4443	0.001
4444	0.001
4445	0.001
4446	0.005
4447	0.0449
4448	0.0762
4449	0.0742
445	0.1587
4450	0.0833
4451	0.0392
4452	0.0044
4453	0.0044
4454	0.0044
4455	0.0017
4456	0.0017
4457	0.0017
4458	3.3494
4459	0.0017
446	0.1622
4460	0.1017
4461	0.1017
4462	0.1017
4463	5.0E-4
4464	5.0E-4
4465	5.0E-4
4466	5.0E-4
4467	5.0E-4
4468	5.0E-4
4469	5.0E-4
447	0.1587
4470	5.0E-4
4471	5.0E-4
4472	5.0E-4
4473	5.0E-4
4474	5.0E-4
4475	5.0E-4
4476	5.0E-4
4477	5.0E-4
4478	5.0E-4
4479	5.0E-4
448	0.3469
4480	5.0E-4
4481	5.0E-4
4482	5.0E-4
4483	0.0111
4484	1.8193
4485	1.0054
4486	2.0E-4
4487	2.0E-4
4488	2.0E-4
4489	2.0E-4
449	0.3458
4490	2.0E-4
4491	2.0E-4
4492	2.0E-4
4493	2.0E-4
4494	2.0E-4
4495	2.0E-4
4496	2.0E-4
4497	2.0E-4
4498	2.0E-4
4499	2.0E-4
45	4.0757
450	0.4569
4500	2.0E-4
4501	2.0E-4
4502	2.0E-4
4503	2.0E-4
4504	2.0E-4
4505	2.0E-4
4506	2.0E-4
4507	2.0E-4
4508	2.0E-4
4509	2.0E-4
451	0.1782
4510	2.0E-4
4511	2.0E-4
4512	2.0E-4
4513	2.0E-4
4514	2.0E-4
4515	2.0E-4
4516	2.0E-4
4517	2.0E-4
4518	2.0E-4
4519	2.0E-4
452	0.1154
4520	2.0E-4
4521	2.0E-4
4522	2.0E-4
4523	2.0E-4
4524	2.0E-4
4525	2.0E-4
4526	2.0E-4
4527	2.0E-4
4528	2.0E-4
4529	2.0E-4
453	0.0887
4530	2.0E-4
4531	2.0E-4
4532	2.0E-4
4533	2.0E-4
4534	2.0E-4
4535	2.0E-4
4536	2.0E-4
4537	2.0E-4
4538	2.0E-4
4539	2.0E-4
454	0.0887
4540	2.0E-4
4541	2.0E-4
4542	2.0E-4
4543	2.0E-4
4544	2.0E-4
4545	2.0E-4
4546	2.0E-4
4547	2.0E-4
4548	2.0E-4
4549	2.0E-4
455	0.0887
4550	2.0E-4
4551	2.0E-4
4552	2.0E-4
4553	2.0E-4
4554	2.0E-4
4555	2.0E-4
4556	2.0E-4
4557	2.0E-4
4558	2.0E-4
4559	2.0E-4
456	0.0887
4560	2.0E-4
4561	2.0E-4
4562	2.0E-4
4563	2.0E-4
4564	2.0E-4
4565	2.0E-4
4566	2.0E-4
4567	2.0E-4
4568	2.0E-4
4569	2.0E-4
457	0.7953
4570	2.0E-4
4571	2.0E-4
4572	2.0E-4
4573	2.0E-4
4574	2.0E-4
4575	2.0E-4
4576	2.0E-4
4577	2.0E-4
4578	2.0E-4
4579	2.0E-4
458	0.7953
4580	2.0E-4
4581	2.0E-4
4582	2.0E-4
4583	2.0E-4
4584	2.0E-4
4585	2.0E-4
4586	2.0E-4
4587	2.0E-4
4588	2.0E-4
4589	2.0E-4
459	0.7953
4590	2.0E-4
4591	2.0E-4
4592	2.0E-4
4593	2.0E-4
4594	2.0E-4
4595	2.0E-4
4596	2.0E-4
4597	2.0E-4
4598	2.0E-4
4599	2.0E-4
46	7.5871
460	0.7313
4600	2.0E-4
4601	2.0E-4
4602	2.0E-4
4603	2.0E-4
4604	2.0E-4
4605	2.0E-4
4606	2.0E-4
4607	2.0E-4
4608	2.0E-4
4609	2.0E-4
461	0.7953
4610	2.0E-4
4611	2.0E-4
4612	2.0E-4
4613	2.0E-4
4614	2.0E-4
4615	2.0E-4
4616	2.0E-4
4617	2.0E-4
4618	2.0E-4
4619	2.0E-4
462	0.7999
4620	2.0E-4
4621	2.0E-4
4622	2.0E-4
4623	2.0E-4
4624	2.0E-4
4625	2.0E-4
4626	2.0E-4
4627	2.0E-4
4628	2.0E-4
4629	2.0E-4
463	0.7999
4630	2.0E-4
4631	2.0E-4
4632	2.0E-4
4633	2.0E-4
4634	2.0E-4
4635	2.0E-4
4636	2.0E-4
4637	2.0E-4
4638	2.0E-4
4639	2.0E-4
464	0.7999
4640	2.0E-4
4641	2.0E-4
4642	2.0E-4
4643	2.0E-4
4644	2.0E-4
4645	2.0E-4
4646	2.0E-4
4647	2.0E-4
4648	2.0E-4
4649	2.0E-4
465	0.7953
4650	2.0E-4
4651	2.0E-4
4652	2.0E-4
4653	2.0E-4
4654	2.0E-4
4655	2.0E-4
4656	2.0E-4
4657	2.0E-4
4658	2.0E-4
4659	2.0E-4
466	0.7953
4660	2.0E-4
4661	2.0E-4
4662	2.0E-4
4663	2.0E-4
4664	2.0E-4
4665	2.0E-4
4666	2.0E-4
4667	2.0E-4
4668	2.0E-4
4669	2.0E-4
467	0.8651
4670	2.0E-4
4671	2.0E-4
4672	2.0E-4
4673	2.0E-4
4674	2.0E-4
4675	2.0E-4
4676	2.0E-4
4677	2.0E-4
4678	2.0E-4
4679	2.0E-4
468	0.8651
4680	2.0E-4
4681	2.0E-4
4682	2.0E-4
4683	2.0E-4
4684	2.0E-4
4685	2.0E-4
4686	2.0E-4
4687	2.0E-4
4688	2.0E-4
4689	2.0E-4
469	0.2365
4690	2.0E-4
4691	2.0E-4
4692	2.0E-4
4693	2.0E-4
4694	2.0E-4
4695	2.0E-4
4696	2.0E-4
4697	2.0E-4
4698	2.0E-4
4699	2.0E-4
47	2.5606
470	0.1718
4700	2.0E-4
4701	2.0E-4
4702	2.0E-4
4703	2.0E-4
4704	2.0E-4
4705	2.0E-4
4706	2.0E-4
4707	2.0E-4
4708	2.0E-4
4709	2.0E-4
471	0.1718
4710	2.0E-4
4711	2.0E-4
4712	2.0E-4
4713	2.0E-4
4714	2.0E-4
4715	2.0E-4
4716	2.0E-4
4717	2.0E-4
4718	2.0E-4
4719	2.0E-4
472	0.1718
4720	2.0E-4
4721	2.0E-4
4722	2.0E-4
4723	2.0E-4
4724	2.0E-4
4725	2.0E-4
4726	2.0E-4
4727	2.0E-4
4728	2.0E-4
4729	2.0E-4
473	0.1593
4730	2.0E-4
4731	2.0E-4
4732	2.0E-4
4733	2.0E-4
4734	2.0E-4
4735	2.0E-4
4736	2.0E-4
4737	2.0E-4
4738	2.0E-4
4739	2.0E-4
474	3.2421
4740	2.0E-4
4741	2.0E-4
4742	2.0E-4
4743	2.0E-4
4744	2.0E-4
4745	2.0E-4
4746	2.0E-4
4747	2.0E-4
4748	2.0E-4
4749	2.0E-4
475	0.3144
4750	2.0E-4
4751	2.0E-4
4752	2.0E-4
4753	2.0E-4
4754	2.0E-4
4755	2.0E-4
4756	2.0E-4
4757	2.0E-4
4758	2.0E-4
4759	2.0E-4
476	0.3117
4760	2.0E-4
4761	2.0E-4
4762	0.0059
4763	0.0059
4764	0.001
4765	0.0059
4766	0.0059
4767	0.0059
4768	0.0059
4769	0.001
477	0.3128
4770	0.001
4771	0.001
4772	0.0049
4773	0.0449
4774	0.3782
4775	0.3377
4776	1.3808
4777	1.3808
4778	0.2072
4779	0.2072
478	0.3128
4780	0.2072
4781	0.1667
4782	0.1667
4783	0.1667
4784	0.2162
4785	0.2127
4786	0.2127
4787	0.2151
4788	0.2151
4789	0.1667
479	0.1916
4790	0.173
4791	0.1667
4792	0.173
4793	0.0277
4794	0.0014
4795	0.0014
4796	0.0014
4797	0.0014
4798	0.0014
4799	0.8916
48	4.2382
480	0.2777
4800	0.0014
4801	0.1615
4802	0.0495
4803	0.0495
4804	0.0495
4805	0.0275
4806	1.7963
4807	0.0138
4808	0.0138
4809	0.0275
481	0.1905
4810	1.4547
4811	0.0159
4812	0.5809
4813	0.0014
4814	0.0294
4815	0.8613
4816	0.0042
4817	0.0042
4818	0.0042
4819	1.0875
482	0.2541
4820	0.0042
4821	0.0072
4822	0.0072
4823	0.0072
4824	0.0072
4825	0.0072
4826	0.0072
4827	0.0072
4828	0.0297
4829	0.0297
483	0.3534
4830	0.0115
4831	0.0077
4832	0.0077
4833	0.133
4834	0.133
4835	0.133
4836	0.133
4837	0.133
4838	0.0505
4839	0.0016
484	0.3534
4840	0.0794
4841	0.0794
4842	0.0794
4843	0.0738
4844	0.1845
4845	0.0369
4846	0.0369
4847	0.0369
4848	0.3351
4849	0.3351
485	0.2554
4850	0.3351
4851	0.2502
4852	0.2502
4853	0.2502
4854	0.1126
4855	0.1126
4856	0.1126
4857	0.1049
4858	0.1049
4859	0.1049
486	0.1926
4860	0.3148
4861	0.3148
4862	1.8193
4863	0.0809
4864	0.0809
4865	0.2319
4866	0.0809
4867	0.2785
4868	0.2125
4869	0.2319
487	0.1926
4870	0.2319
4871	0.0059
4872	0.0059
4873	0.0059
4874	0.0059
4875	0.0059
4876	0.0059
4877	0.0059
4878	0.0059
4879	0.0059
488	0.1926
4880	0.0059
4881	0.0059
4882	0.0059
4883	0.0059
4884	0.0059
4885	0.0059
4886	0.0059
4887	0.0059
4888	0.0059
4889	0.0059
489	0.1926
4890	0.0059
4891	0.0059
4892	0.0059
4893	0.0059
4894	0.0059
4895	0.0059
4896	0.0059
4897	0.0059
4898	0.0059
4899	0.0059
49	2.5577
490	0.1926
4900	0.0059
4901	0.0059
4902	0.0059
4903	0.0059
4904	0.0059
4905	0.0059
4906	0.0059
4907	0.0059
4908	0.0059
4909	0.0059
491	0.1926
4910	0.0059
4911	0.0059
4912	0.0059
4913	0.0059
4914	0.0059
4915	0.0059
4916	0.0059
4917	0.0059
4918	0.0059
4919	0.0059
492	0.4965
4920	0.0059
4921	0.0059
4922	0.0059
4923	0.0059
4924	0.0308
4925	0.0308
4926	0.0308
4927	0.0308
4928	0.0308
4929	0.0154
493	0.1926
4930	0.1606
4931	0.1606
4932	0.1606
4933	0.1606
4934	0.1606
4935	0.1606
4936	0.1606
4937	0.0951
4938	0.0951
4939	0.0951
494	2.0E-4
4940	0.0951
4941	0.0951
4942	0.0951
4943	0.0951
4944	0.0951
4945	0.0951
4946	0.0951
4947	0.0951
4948	0.0951
4949	0.0951
495	2.0E-4
4950	0.0951
4951	0.0951
4952	0.0951
4953	0.0951
4954	0.0951
4955	0.0951
4956	0.0951
4957	0.0951
4958	0.0951
4959	0.0951
496	0.0861
4960	0.0951
4961	0.0951
4962	0.0951
4963	0.251
4964	0.0951
4965	0.0951
4966	0.0951
4967	0.0951
4968	0.0951
4969	0.0951
497	2.0E-4
4970	0.0951
4971	0.0951
4972	0.0351
4973	0.0351
4974	0.0351
4975	0.0351
4976	0.0351
4977	0.0351
4978	0.0351
4979	0.0351
498	0.1355
4980	0.0351
4981	0.0351
4982	0.0351
4983	0.0351
4984	0.0351
4985	0.0351
4986	0.0351
4987	0.0351
4988	0.0351
4989	0.0351
499	0.28
4990	0.0351
4991	0.0351
4992	0.0351
4993	0.0351
4994	0.0351
4995	0.0351
4996	0.0351
4997	0.0351
4998	0.0351
4999	0.0351
5	0.028
50	2.5577
500	0.2644
5000	0.0351
5001	0.4375
5002	0.4375
5003	0.4375
5004	0.4375
5005	0.4375
5006	0.4375
5007	0.4375
5008	0.2634
5009	0.2634
501	0.2186
5010	0.2634
5011	0.2634
5012	0.2634
5013	0.0634
5014	0.0634
5015	0.0634
5016	0.0634
5017	0.0634
5018	0.0634
5019	0.0634
502	0.2137
5020	0.0634
5021	0.0634
5022	0.0634
5023	0.0634
5024	0.0634
5025	0.0634
5026	0.0634
5027	0.0634
5028	0.0634
5029	0.0634
503	0.0734
5030	0.0634
5031	0.0634
5032	0.0634
5033	0.037
5034	0.037
5035	0.629
5036	0.0044
5037	0.0044
5038	0.0044
5039	0.0044
504	0.0734
5040	0.0044
5041	0.0044
5042	0.0044
5043	0.0044
5044	0.0044
5045	0.0044
5046	0.0044
5047	0.0044
5048	0.0044
5049	0.0044
505	0.2435
5050	0.0044
5051	4.1014
5052	2.175
5053	0.724
5054	0.521
5055	0.504
5056	0.5031
5057	0.5031
5058	0.5031
5059	0.5031
506	0.1945
5060	0.5031
5061	0.504
5062	0.5095
5063	0.6613
5064	1.0816
5065	3.1965
5066	0.1125
5067	0.1125
5068	0.1125
5069	0.1125
507	0.1945
5070	0.1125
5071	0.1125
5072	9.279
5073	4.8721
5074	2.0248
5075	0.3471
5076	0.3125
5077	0.3073
5078	0.3073
5079	0.3073
508	0.1945
5080	0.3073
5081	0.3073
5082	0.3073
5083	0.3073
5084	0.3073
5085	0.3073
5086	0.3073
5087	0.3073
5088	0.3073
5089	0.3073
509	0.1945
5090	0.3073
5091	0.3073
5092	0.3073
5093	0.3073
5094	0.3073
5095	0.3073
5096	0.3073
5097	0.3073
5098	0.3073
5099	0.3073
510	0.1945
5100	0.3073
5101	0.3073
5102	0.3073
5103	0.3073
5104	0.3073
5105	0.3073
5106	0.3073
5107	0.3073
5108	0.3169
5109	0.3227
511	0.1945
5110	1.2116
5111	1.6383
5112	7.2169
5113	3.8614
5114	1.6512
5115	0.3483
5116	0.3137
5117	0.3085
5118	0.3085
5119	0.3085
512	0.1945
5120	0.3085
5121	0.3085
5122	0.3085
5123	0.3085
5124	0.3085
5125	0.3085
5126	0.3085
5127	0.3085
5128	0.3085
5129	0.3085
513	0.1945
5130	0.3085
5131	0.3085
5132	0.3085
5133	0.3085
5134	0.3085
5135	0.3085
5136	0.3085
5137	0.3085
5138	0.3085
5139	0.3181
514	0.1945
5140	0.3239
5141	1.0133
5142	1.3261
5143	2.4034
5144	1.5158
5145	0.7879
5146	0.3582
5147	0.3236
5148	0.3184
5149	0.328
515	0.1945
5150	0.3347
5151	0.5611
5152	0.5997
5153	5.1539
5154	2.8524
5155	1.2786
5156	0.3503
5157	0.3157
5158	0.3105
5159	0.3105
516	0.1945
5160	0.3105
5161	0.3105
5162	0.3105
5163	0.3105
5164	0.3105
5165	0.3105
5166	0.3105
5167	0.3105
5168	0.3105
5169	0.3105
517	0.1951
5170	0.3105
5171	0.3201
5172	0.3261
5173	0.8163
5174	1.0141
5175	7.9041
5176	4.1982
5177	1.7757
5178	0.3478
5179	0.3132
518	0.1945
5180	0.308
5181	0.308
5182	0.308
5183	0.308
5184	0.308
5185	0.308
5186	0.308
5187	0.308
5188	0.308
5189	0.308
519	0.0828
5190	0.308
5191	0.308
5192	0.308
5193	0.308
5194	0.308
5195	0.308
5196	0.308
5197	0.308
5198	0.308
5199	0.308
52	29.9337
520	0.0828
5200	0.308
5201	0.308
5202	0.308
5203	0.308
5204	0.308
5205	0.3176
5206	0.3234
5207	1.0793
5208	1.4301
5209	4.008
521	0.0802
5210	2.2933
5211	1.0727
5212	0.3523
5213	0.3177
5214	0.3125
5215	0.3125
5216	0.3125
5217	0.3125
5218	0.3125
5219	0.3125
522	0.0838
5220	0.3125
5221	0.3125
5222	0.3221
5223	0.3283
5224	0.7081
5225	0.8411
5226	6.529
5227	3.5249
5228	1.5268
5229	0.3488
523	0.2824
5230	0.3142
5231	0.309
5232	0.309
5233	0.309
5234	0.309
5235	0.309
5236	0.309
5237	0.309
5238	0.309
5239	0.309
524	0.0838
5240	0.309
5241	0.309
5242	0.309
5243	0.309
5244	0.309
5245	0.309
5246	0.309
5247	0.309
5248	0.309
5249	0.309
525	0.0838
5250	0.3186
5251	0.3245
5252	0.9474
5253	1.2221
5254	12.2592
5255	6.333
5256	2.5653
5257	0.3462
5258	0.3116
5259	0.3064
526	4.2042
5260	0.3064
5261	0.3064
5262	0.3064
5263	0.3064
5264	0.3064
5265	0.3064
5266	0.3064
5267	0.3064
5268	0.3064
5269	0.3064
527	0.1721
5270	0.3064
5271	0.3064
5272	0.3064
5273	0.3064
5274	0.3064
5275	0.3064
5276	0.3064
5277	0.3064
5278	0.3064
5279	0.3064
528	0.143
5280	0.3064
5281	0.3064
5282	0.3064
5283	0.3064
5284	0.3064
5285	0.3064
5286	0.3064
5287	0.3064
5288	0.3064
5289	0.3064
529	0.0797
5290	0.3064
5291	0.3064
5292	0.3064
5293	0.3064
5294	0.3064
5295	0.3064
5296	0.3064
5297	0.3064
5298	0.3064
5299	0.3064
53	2.9043
530	0.0797
5300	0.3064
5301	0.3064
5302	0.3064
5303	0.316
5304	0.3217
5305	1.4992
5306	2.0895
5307	5.8417
5308	3.1885
5309	1.4026
531	0.0251
5310	0.3495
5311	0.3149
5312	0.3097
5313	0.3097
5314	0.3097
5315	0.3097
5316	0.3097
5317	0.3097
5318	0.3097
5319	0.3097
532	0.5036
5320	0.3097
5321	0.3097
5322	0.3097
5323	0.3097
5324	0.3097
5325	0.3097
5326	0.3097
5327	0.3097
5328	0.3193
5329	0.3252
533	0.0251
5330	0.8817
5331	1.1181
5332	3.5496
5333	2.0703
5334	0.9907
5335	0.3535
5336	0.3189
5337	0.3137
5338	0.3137
5339	0.3137
534	0.0251
5340	0.3137
5341	0.3137
5342	0.3137
5343	0.3233
5344	0.3296
5345	0.6653
5346	0.772
5347	3.5584
5348	2.074
5349	0.9936
535	0.0251
5350	0.3563
5351	0.3217
5352	0.3165
5353	0.3165
5354	0.3165
5355	0.3165
5356	0.3165
5357	0.3165
5358	0.3261
5359	0.3325
536	1.7808
5360	0.6689
5361	0.7781
5362	0.1125
5363	0.1125
5364	0.1125
5365	0.1125
5366	0.1125
5367	0.1125
5368	0.1125
5369	0.1125
537	1.7808
5370	0.1125
5371	0.1125
5372	0.1125
5373	0.1125
5374	0.1125
5375	0.1125
5376	0.1125
5377	0.0278
5378	0.1739
5379	0.1787
538	1.7921
5380	0.1724
5381	0.1761
5382	0.0044
5383	0.0044
5384	0.0044
5385	0.0044
5386	0.0044
5387	0.0044
5388	0.0044
5389	0.0044
539	1.8199
5390	0.0044
5391	0.0044
5392	0.0044
5393	0.0044
5394	0.0044
5395	0.0044
5396	0.0044
5397	4.1014
5398	2.175
5399	0.724
54	2.8052
540	1.7808
5400	0.521
5401	0.504
5402	0.5031
5403	0.5031
5404	0.5031
5405	0.5031
5406	0.5031
5407	0.504
5408	0.5095
5409	0.6613
541	1.8199
5410	1.0816
5411	3.1965
5412	0.1125
5413	0.1125
5414	0.1125
5415	0.1125
5416	0.1125
5417	0.1125
5418	0.1049
5419	0.1049
542	1.7808
5420	0.1049
5421	0.0278
5422	0.1828
5423	0.1828
5424	0.1557
5425	0.1557
5426	0.0283
5427	0.0283
5428	0.0283
5429	0.0259
543	1.7802
5430	0.0259
5431	0.0259
5432	0.039
5433	0.039
5434	0.039
5435	1.5776
5436	0.004
5437	0.004
5438	0.0079
5439	0.002
544	1.7808
5440	0.002
5441	0.002
5442	0.3174
5443	0.3174
5444	0.0026
5445	0.0026
5446	0.0026
5447	0.0871
5448	0.0871
5449	1.7645
545	1.8379
5450	1.7645
5451	1.7645
5452	1.7645
5453	2.0938
5454	1.8623
5455	1.2336
5456	5.5103
5457	0.9211
5458	0.9211
5459	0.1131
546	1.7808
5460	0.0405
5461	0.0405
5462	0.0405
5463	0.0405
5464	0.0072
5465	0.0072
5466	0.0238
5467	0.0238
5468	4.4701
5469	0.0417
547	0.2433
5470	1.0417
5471	0.0417
5472	0.0022
5473	0.0022
5474	0.0022
5475	0.0022
5476	0.0022
5477	0.0022
5478	0.0022
5479	0.0022
548	0.0668
5480	0.006
5481	0.006
5482	0.006
5483	1.0834
5484	0.0834
5485	0.0354
5486	0.0118
5487	0.0118
5488	0.0118
5489	0.0118
549	0.1308
5490	0.0438
5491	0.0156
5492	0.0509
5493	0.0308
5494	0.0331
5495	0.0438
5496	0.0438
5497	0.5998
5498	0.0833
5499	0.0833
55	2.7818
550	0.1985
5500	0.0833
5501	0.0833
5502	0.0909
5503	0.4444
5504	0.4444
5505	0.4444
5506	0.1049
5507	0.1049
5508	0.1049
5509	0.1976
551	0.2078
5510	0.1667
5511	0.1053
5512	0.1316
5513	0.009
5514	0.003
5515	0.003
5516	0.0045
5517	0.0045
5518	0.003
5519	0.003
552	0.1985
5520	0.003
5521	0.009
5522	0.009
5523	3.5583
5524	2.074
5525	0.9936
5526	0.3563
5527	0.3217
5528	0.3165
5529	0.3165
553	0.209
5530	0.3165
5531	0.3165
5532	0.3165
5533	0.3165
5534	0.3261
5535	0.3325
5536	0.6689
5537	0.7781
5538	0.1125
5539	0.1125
554	0.2343
5540	0.1125
5541	0.1125
5542	0.1125
5543	0.1125
5544	0.1125
5545	0.1125
5546	0.1125
5547	0.1125
5548	0.1125
5549	0.1125
555	0.2353
5550	0.1125
5551	0.1125
5552	0.1125
5553	0.0048
5554	0.0048
5555	0.0048
5556	0.0048
5557	0.0048
5558	0.0048
5559	0.0048
556	0.2353
5560	0.0048
5561	0.0048
5562	0.0048
5563	0.0048
5564	0.0048
5565	0.0048
5566	0.0048
5567	0.0048
5568	0.0048
5569	0.0048
557	0.2482
5570	0.0048
5571	0.0048
5572	0.0048
5573	0.0048
5574	0.0048
5575	0.0048
5576	0.0048
5577	0.0048
5578	0.0048
5579	0.0048
558	0.1294
5580	0.0048
5581	0.0048
5582	0.0048
5583	0.0048
5584	0.0048
5585	0.0048
5586	0.0048
5587	0.0048
5588	0.0048
5589	0.0048
559	0.1294
5590	0.0048
5591	0.0048
5592	0.0048
5593	0.0048
5594	0.0048
5595	0.0048
5596	0.0048
5597	0.0048
5598	0.0048
5599	0.0048
56	2.5689
560	0.1294
5600	0.0048
5601	0.0048
5602	0.0048
5603	0.0048
5604	0.0048
5605	0.0048
5606	0.0048
5607	0.0048
5608	0.0048
5609	0.0048
561	0.1232
5610	0.0048
5611	0.0048
5612	0.0048
5613	0.0048
5614	0.0048
5615	0.0048
5616	0.0048
5617	0.0048
5618	0.0048
5619	0.0048
562	0.1232
5620	0.0048
5621	0.0048
5622	0.0048
5623	0.0048
5624	0.0048
5625	0.0048
5626	0.0048
5627	0.0048
5628	0.0048
5629	0.0048
563	0.1232
5630	0.0048
5631	0.0048
5632	0.0048
5633	0.0048
5634	0.0048
5635	0.0048
5636	0.0048
5637	0.0048
5638	0.0048
5639	0.0048
564	0.1232
5640	0.0048
5641	0.0048
5642	0.0048
5643	0.0048
5644	0.0048
5645	0.0048
5646	0.0048
5647	0.0048
5648	0.0048
5649	0.0048
565	0.1293
5650	0.0048
5651	0.0048
5652	0.0048
5653	0.0048
5654	0.0048
5655	0.0038
5656	0.0038
5657	0.0038
5658	0.0038
5659	0.0038
566	0.2186
5660	0.0038
5661	0.0038
5662	0.0038
5663	0.0038
5664	0.0038
5665	0.0038
5666	0.0038
5667	0.0038
5668	0.0038
5669	0.0038
567	0.2198
5670	0.0038
5671	0.0038
5672	0.0038
5673	0.0038
5674	0.0038
5675	0.0038
5676	0.0038
5677	0.0038
5678	0.0038
5679	0.0038
568	0.2198
5680	0.0038
5681	0.0038
5682	0.0038
5683	0.0038
5684	0.0038
5685	0.0038
5686	0.0038
5687	0.0038
5688	0.0038
5689	0.0038
569	0.4996
5690	0.0038
5691	0.0038
5692	0.0038
5693	0.0038
5694	0.0038
5695	0.0038
5696	0.0038
5697	0.0038
5698	0.0038
5699	0.0038
57	2.4846
570	0.2198
5700	0.0038
5701	0.0038
5702	0.0038
5703	0.0038
5704	0.0038
5705	0.0038
5706	0.0038
5707	0.0038
5708	0.0038
5709	0.0038
571	0.2186
5710	0.0038
5711	0.0038
5712	0.0038
5713	0.0038
5714	0.0038
5715	0.0038
5716	0.0038
5717	0.0038
5718	0.0038
5719	0.0038
572	0.2186
5720	0.0038
5721	0.0038
5722	0.0038
5723	0.0038
5724	0.0038
5725	0.0038
5726	0.0038
5727	0.0038
5728	0.0038
5729	0.0038
573	0.2186
5730	0.0038
5731	0.0038
5732	0.0038
5733	0.0038
5734	0.0038
5735	0.0038
5736	0.0038
5737	0.0038
5738	0.0038
5739	0.0038
574	0.2186
5740	0.0038
5741	0.0038
5742	0.0038
5743	0.0038
5744	0.0038
5745	0.0038
5746	0.0038
5747	0.0038
5748	0.0038
5749	0.0038
575	0.2186
5750	0.0038
5751	0.0038
5752	0.0038
5753	0.0038
5754	0.0038
5755	0.0038
5756	0.0038
5757	0.0038
5758	0.0038
5759	0.0038
576	0.2186
5760	0.0038
5761	0.0038
5762	0.0038
5763	0.0038
5764	0.0038
5765	0.0038
5766	0.0038
5767	0.0038
5768	0.0038
5769	0.0038
577	0.2186
5770	0.0038
5771	0.0038
5772	0.0038
5773	0.0038
5774	0.0038
5775	0.0038
5776	0.0038
5777	0.0038
5778	0.0038
5779	0.0038
578	2.988
5780	0.0038
5781	0.0038
5782	0.0038
5783	0.0038
5784	0.0038
5785	3.5583
5786	2.074
5787	0.9936
5788	0.3563
5789	0.3217
579	0.1516
5790	0.3165
5791	0.3165
5792	0.3165
5793	0.3165
5794	0.3165
5795	0.3165
5796	0.3261
5797	0.3325
5798	0.6689
5799	0.7781
58	2.789
580	0.1516
5800	0.1125
5801	0.1125
5802	0.1125
5803	0.1125
5804	0.1125
5805	0.1125
5806	0.1125
5807	0.1125
5808	0.1125
5809	0.1125
581	0.1583
5810	0.1125
5811	0.1125
5812	0.1125
5813	0.1125
5814	0.1125
5815	0.0163
5816	0.0163
5817	0.0131
5818	0.0714
5819	0.2672
582	0.2798
5820	1.1584
5821	1.1584
5822	0.2315
5823	1.25
5824	0.2361
5825	0.9554
5826	0.3138
5827	0.3138
5828	0.7245
5829	0.3138
583	0.2798
5830	0.3138
5831	0.3138
5832	0.9107
5833	0.9107
5834	1.0
5835	0.2568
5836	0.2568
5837	0.2568
5838	0.2568
5839	0.2568
584	0.2363
5840	0.2568
5841	0.2568
5842	0.75
5843	0.75
5844	0.125
5845	0.0175
5846	0.0175
5847	0.0175
5848	0.0326
5849	0.0175
585	0.2983
5850	0.0175
5851	0.0175
5852	0.0175
5853	0.0175
5854	0.0175
5855	0.0175
5856	0.0326
5857	0.0175
5858	0.0527
5859	0.0175
586	0.2798
5860	0.0527
5861	0.0175
5862	0.0326
5863	0.0175
5864	0.0175
5865	0.0175
5866	0.0326
5867	1.0
5868	0.0041
5869	0.0041
587	0.353
5870	0.0041
5871	0.0041
5872	0.0041
5873	0.0041
5874	0.0041
5875	0.0411
5876	0.0041
5877	1.0411
5878	0.0041
5879	0.0041
588	0.2363
5880	0.0041
5881	0.0041
5882	0.0041
5883	0.0041
5884	0.0041
5885	0.0041
5886	0.0041
5887	0.0041
5888	0.0041
5889	0.0041
589	0.2941
5890	0.0041
5891	0.0041
5892	0.0052
5893	0.044
5894	0.0052
5895	0.0052
5896	0.0052
5897	0.0052
5898	0.0052
5899	0.0052
59	2.7654
590	0.2941
5900	0.0052
5901	0.0052
5902	0.0052
5903	0.0052
5904	0.0052
5905	0.0052
5906	0.0052
5907	0.0052
5908	0.0052
5909	0.0052
591	0.2941
5910	0.0052
5911	0.0052
5912	0.0052
5913	0.0038
5914	0.0052
5915	0.0052
5916	0.0052
5917	0.0052
5918	0.0052
5919	0.0038
592	0.2941
5920	1.0
5921	0.0556
5922	0.1383
5923	0.1383
5924	0.1383
5925	0.1383
5926	0.1383
5927	0.1383
5928	0.1383
5929	0.1383
593	9.2974
5930	1.0543
5931	1.0543
5932	1.0543
5933	1.0543
5934	1.0543
5935	1.0543
5936	0.1352
5937	0.1306
5938	0.3125
5939	1.0
594	0.3516
5940	0.0282
5941	0.0282
5942	0.0282
5943	0.0282
5944	0.0282
5945	0.0282
5946	0.0282
5947	0.0352
5948	0.0521
5949	0.0352
595	0.2186
5950	0.0352
5951	1.0
5952	0.0062
5953	0.0092
5954	0.0123
5955	2.0817
5956	1.0123
5957	0.0123
5958	0.0015
5959	0.0015
596	0.2186
5960	0.0015
5961	0.0015
5962	0.0015
5963	0.0015
5964	0.0015
5965	0.0015
5966	0.0015
5967	0.0015
5968	0.0063
5969	0.0063
597	0.2186
5970	0.0063
5971	0.0063
5972	0.0063
5973	0.0063
5974	1.0
5975	0.0078
5976	0.0602
5977	0.0602
5978	0.0046
5979	0.0046
598	0.02
5980	0.0046
5981	0.0046
5982	0.0046
5983	0.0046
5984	0.0046
5985	0.0046
5986	0.0046
5987	0.0046
5988	0.0046
5989	0.0046
599	0.0107
5990	0.0046
5991	0.0046
5992	1.0
5993	0.0151
5994	0.0151
5995	0.0151
5996	0.0031
5997	0.0031
5998	0.0031
5999	0.0031
6	0.028
60	2.5706
600	0.2071
6000	0.0031
6001	0.0123
6002	0.0123
6003	0.0599
6004	1.3379
6005	1.5185
6006	0.0476
6007	0.0476
6008	0.0476
6009	0.0476
601	0.2071
6010	0.0476
6011	0.0476
6012	0.4444
602	0.2071
603	0.2071
604	0.2071
605	0.2071
606	0.2071
607	0.2071
608	0.2071
609	0.2071
61	29.9761
610	0.2071
611	2.9143
612	4.4323
613	0.0384
614	0.271
615	0.0334
616	0.124
617	0.042
618	0.042
619	0.042
62	0.5372
620	3.1063
621	5.0071
622	0.037
623	0.0364
624	0.0356
625	0.0852
626	0.0852
627	2.458
628	0.2587
629	0.2587
63	2.3756
630	6.8386
631	0.5184
632	1.0E-4
633	1.0E-4
634	1.0E-4
635	1.0E-4
636	1.0E-4
637	1.0E-4
638	1.0E-4
639	1.0E-4
64	1.6803
640	1.0E-4
641	1.0E-4
642	1.0E-4
643	1.0E-4
644	1.0E-4
645	1.0E-4
646	1.0E-4
647	1.0E-4
648	0.12
649	0.12
65	1.8973
650	0.12
651	0.1205
652	0.12
653	0.12
654	0.12
655	0.12
656	0.1213
657	0.1205
658	1.0E-4
659	1.0E-4
66	1.6867
660	1.0E-4
661	1.0E-4
662	1.0E-4
663	1.0E-4
664	1.0E-4
665	2.0E-4
666	2.0E-4
667	0.0199
668	0.0103
669	0.0478
67	1.6514
670	0.0475
671	0.078
672	0.078
673	0.1274
674	0.85
675	0.063
676	0.0633
677	0.0962
678	0.8319
679	1.0E-4
68	2.392
680	1.0E-4
681	1.0E-4
682	1.0E-4
683	1.0E-4
684	1.0E-4
685	1.0E-4
686	0.0556
687	0.0765
688	0.0765
689	0.0765
69	2.5032
690	1.0E-4
691	1.0E-4
692	1.0E-4
693	1.0E-4
694	1.0E-4
695	1.0E-4
696	1.0E-4
697	1.0E-4
698	1.0E-4
699	1.0E-4
7	4.6723
70	1.9716
700	1.0E-4
701	1.0E-4
702	1.0E-4
703	1.0E-4
704	1.0E-4
705	1.0E-4
706	1.0E-4
707	1.0E-4
708	1.0E-4
709	0.0232
71	2.5457
710	0.0835
711	0.0036
712	0.0835
713	0.0036
714	0.0036
715	0.0036
716	0.0036
717	0.0036
718	0.0036
719	0.0036
72	2.7213
720	0.0036
721	0.0036
722	0.0045
723	0.0036
724	0.0045
725	0.0036
726	0.0036
727	0.0036
728	0.0036
729	0.0036
73	11.2847
730	0.0036
731	0.0036
732	0.0036
733	0.0036
734	0.0036
735	0.0036
736	0.0036
737	0.0036
738	0.0036
739	0.0036
74	3.2056
740	0.0036
741	0.0036
742	0.0036
743	0.0036
744	0.0036
745	0.0835
746	0.0036
747	0.0036
748	0.0036
749	0.0036
75	2.0578
750	0.0036
751	0.3806
752	0.0036
753	0.0036
754	0.0036
755	0.0762
756	0.0762
757	0.0762
758	0.0762
759	0.0762
76	2.4633
760	0.0762
761	0.0762
762	0.0762
763	0.062
764	0.0616
765	0.0622
766	0.1
767	0.0681
768	0.0375
769	0.062
77	0.8949
770	0.062
771	1.0E-4
772	0.0395
773	0.0395
774	0.0376
775	0.0394
776	0.0394
777	0.0376
778	0.0142
779	0.0142
78	2.5864
780	0.0391
781	0.0391
782	0.0017
783	0.0342
784	0.0481
785	0.0479
786	0.0479
787	0.0479
788	0.0368
789	0.0368
79	1.3907
790	0.0368
791	0.0394
792	0.0394
793	0.0394
794	0.0397
795	0.0397
796	0.0378
797	0.0368
798	0.0368
799	0.0368
8	0.3052
80	7.2452
800	0.0202
801	0.0165
802	0.0534
803	0.0509
804	0.0813
805	0.0813
806	0.0813
807	0.0813
808	0.0912
809	0.0912
81	10.6033
810	0.0719
811	0.072
812	0.0719
813	0.0719
814	0.0719
815	0.0719
816	0.0754
817	0.0728
818	0.0932
819	0.0927
82	4.5865
820	0.0927
821	0.0927
822	11.2277
823	1.5861
824	0.2189
825	0.1698
826	0.9795
827	0.3973
828	9.5667
829	0.0601
83	3.5996
830	0.0903
831	0.0379
832	0.0379
833	0.0379
834	0.0379
835	0.0379
836	0.007
837	0.9505
838	0.6251
839	0.7666
84	4.5994
840	1.1171
841	0.6579
842	0.7734
843	0.5461
844	0.5461
845	0.5461
846	0.5461
847	0.5461
848	0.5461
849	0.5461
85	3.248
850	0.5461
851	0.5461
852	0.5461
853	0.5461
854	0.5461
855	0.5461
856	0.5461
857	0.5461
858	0.5461
859	0.5461
86	2.7478
860	0.5461
861	0.5461
862	0.5461
863	0.5461
864	0.5461
865	0.5461
866	0.5461
867	0.5461
868	0.5461
869	0.1241
87	3.0538
870	0.0099
871	0.0099
872	0.0137
873	0.0471
874	0.0334
875	0.6243
876	0.3636
877	0.503
878	0.503
879	0.3769
88	3.248
880	8.6642
881	0.2943
882	0.2943
883	0.2943
884	0.2943
885	0.2943
886	0.2943
887	0.7257
888	0.2943
889	0.0434
89	2.7799
890	0.1598
891	0.0434
892	0.4706
893	0.9327
894	0.4706
895	0.4706
896	0.0767
897	0.0767
898	0.0767
899	0.0767
9	0.0397
90	3.4666
900	0.0125
901	0.0125
902	0.0125
903	0.0125
904	0.0125
905	0.0125
906	0.0125
907	0.0125
908	0.0125
909	0.0125
91	3.4666
910	0.0125
911	0.0125
912	0.0125
913	0.0125
914	0.0125
915	0.0125
916	0.0125
917	0.0125
918	0.0226
919	0.0125
92	3.5087
920	0.0226
921	0.0125
922	0.0125
923	0.0541
924	0.0125
925	0.0125
926	0.0125
927	0.0125
928	0.0125
929	0.0125
93	2.987
930	0.0125
931	0.0395
932	0.0125
933	0.0125
934	0.0125
935	0.018
936	0.0186
937	0.0185
938	0.0776
939	0.0271
94	2.0E-4
940	0.0271
941	0.0271
942	0.0271
943	0.1315
944	0.1315
945	0.1018
946	0.1028
947	0.0384
948	0.0382
949	0.0339
95	2.0E-4
950	0.038
951	0.0382
952	0.0932
953	0.124
954	0.124
955	0.1233
956	0.1282
957	0.1348
958	0.0276
959	0.0276
96	2.0E-4
960	0.0254
961	0.0683
962	0.0683
963	0.081
964	0.0679
965	0.0679
966	0.0679
967	0.0679
968	0.1009
969	0.1009
97	2.0E-4
970	0.478
971	0.0232
972	0.1117
973	0.1123
974	0.1111
975	0.1111
976	0.1117
977	0.1111
978	0.1111
979	0.1366
98	2.0E-4
980	0.023
981	0.6508
982	0.082
983	0.0815
984	0.0825
985	0.145
986	0.0815
987	0.0231
988	0.0229
989	0.0179
99	2.0E-4
990	0.3388
991	2.0862
992	0.6527
993	3.3127
994	0.3388
995	1.3157
996	0.0211
997	0.0211
998	0.0476
999	0.0472
