1	0.0205
10	0.378
100	0.0
1000	0.0018
1001	0.0018
1002	0.0017
1003	0.0012
1004	0.0013
1005	0.0012
1006	0.0016
1007	0.0016
1008	0.0017
1009	0.0016
101	0.0
1010	0.0014
1011	0.0014
1012	0.0015
1013	0.0015
1014	0.0015
1015	0.0018
1016	0.0018
1017	0.0018
1018	0.0016
1019	0.0016
102	0.0016
1020	0.569
1021	0.4242
1022	0.0011
1023	1.0E-4
1024	1.0E-4
1025	0.0159
1026	0.0159
1027	0.0046
1028	0.001
1029	0.0014
103	0.0
1030	0.0018
1031	2.0E-4
1032	0.0
1033	0.0018
1034	0.0935
1035	0.0011
1036	0.0011
1037	0.0011
1038	0.0018
1039	1.0772
104	0.0
1040	1.0772
1041	1.0772
1042	1.0772
1043	1.0772
1044	1.0772
1045	1.0772
1046	1.0772
1047	1.0772
1048	1.0772
1049	1.0772
105	0.0
1050	1.0772
1051	1.0772
1052	1.0772
1053	1.0772
1054	1.0772
1055	1.0772
1056	1.0772
1057	1.0772
1058	1.0772
1059	1.0772
106	0.4326
1060	1.0772
1061	1.0772
1062	1.0772
1063	1.0772
1064	1.0772
1065	1.0772
1066	0.0
1067	0.0
1068	0.0
1069	0.0
107	0.1431
1070	0.0
1071	0.0
1072	0.0
1073	0.0
1074	0.0
1075	0.0
1076	0.0
1077	0.0
1078	0.0
1079	0.0
108	0.0805
1080	0.0
1081	0.0
1082	0.0
1083	0.0
1084	0.0
1085	0.0
1086	0.0
1087	0.0
1088	0.0
1089	0.0
109	0.0733
1090	0.0
1091	0.0
1092	0.0
1093	0.0
1094	0.0
1095	0.0
1096	0.0
1097	0.0
1098	1.0E-4
1099	1.0E-4
11	9.0E-4
110	0.0733
1100	0.0024
1101	0.0029
1102	0.0014
1103	0.0014
1104	0.0014
1105	0.0014
1106	0.0014
1107	0.0014
1108	0.0014
1109	0.0014
111	0.2839
1110	0.0014
1111	0.0014
1112	0.0014
1113	0.0014
1114	0.0014
1115	0.0014
1116	0.0014
1117	0.0014
1118	0.0014
1119	0.0014
112	0.295
1120	0.0014
1121	0.0014
1122	0.0014
1123	0.0014
1124	0.0014
1125	0.0014
1126	0.0014
1127	0.0014
1128	0.0014
1129	0.0014
113	0.125
1130	0.0014
1131	0.0014
1132	0.0014
1133	0.0014
1134	0.0014
1135	0.0014
1136	0.0014
1137	0.0014
1138	0.0014
1139	0.0014
114	0.0741
1140	0.0014
1141	0.0014
1142	0.0014
1143	0.0014
1144	0.0014
1145	0.0014
1146	0.0014
1147	0.0014
1148	0.0014
1149	0.0014
115	0.1355
1150	0.0014
1151	0.0014
1152	0.0014
1153	0.0014
1154	0.0014
1155	0.0014
1156	0.0014
1157	0.0014
1158	0.0014
1159	0.0
116	0.2343
1160	0.0
1161	1.0E-4
1162	0.0
1163	0.0
1164	0.0
1165	0.0
1166	0.0
1167	0.0
1168	0.0
1169	0.0
117	0.0953
1170	0.0
1171	0.0
1172	0.0
1173	0.0
1174	0.0
1175	0.0
1176	0.0
1177	1.0E-4
1178	4.0E-4
1179	0.0
118	0.2505
1180	0.0
1181	0.0
1182	0.0
1183	0.0
1184	0.0
1185	0.0
1186	0.0
1187	1.0E-4
1188	1.0E-4
1189	1.0E-4
119	0.5906
1190	1.0E-4
1191	1.0E-4
1192	1.0E-4
1193	4.0E-4
1194	4.0E-4
1195	4.0E-4
1196	1.0E-4
1197	1.0E-4
1198	0.0
1199	0.0528
12	0.0011
120	0.2669
1200	0.0
1201	0.0
1202	0.0
1203	0.0
1204	0.0
1205	0.0
1206	0.0
1207	0.0
1208	0.0
1209	0.0
121	0.2439
1210	0.0
1211	0.0
1212	0.0
1213	3.0E-4
1214	0.0
1215	0.0669
1216	0.1025
1217	0.0669
1218	0.0669
1219	1.0E-4
122	0.2669
1220	1.0E-4
1221	0.0
1222	0.0
1223	0.0
1224	0.0
1225	1.0E-4
1226	1.0E-4
1227	9.0E-4
1228	9.0E-4
1229	9.0E-4
123	0.3753
1230	9.0E-4
1231	9.0E-4
1232	9.0E-4
1233	9.0E-4
1234	0.0
1235	0.0
1236	0.0
1237	0.0
1238	0.0
1239	0.0
124	0.3439
1240	0.0
1241	0.0
1242	0.0
1243	0.0
1244	0.0
1245	0.0
1246	0.0
1247	0.0
1248	0.0
1249	0.0
125	0.3459
1250	0.0
1251	0.0
1252	0.0
1253	0.0
1254	0.0
1255	0.0
1256	0.0
1257	0.0
1258	0.0
1259	0.0
126	0.3475
1260	0.0
1261	0.0
1262	0.0
1263	0.0
1264	0.0
1265	0.0
1266	0.0
1267	0.0
1268	0.0
1269	0.0012
127	0.1067
1270	0.0012
1271	0.0012
1272	0.0012
1273	0.0012
1274	0.0012
1275	0.0012
1276	0.0012
1277	0.0012
1278	0.0012
1279	0.001
128	0.1067
1280	0.001
1281	0.001
1282	0.001
1283	0.001
1284	0.0
1285	0.0
1286	0.0
1287	0.0
1288	0.0029
1289	0.0029
129	0.1004
1290	0.0029
1291	0.0044
1292	0.0019
1293	0.0128
1294	0.0128
1295	5.0E-4
1296	5.0E-4
1297	0.0
1298	0.0
1299	0.0
13	9.0E-4
130	0.095
1300	1.0E-4
1301	0.0
1302	0.0
1303	0.0
1304	0.0
1305	0.0
1306	0.0
1307	0.0
1308	0.0
1309	3.0E-4
131	0.0786
1310	0.0
1311	2.0E-4
1312	1.0E-4
1313	1.0E-4
1314	1.0E-4
1315	1.0E-4
1316	1.0E-4
1317	1.0E-4
1318	1.0E-4
1319	1.0E-4
132	0.9854
1320	1.0E-4
1321	1.0E-4
1322	1.0E-4
1323	1.0E-4
1324	1.0E-4
1325	1.0E-4
1326	1.0E-4
1327	1.0E-4
1328	1.0E-4
1329	1.0E-4
133	0.0318
1330	1.0E-4
1331	1.0E-4
1332	1.0E-4
1333	1.0E-4
1334	1.0E-4
1335	1.0E-4
1336	1.0E-4
1337	1.0E-4
1338	1.0E-4
1339	1.0E-4
134	0.0291
1340	1.0E-4
1341	1.0E-4
1342	2.0E-4
1343	2.0E-4
1344	1.0E-4
1345	0.0017
1346	3.0E-4
1347	3.0E-4
1348	3.0E-4
1349	3.0E-4
135	0.0347
1350	3.0E-4
1351	3.0E-4
1352	3.0E-4
1353	3.0E-4
1354	3.0E-4
1355	3.0E-4
1356	3.0E-4
1357	3.0E-4
1358	3.0E-4
1359	3.0E-4
136	0.037
1360	3.0E-4
1361	3.0E-4
1362	0.0
1363	0.0049
1364	0.0049
1365	3.0E-4
1366	3.0E-4
1367	3.0E-4
1368	3.0E-4
1369	3.0E-4
137	0.0396
1370	0.0569
1371	0.0051
1372	0.0018
1373	0.0023
1374	0.0044
1375	0.0016
1376	0.001
1377	0.001
1378	4.0E-4
1379	0.0813
138	0.0681
1380	4.0E-4
1381	4.0E-4
1382	2.0E-4
1383	2.0E-4
1384	2.0E-4
1385	2.0E-4
1386	2.0E-4
1387	2.0E-4
1388	2.0E-4
1389	2.0E-4
139	0.0102
1390	0.0
1391	1.0E-4
1392	0.0
1393	0.0
1394	0.0
1395	0.0
1396	0.0
1397	0.0
1398	1.0E-4
1399	0.0
14	0.1021
140	0.0097
1400	0.0
1401	0.0
1402	0.0
1403	0.0
1404	0.0
1405	0.0
1406	0.0
1407	0.0
1408	0.0011
1409	0.0075
141	0.009
1410	0.0075
1411	0.0075
1412	0.0075
1413	0.0075
1414	0.0075
1415	0.0075
1416	0.009
1417	0.0115
1418	0.0075
1419	0.0114
142	0.0424
1420	0.0114
1421	0.0075
1422	1.0E-4
1423	1.0E-4
1424	1.0E-4
1425	1.0E-4
1426	1.0E-4
1427	1.0E-4
1428	1.0E-4
1429	1.0E-4
143	0.0598
1430	1.0E-4
1431	1.0E-4
1432	1.0E-4
1433	8.0E-4
1434	8.0E-4
1435	8.0E-4
1436	8.0E-4
1437	8.0E-4
1438	1.0E-4
1439	1.0E-4
144	0.0137
1440	3.0E-4
1441	4.0E-4
1442	0.0015
1443	0.0898
1444	3.0E-4
1445	1.0E-4
1446	1.0E-4
1447	1.0E-4
1448	1.0E-4
1449	1.0E-4
145	0.1128
1450	1.0E-4
1451	1.0E-4
1452	1.0E-4
1453	1.0E-4
1454	1.0E-4
1455	1.0E-4
1456	1.0E-4
1457	3.0E-4
1458	1.0E-4
1459	2.0E-4
146	0.009
1460	2.0E-4
1461	0.0022
1462	0.0022
1463	0.0022
1464	0.0022
1465	0.0022
1466	0.0022
1467	4.0769
1468	1.0E-4
1469	0.001
147	0.009
1470	0.001
1471	0.001
1472	0.0011
1473	0.0
1474	0.0
1475	0.0
1476	0.0
1477	0.0
1478	0.0
1479	0.0
148	0.0409
1480	0.0
1481	0.0
1482	0.0
1483	0.0
1484	0.0
1485	0.0
1486	0.0
1487	0.0
1488	0.0
1489	0.0
149	0.0121
1490	0.0
1491	0.0
1492	0.0
1493	0.0
1494	0.0
1495	0.0
1496	0.0
1497	0.0
1498	0.0
1499	0.0
15	0.001
150	0.012
1500	0.0
1501	0.0
1502	0.0
1503	0.0
1504	0.0
1505	0.0
1506	0.0
1507	2.0E-4
1508	0.0
1509	1.0E-4
151	0.0359
1510	1.0E-4
1511	1.0E-4
1512	1.0E-4
1513	1.0E-4
1514	1.0E-4
1515	1.0E-4
1516	1.0E-4
1517	0.0
1518	1.0E-4
1519	1.0E-4
152	0.0081
1520	0.0
1521	0.0
1522	0.0
1523	0.0
1524	0.0
1525	0.0
1526	0.0
1527	0.0
1528	0.0
1529	0.0
153	0.0361
1530	0.0
1531	0.0
1532	0.0
1533	0.0029
1534	0.0
1535	0.0
1536	0.0
1537	1.0E-4
1538	0.117
1539	0.1808
154	1.0E-4
1540	0.2547
1541	0.2545
1542	0.117
1543	7.0E-4
1544	0.0
1545	0.0
1546	0.0
1547	0.0
1548	0.0
1549	0.0
155	0.0542
1550	0.0
1551	0.0
1552	0.0
1553	0.0
1554	0.0
1555	0.0
1556	0.0
1557	0.0
1558	0.0
1559	0.0
156	0.0226
1560	0.0
1561	0.0
1562	0.0
1563	0.0
1564	0.0
1565	0.0
1566	0.0
1567	0.0
1568	0.0
1569	0.0
157	0.0557
1570	0.0
1571	0.0
1572	0.0
1573	0.0
1574	0.0
1575	0.0
1576	0.0
1577	0.0
1578	0.0
1579	0.0
158	0.0649
1580	0.0
1581	0.0
1582	0.0
1583	0.0
1584	0.0
1585	0.0
1586	0.0
1587	0.0
1588	0.0
1589	2.0E-4
159	0.0557
1590	2.0E-4
1591	2.0E-4
1592	0.0
1593	0.0
1594	0.0
1595	0.0
1596	0.0
1597	0.0
1598	0.0
1599	0.0
16	0.3988
160	0.0598
1600	0.0
1601	0.0
1602	0.0028
1603	0.0028
1604	0.0028
1605	0.0028
1606	0.0028
1607	1.0E-4
1608	0.0728
1609	0.0728
161	0.0574
1610	0.0728
1611	0.0728
1612	0.0728
1613	0.0728
1614	0.0011
1615	0.0011
1616	0.0011
1617	0.0011
1618	0.0011
1619	0.0
162	0.0557
1620	0.0842
1621	0.0637
1622	0.0637
1623	0.0637
1624	0.0637
1625	0.0637
1626	0.0
1627	0.0
1628	0.0
1629	0.0
163	0.0542
1630	0.0
1631	0.0
1632	0.0
1633	0.0
1634	0.0
1635	0.0
1636	0.0
1637	0.0
1638	0.0
1639	0.0
164	0.0332
1640	0.0
1641	0.0
1642	0.0
1643	0.0
1644	0.0
1645	0.0
1646	0.0
1647	0.0
1648	0.0
1649	0.0
165	0.0542
1650	0.0
1651	0.0
1652	0.0
1653	0.0
1654	0.0
1655	0.0
1656	0.0
1657	0.0
1658	0.0
1659	0.0
166	0.0572
1660	0.0
1661	0.0
1662	0.0
1663	0.0
1664	0.0
1665	0.0838
1666	0.1285
1667	0.0838
1668	0.0838
1669	0.0037
167	0.0542
1670	0.0037
1671	0.0044
1672	0.0037
1673	0.0037
1674	0.0037
1675	0.0037
1676	0.0037
1677	0.0037
1678	1.346
1679	0.0084
168	0.0462
1680	0.0
1681	0.0
1682	0.0
1683	2.0E-4
1684	0.0
1685	0.0
1686	0.0
1687	0.0
1688	2.0E-4
1689	0.0
169	0.0462
1690	0.0
1691	0.0
1692	0.0
1693	0.0
1694	0.0
1695	0.0
1696	0.0
1697	0.0
1698	0.0
1699	0.0
17	0.001
170	0.0462
1700	0.0
1701	0.0
1702	0.0
1703	0.0
1704	0.0
1705	0.0
1706	0.0
1707	0.0
1708	0.0
1709	0.0
171	0.0463
1710	0.0
1711	0.0
1712	0.0
1713	0.0
1714	0.0
1715	0.0
1716	0.0
1717	0.0
1718	0.0
1719	0.0
172	0.0462
1720	0.0
1721	0.0
1722	0.0
1723	0.0
1724	0.0
1725	0.0
1726	0.0
1727	0.0
1728	0.0
1729	0.0
173	0.0452
1730	0.0
1731	0.0
1732	0.0
1733	0.0
1734	0.0
1735	0.0
1736	0.0
1737	0.0
1738	0.0
1739	0.0
174	0.0349
1740	0.0
1741	0.0
1742	0.0
1743	0.0
1744	0.0
1745	0.0
1746	0.0
1747	0.0
1748	0.0
1749	0.0
175	0.0544
1750	0.0
1751	0.0
1752	0.0
1753	0.0
1754	0.0
1755	0.0
1756	0.0
1757	0.0
1758	0.0
1759	0.0
176	0.0589
1760	0.0
1761	1.0E-4
1762	1.0E-4
1763	1.0E-4
1764	1.0E-4
1765	1.0E-4
1766	0.0
1767	0.0
1768	0.0
1769	0.0
177	0.0358
1770	0.0
1771	0.0
1772	0.0
1773	0.0
1774	0.0
1775	0.0
1776	0.0
1777	0.0
1778	0.0
1779	0.0
178	0.0109
1780	0.0
1781	0.0
1782	0.0
1783	0.0
1784	0.0
1785	0.0
1786	0.0
1787	0.0
1788	0.0
1789	0.0
179	0.0194
1790	0.0
1791	0.0
1792	0.0
1793	0.0
1794	0.0
1795	0.0
1796	0.0
1797	0.0
1798	0.0
1799	0.0
18	0.0591
180	0.0181
1800	0.0
1801	0.0
1802	0.0
1803	0.0
1804	0.0
1805	0.0
1806	0.0
1807	0.0
1808	0.0
1809	0.0
181	0.0182
1810	0.0
1811	0.0
1812	0.0
1813	0.0
1814	0.0
1815	0.0
1816	0.0
1817	0.0
1818	1.0E-4
1819	8.0E-4
182	0.0121
1820	0.0012
1821	0.0013
1822	0.0012
1823	4.0E-4
1824	4.0E-4
1825	4.0E-4
1826	4.0E-4
1827	4.0E-4
1828	4.0E-4
1829	4.0E-4
183	0.0181
1830	4.0E-4
1831	6.0E-4
1832	4.0E-4
1833	6.0E-4
1834	6.0E-4
1835	4.0E-4
1836	0.0
1837	0.0
1838	0.0
1839	0.0
184	0.0183
1840	0.0
1841	0.0
1842	0.0
1843	0.0
1844	0.0
1845	0.0
1846	0.0
1847	0.0
1848	0.0
1849	0.0
185	0.0181
1850	0.0
1851	0.0
1852	0.0
1853	0.0
1854	0.0
1855	0.0
1856	0.0
1857	0.0
1858	0.0
1859	0.0
186	0.0182
1860	0.0
1861	9.0E-4
1862	9.0E-4
1863	0.001
1864	0.0
1865	0.0
1866	0.0
1867	0.0
1868	0.0
1869	0.0
187	0.0182
1870	0.0
1871	0.1138
1872	0.4373
1873	0.4799
1874	0.1136
1875	0.5666
1876	0.3797
1877	0.5666
1878	0.5716
1879	0.0218
188	0.0181
1880	0.0218
1881	0.0218
1882	0.0218
1883	0.5008
1884	0.0205
1885	0.0205
1886	0.0205
1887	0.0205
1888	0.0205
1889	0.0205
189	0.0219
1890	0.0205
1891	0.0205
1892	0.0205
1893	0.0205
1894	0.0205
1895	0.0205
1896	0.0
1897	0.0
1898	0.0
1899	0.0
19	0.0046
190	5.0E-4
1900	0.0
1901	0.0
1902	0.0
1903	0.0
1904	0.0
1905	0.0
1906	0.0
1907	0.0
1908	0.0
1909	0.0
191	7.0E-4
1910	0.0
1911	0.0
1912	0.0
1913	0.0
1914	0.0
1915	0.0
1916	0.0
1917	0.0
1918	0.0
1919	0.0
192	0.0453
1920	0.0
1921	0.0
1922	0.0
1923	0.0
1924	0.0
1925	0.0
1926	0.0
1927	0.0
1928	0.0
1929	0.0
193	0.2878
1930	0.0
1931	0.0
1932	0.0
1933	0.0
1934	0.0
1935	0.0
1936	0.0
1937	0.0
1938	0.0
1939	0.0
194	0.1095
1940	0.0
1941	0.0
1942	0.0
1943	0.0
1944	0.0
1945	0.0
1946	0.0
1947	0.0
1948	0.0
1949	0.0
195	0.1497
1950	0.0
1951	0.0
1952	0.0
1953	0.0
1954	0.0
1955	0.0
1956	0.0
1957	0.0
1958	0.0
1959	0.0
196	0.1495
1960	0.0
1961	0.0
1962	0.0
1963	0.0
1964	0.0
1965	0.0
1966	0.0
1967	0.0
1968	0.0
1969	0.0
197	0.1015
1970	0.0
1971	0.0
1972	0.0
1973	0.0
1974	0.0
1975	0.0
1976	0.0
1977	0.0
1978	0.0
1979	0.0
198	0.1245
1980	0.0
1981	0.0
1982	0.0
1983	0.0
1984	0.0
1985	0.0
1986	0.0
1987	0.0
1988	0.0
1989	0.0
199	0.1489
1990	0.0
1991	0.0
1992	0.0
1993	0.0
1994	0.0
1995	1.0063
1996	0.0
1997	0.0
1998	0.0
1999	0.0
2	3.6651
20	0.0019
200	0.1631
2000	0.0
2001	0.0
2002	0.0
2003	0.0
2004	0.0
2005	0.0
2006	0.0
2007	0.0
2008	0.0
2009	0.0
201	0.3081
2010	0.0
2011	0.0
2012	0.0
2013	0.0
2014	0.0
2015	0.0
2016	0.0
2017	0.0
2018	0.0
2019	0.0
202	0.3151
2020	0.0
2021	0.0
2022	0.0
2023	0.0
2024	0.0
2025	0.0
2026	0.0
2027	0.0
2028	0.0
2029	0.0
203	0.0998
2030	0.0
2031	0.0
2032	0.0
2033	0.0
2034	0.0
2035	0.0
2036	0.0
2037	0.0
2038	0.0
2039	0.0
204	0.1472
2040	0.0
2041	0.0
2042	0.0
2043	0.0
2044	0.0
2045	0.0
2046	0.0
2047	0.0
2048	0.0
2049	0.0
205	0.1168
2050	0.0
2051	0.0
2052	0.0
2053	0.0
2054	0.0
2055	0.0
2056	0.0
2057	0.0
2058	0.0
2059	0.0
206	0.0967
2060	0.0
2061	0.0
2062	0.0
2063	0.0
2064	0.0
2065	0.0
2066	0.0
2067	0.0
2068	0.0
2069	0.0
207	4.0E-4
2070	0.0
2071	0.0
2072	0.0
2073	0.0
2074	0.0
2075	0.0
2076	0.0
2077	0.0
2078	0.0
2079	0.0
208	4.0E-4
2080	0.0
2081	0.0
2082	0.0
2083	0.0
2084	0.0
2085	1.0E-4
2086	0.0
2087	0.0
2088	0.0
2089	0.0
209	9.0E-4
2090	0.0
2091	0.0
2092	0.0
2093	0.0
2094	0.0
2095	0.0
2096	0.0
2097	0.0
2098	2.0E-4
2099	0.0
21	0.0044
210	8.0E-4
2100	1.345
2101	0.0084
2102	0.0
2103	0.0512
2104	0.0
2105	0.0
2106	0.0
2107	1.0E-4
2108	1.0E-4
2109	1.0E-4
211	0.032
2110	1.0E-4
2111	1.0E-4
2112	1.0E-4
2113	1.0E-4
2114	1.0E-4
2115	1.0E-4
2116	1.0E-4
2117	1.0E-4
2118	1.0E-4
2119	1.0E-4
212	0.1759
2120	1.0E-4
2121	1.0E-4
2122	1.0E-4
2123	1.0E-4
2124	1.0E-4
2125	6.0E-4
2126	6.0E-4
2127	3.0E-4
2128	3.0E-4
2129	3.0E-4
213	0.1789
2130	3.0E-4
2131	3.0E-4
2132	2.0E-4
2133	2.0E-4
2134	2.0E-4
2135	2.0E-4
2136	2.0E-4
2137	4.0E-4
2138	4.0E-4
2139	5.0E-4
214	0.1783
2140	4.0E-4
2141	4.0E-4
2142	4.0E-4
2143	4.0E-4
2144	0.1976
2145	0.234
2146	0.1918
2147	0.1918
2148	0.1976
2149	1.0E-4
215	0.1757
2150	1.0E-4
2151	1.0E-4
2152	1.0E-4
2153	1.0E-4
2154	1.0E-4
2155	1.0E-4
2156	1.0E-4
2157	1.0E-4
2158	1.0E-4
2159	2.0E-4
216	0.1782
2160	2.0E-4
2161	2.0E-4
2162	2.0E-4
2163	2.0E-4
2164	2.0E-4
2165	2.0E-4
2166	2.0E-4
2167	1.0E-4
2168	1.0E-4
2169	1.0E-4
217	0.1769
2170	1.0E-4
2171	0.0029
2172	0.0363
2173	1.0E-4
2174	1.0E-4
2175	1.0E-4
2176	1.0E-4
2177	1.0E-4
2178	1.0E-4
2179	1.0E-4
218	0.1182
2180	1.0E-4
2181	1.0E-4
2182	1.0E-4
2183	1.0E-4
2184	1.0E-4
2185	1.0E-4
2186	1.0E-4
2187	1.0E-4
2188	1.0E-4
2189	1.0E-4
219	0.0329
2190	1.0E-4
2191	1.0E-4
2192	1.0E-4
2193	0.5787
2194	0.5667
2195	0.5667
2196	0.5787
2197	0.5787
2198	0.5422
2199	0.0073
22	9.0E-4
220	0.0349
2200	0.0073
2201	0.0073
2202	0.0073
2203	0.0073
2204	0.0073
2205	0.0073
2206	0.0073
2207	0.0073
2208	0.0073
2209	2.0E-4
221	0.001
2210	0.0
2211	0.0
2212	0.0
2213	0.0
2214	0.0
2215	0.0
2216	0.0
2217	0.0
2218	0.0
2219	0.0
222	0.001
2220	0.0
2221	0.0
2222	0.0
2223	0.0
2224	0.0
2225	0.0
2226	0.0
2227	0.0
2228	0.0
2229	0.0
223	0.0
2230	0.0
2231	0.0
2232	0.0
2233	0.0
2234	0.0
2235	0.0
2236	0.0
2237	0.0
2238	0.0
2239	0.0
224	0.362
2240	0.0
2241	0.0
2242	0.0
2243	0.0
2244	0.0
2245	0.0
2246	0.0
2247	0.0
2248	0.0
2249	0.0
225	2.0E-4
2250	0.0
2251	0.0
2252	0.0
2253	0.0
2254	0.0
2255	0.0
2256	0.0
2257	0.0
2258	0.0
2259	0.0
226	3.0E-4
2260	0.0
2261	0.0
2262	0.0
2263	0.0
2264	0.0
2265	0.0
2266	0.0
2267	0.0
2268	0.0
2269	0.0
227	2.0E-4
2270	0.0
2271	0.0
2272	0.0
2273	0.0
2274	0.0
2275	0.0
2276	0.0
2277	0.0
2278	0.0
2279	0.0
228	2.0E-4
2280	0.0
2281	0.0
2282	0.0
2283	0.0
2284	0.0
2285	0.0
2286	0.0
2287	0.0
2288	0.0
2289	0.0
229	5.0E-4
2290	0.0
2291	0.0
2292	0.0
2293	0.0
2294	0.0
2295	0.0
2296	0.0
2297	0.0
2298	0.0
2299	0.0
23	0.0099
230	2.0E-4
2300	0.0
2301	0.0
2302	0.0
2303	0.0
2304	0.0
2305	0.0
2306	0.0
2307	0.0
2308	0.0
2309	0.0
231	0.0329
2310	0.0
2311	0.0
2312	0.0
2313	0.0
2314	0.0
2315	0.0
2316	0.0
2317	0.0
2318	0.0
2319	0.0
232	0.0254
2320	0.0
2321	0.0
2322	0.0
2323	0.0
2324	0.0
2325	0.0
2326	0.0
2327	0.0
2328	0.0
2329	0.0
233	0.0254
2330	0.0
2331	0.0
2332	0.0
2333	0.0
2334	0.0
2335	0.0
2336	0.0
2337	0.0
2338	0.0
2339	0.0
234	0.0254
2340	0.0
2341	0.0
2342	0.0
2343	0.0
2344	0.0
2345	0.0
2346	0.0
2347	0.0
2348	0.0
2349	0.0
235	0.0396
2350	0.0
2351	0.0
2352	0.0
2353	0.0
2354	0.0
2355	0.0
2356	0.0
2357	0.0
2358	0.0
2359	0.0
236	0.0425
2360	0.0
2361	0.0
2362	1.0E-4
2363	0.0356
2364	0.0
2365	0.0
2366	0.0
2367	0.0
2368	0.0
2369	0.0
237	0.0254
2370	0.0
2371	0.0
2372	0.0
2373	0.0
2374	0.0
2375	0.0
2376	0.0
2377	0.0
2378	0.0
2379	0.0
238	0.0254
2380	0.0
2381	0.0
2382	0.0
2383	0.0
2384	0.0
2385	0.0
2386	0.0
2387	0.0
2388	0.0
2389	0.0
239	0.0254
2390	0.0
2391	0.0
2392	0.0
2393	0.0
2394	0.0
2395	0.0
2396	0.0
2397	0.0
2398	0.0
2399	0.0
24	0.001
240	0.0402
2400	0.0
2401	0.0
2402	1.0E-4
2403	0.0
2404	0.0
2405	0.0
2406	0.0
2407	0.0
2408	0.0
2409	0.0
241	0.0264
2410	0.0
2411	0.0
2412	0.0
2413	0.0
2414	0.0
2415	0.0
2416	0.0
2417	0.0
2418	0.0
2419	0.0
242	0.0375
2420	0.0
2421	0.0
2422	0.0
2423	0.0
2424	0.0
2425	0.0
2426	0.0
2427	0.0
2428	0.0
2429	0.0
243	0.0254
2430	0.0
2431	0.0
2432	0.0
2433	0.0
2434	0.0
2435	0.0
2436	0.0
2437	0.0
2438	0.0
2439	0.0
244	0.0375
2440	0.0
2441	0.0
2442	0.0
2443	0.0
2444	0.0
2445	0.0
2446	0.0
2447	0.0
2448	0.0
2449	0.0
245	0.0375
2450	0.0
2451	0.0
2452	0.0023
2453	0.0014
2454	0.0014
2455	6.0E-4
2456	0.0014
2457	0.0015
2458	0.0014
2459	6.0E-4
246	0.0344
2460	3.0E-4
2461	3.0E-4
2462	3.0E-4
2463	3.0E-4
2464	3.0E-4
2465	3.0E-4
2466	3.0E-4
2467	3.0E-4
2468	3.0E-4
2469	3.0E-4
247	0.0254
2470	3.0E-4
2471	3.0E-4
2472	3.0E-4
2473	3.0E-4
2474	3.0E-4
2475	3.0E-4
2476	3.0E-4
2477	3.0E-4
2478	3.0E-4
2479	3.0E-4
248	0.0504
2480	3.0E-4
2481	3.0E-4
2482	0.0016
2483	9.0E-4
2484	9.0E-4
2485	0.0032
2486	0.0032
2487	3.0E-4
2488	3.0E-4
2489	3.0E-4
249	0.1638
2490	3.0E-4
2491	3.0E-4
2492	3.0E-4
2493	3.0E-4
2494	3.0E-4
2495	3.0E-4
2496	3.0E-4
2497	3.0E-4
2498	3.0E-4
2499	3.0E-4
25	9.0E-4
250	0.0334
2500	3.0E-4
2501	3.0E-4
2502	3.0E-4
2503	3.0E-4
2504	3.0E-4
2505	3.0E-4
2506	3.0E-4
2507	3.0E-4
2508	3.0E-4
2509	3.0E-4
251	0.0349
2510	0.0
2511	0.0
2512	0.0
2513	0.0
2514	0.0
2515	0.0
2516	0.0
2517	0.0
2518	0.0
2519	0.0
252	0.0877
2520	0.0
2521	0.0
2522	0.0
2523	0.0
2524	0.0
2525	0.0
2526	0.0
2527	0.0
2528	0.0
2529	0.0
253	0.0269
2530	0.0
2531	0.0
2532	0.0
2533	0.0
2534	0.0
2535	1.0E-4
2536	0.0244
2537	0.0533
2538	0.0533
2539	0.0244
254	0.0483
2540	1.0E-4
2541	1.0E-4
2542	1.0E-4
2543	1.0E-4
2544	0.0
2545	0.0
2546	0.0
2547	1.0E-4
2548	1.0E-4
2549	1.0E-4
255	0.0623
2550	1.0E-4
2551	0.2581
2552	0.2581
2553	0.2581
2554	0.2581
2555	0.0
2556	0.0
2557	0.0
2558	0.0
2559	0.0
256	0.0576
2560	0.0
2561	0.0
2562	0.0
2563	0.0
2564	0.0
2565	0.0
2566	0.0
2567	0.0
2568	0.0
2569	0.0
257	0.0718
2570	0.0
2571	0.0
2572	0.0
2573	0.0
2574	0.0
2575	0.0
2576	0.0
2577	0.0
2578	0.0
2579	0.0
258	0.1653
2580	0.0
2581	0.0
2582	0.0
2583	0.0
2584	0.0
2585	0.0
2586	0.0
2587	0.0
2588	0.0
2589	0.0
259	0.1653
2590	0.0
2591	0.0
2592	0.0
2593	0.0
2594	0.0
2595	0.0
2596	0.0
2597	0.0
2598	0.0
2599	0.0
26	0.1587
260	0.1653
2600	0.0
2601	0.0
2602	0.0
2603	0.0
2604	0.0
2605	0.0
2606	0.0
2607	0.0
2608	0.0
2609	0.0
261	0.0151
2610	0.0
2611	0.0
2612	0.0
2613	0.0
2614	0.0
2615	0.0
2616	0.0
2617	0.0
2618	0.0
2619	0.0
262	0.0166
2620	0.0
2621	0.0
2622	0.0
2623	0.0
2624	0.0
2625	0.0
2626	0.0
2627	0.0
2628	0.0
2629	0.0
263	0.0157
2630	0.0
2631	0.0
2632	0.0
2633	0.0
2634	0.0
2635	0.0
2636	0.0
2637	0.0
2638	0.0
2639	0.0
264	0.0177
2640	0.0
2641	0.0
2642	0.0
2643	0.0
2644	0.0
2645	0.0
2646	0.0
2647	0.0
2648	0.0
2649	0.0
265	0.016
2650	0.0
2651	0.0
2652	0.0
2653	0.0
2654	0.0
2655	0.0
2656	0.0
2657	0.0
2658	0.0
2659	0.0
266	0.0159
2660	0.0
2661	0.0
2662	0.0
2663	0.0
2664	0.0
2665	0.0
2666	0.0
2667	0.0
2668	0.0
2669	0.0
267	0.0171
2670	0.0
2671	1.0698
2672	1.0698
2673	1.0698
2674	1.0698
2675	1.0698
2676	0.0
2677	0.0
2678	0.0
2679	0.0
268	0.0168
2680	0.0
2681	0.0
2682	0.0
2683	0.0
2684	0.0
2685	0.0
2686	0.0
2687	0.0
2688	0.0
2689	0.0
269	0.0157
2690	0.0
2691	0.0
2692	0.0
2693	0.0
2694	0.0
2695	0.0
2696	0.0
2697	0.0
2698	0.0
2699	0.0
27	2.1296
270	0.0174
2700	0.0
2701	0.0
2702	0.0
2703	0.0
2704	0.0
2705	0.0
2706	0.0
2707	0.0
2708	0.0
2709	0.0
271	0.0147
2710	0.0
2711	0.0
2712	0.0
2713	0.0
2714	0.0
2715	0.0
2716	0.0
2717	0.0
2718	0.0
2719	0.0
272	0.0169
2720	0.0
2721	0.0
2722	0.0
2723	0.0
2724	0.0
2725	0.0
2726	0.0
2727	0.0
2728	0.0
2729	0.0
273	0.0159
2730	0.0
2731	0.0
2732	0.0
2733	0.0
2734	0.0
2735	0.0446
2736	0.0
2737	3.0E-4
2738	3.0E-4
2739	3.0E-4
274	0.0149
2740	3.0E-4
2741	3.0E-4
2742	3.0E-4
2743	3.0E-4
2744	3.0E-4
2745	3.0E-4
2746	3.0E-4
2747	3.0E-4
2748	0.0
2749	0.0
275	0.0165
2750	0.0
2751	0.0
2752	0.0
2753	0.0024
2754	0.0
2755	0.0
2756	0.0
2757	0.0
2758	0.0
2759	0.0
276	0.0185
2760	0.0
2761	0.0
2762	0.0
2763	4.0E-4
2764	4.0E-4
2765	4.0E-4
2766	4.0E-4
2767	4.0E-4
2768	4.0E-4
2769	4.0E-4
277	0.0162
2770	4.0E-4
2771	0.0207
2772	0.0207
2773	0.0207
2774	0.0207
2775	0.0207
2776	0.0207
2777	0.0207
2778	0.0207
2779	0.0207
278	0.0171
2780	0.0207
2781	0.0207
2782	0.0207
2783	0.0
2784	0.0
2785	0.0
2786	1.0E-4
2787	1.0E-4
2788	1.0E-4
2789	0.0
279	0.0158
2790	0.0
2791	0.0
2792	0.0
2793	0.0
2794	0.0
2795	0.0
2796	0.0
2797	0.0
2798	2.0E-4
2799	0.0
28	1.6127
280	0.0168
2800	0.0
2801	0.0
2802	0.0
2803	0.0
2804	0.0
2805	0.0
2806	0.0
2807	0.0
2808	0.0
2809	0.0
281	0.0159
2810	0.0
2811	0.0
2812	0.0
2813	0.0
2814	0.0
2815	0.0
2816	0.0
2817	0.0
2818	0.0
2819	0.0
282	0.0163
2820	0.0
2821	0.0
2822	0.0
2823	0.0
2824	0.0
2825	0.0
2826	0.0
2827	0.0
2828	0.0
2829	0.0
283	0.0159
2830	0.0
2831	0.0
2832	0.0
2833	0.0
2834	0.0
2835	0.0
2836	0.0
2837	0.0
2838	0.0
2839	0.0
284	0.0161
2840	0.0
2841	0.0
2842	0.0
2843	0.0
2844	0.0
2845	0.0
2846	0.0
2847	0.0
2848	0.0
2849	0.0
285	0.0159
2850	0.0
2851	0.0
2852	0.0
2853	0.0
2854	0.0
2855	0.0
2856	0.0
2857	0.0
2858	0.0
2859	0.0
286	0.0157
2860	0.0
2861	0.0
2862	0.0
2863	0.0
2864	0.0
2865	0.0
2866	0.0
2867	0.0
2868	0.0
2869	0.0
287	0.0157
2870	0.0
2871	0.0
2872	0.0
2873	0.0
2874	0.0
2875	0.0
2876	0.0
2877	0.0
2878	0.0
2879	0.0
288	0.0162
2880	0.0
2881	0.0
2882	0.0
2883	0.0
2884	0.0
2885	0.0
2886	0.0
2887	0.0
2888	0.0
2889	0.0
289	0.0159
2890	0.0
2891	0.0
2892	0.0
2893	0.0
2894	0.0
2895	0.0
2896	0.0
2897	0.0
2898	0.0
2899	0.0
29	1.6635
290	0.016
2900	0.0
2901	0.0
2902	0.0
2903	0.0
2904	0.0
2905	0.0
2906	0.0
2907	0.0
2908	0.0
2909	0.0
291	0.0162
2910	0.0
2911	0.0
2912	0.0
2913	0.0
2914	0.0
2915	0.0
2916	0.0
2917	0.0
2918	0.0
2919	0.0
292	0.0162
2920	0.0
2921	0.0
2922	0.0
2923	0.0
2924	0.0
2925	0.0
2926	0.0
2927	0.0
2928	0.0
2929	0.0
293	0.016
2930	0.0
2931	0.0
2932	0.0
2933	0.0
2934	0.0
2935	0.0
2936	0.0
2937	0.0
2938	0.0
2939	0.0
294	0.0233
2940	0.0
2941	0.0
2942	0.0
2943	0.0
2944	0.0
2945	0.0
2946	0.0
2947	0.0
2948	0.0
2949	0.0
295	0.0234
2950	0.0
2951	0.0
2952	0.0
2953	0.0
2954	0.0
2955	0.0
2956	0.0
2957	0.0
2958	0.0
2959	0.0
296	0.0233
2960	0.0
2961	0.0
2962	0.0
2963	0.0
2964	0.0
2965	0.0
2966	0.0
2967	0.0
2968	0.0
2969	0.0
297	0.0242
2970	0.0
2971	0.0
2972	0.0
2973	0.0
2974	0.0
2975	0.0
2976	0.0
2977	0.0
2978	0.0
2979	0.0
298	0.0243
2980	0.0
2981	0.0
2982	0.0
2983	0.0011
2984	1.0E-4
2985	1.0E-4
2986	1.0E-4
2987	1.0E-4
2988	1.0E-4
2989	1.0E-4
299	0.0233
2990	1.0E-4
2991	1.0E-4
2992	1.0E-4
2993	1.0E-4
2994	0.0
2995	1.0E-4
2996	1.0E-4
2997	1.0E-4
2998	0.0
2999	0.0
3	0.0017
30	0.4276
300	0.1437
3000	0.0
3001	0.0
3002	0.0
3003	0.0
3004	0.0
3005	0.0
3006	0.0
3007	0.0
3008	0.0
3009	0.0
301	0.0233
3010	0.0
3011	0.0
3012	0.0
3013	0.0
3014	0.0
3015	0.0
3016	0.0
3017	0.0
3018	0.0
3019	0.0
302	0.0633
3020	0.0
3021	0.0
3022	0.0
3023	0.0
3024	0.0
3025	0.0
3026	1.0E-4
3027	1.0E-4
3028	0.0
3029	0.0
303	0.0721
3030	2.0E-4
3031	2.0E-4
3032	0.0
3033	0.0
3034	0.0
3035	0.0
3036	0.0
3037	0.0
3038	0.0
3039	0.0
304	0.001
3040	0.0
3041	0.0
3042	0.0
3043	0.0
3044	0.0
3045	0.0
3046	0.0
3047	0.0
3048	0.0
3049	0.0
305	0.0024
3050	0.0
3051	0.0
3052	0.0
3053	0.0
3054	0.0
3055	0.0
3056	0.0
3057	0.0
3058	0.0
3059	0.0
306	0.0025
3060	0.0
3061	0.0
3062	0.0
3063	0.0
3064	0.0
3065	0.0
3066	0.0
3067	0.0
3068	0.0
3069	0.0
307	0.0027
3070	0.0
3071	0.0
3072	0.0
3073	0.0
3074	0.0
3075	0.0
3076	0.0
3077	0.0
3078	1.0E-4
3079	1.0E-4
308	0.0013
3080	1.0E-4
3081	1.0E-4
3082	1.0E-4
3083	1.0E-4
3084	1.0E-4
3085	1.0E-4
3086	1.0E-4
3087	1.0E-4
3088	0.1062
3089	0.4189
309	0.1403
3090	0.0369
3091	0.0369
3092	0.0369
3093	0.0369
3094	0.0376
3095	0.0745
3096	0.0369
3097	0.0407
3098	0.0654
3099	0.061
31	0.2534
310	0.1182
3100	0.061
3101	0.061
3102	0.0408
3103	0.0408
3104	0.0453
3105	0.061
3106	0.061
3107	0.0622
3108	0.061
3109	0.0767
311	0.1187
3110	0.061
3111	0.2114
3112	0.057
3113	0.057
3114	0.0096
3115	0.0109
3116	0.0096
3117	0.0112
3118	0.0096
3119	0.0539
312	0.1243
3120	0.0784
3121	0.0
3122	0.0
3123	0.0
3124	0.0
3125	0.0
3126	0.0
3127	0.0
3128	0.0
3129	1.0018
313	0.1182
3130	0.0
3131	0.0
3132	0.0
3133	0.0
3134	0.0
3135	0.0
3136	0.0
3137	0.0
3138	0.0
3139	0.0
314	0.1182
3140	0.0204
3141	0.0204
3142	0.0204
3143	0.0204
3144	0.0204
3145	0.0204
3146	0.0204
3147	0.0204
3148	0.0204
3149	0.0204
315	0.1182
3150	0.0204
3151	0.0204
3152	1.0E-4
3153	0.0
3154	0.0
3155	0.0
3156	0.0
3157	0.0
3158	0.0
3159	0.0
316	0.1182
3160	0.0
3161	0.0
3162	0.0
3163	0.002
3164	0.0
3165	0.0
3166	0.0
3167	1.0E-4
3168	1.0E-4
3169	3.0E-4
317	0.1182
3170	0.0346
3171	0.0352
3172	0.0352
3173	0.0346
3174	0.0
3175	0.0
3176	0.0
3177	0.0028
3178	0.0028
3179	0.0028
318	0.1182
3180	0.0032
3181	0.0208
3182	2.816
3183	0.004
3184	1.4529
3185	0.0028
3186	4.9818
3187	0.0038
3188	3.8161
3189	0.1264
319	0.1182
3190	0.1264
3191	0.0032
3192	0.0028
3193	0.0028
3194	0.0028
3195	0.0028
3196	0.1686
3197	0.0
3198	0.0
3199	0.0
32	0.3894
320	0.143
3200	0.0
3201	0.0
3202	0.0
3203	0.0
3204	0.0
3205	0.0
3206	0.0
3207	0.0
3208	0.0
3209	0.0
321	0.0135
3210	0.0
3211	0.0
3212	0.0
3213	0.0
3214	0.0
3215	0.0
3216	0.0
3217	0.0
3218	0.0
3219	0.0
322	0.0136
3220	8.4952
3221	6.4366
3222	1.6933
3223	4.3853
3224	7.1216
3225	3.253
3226	5.751
3227	11.4752
3228	5.0677
3229	2.8033
323	0.0136
3230	0.0
3231	0.0
3232	0.0
3233	0.0
3234	0.0
3235	0.0
3236	0.0
3237	0.0
3238	0.0
3239	0.0
324	0.0262
3240	0.0
3241	0.0
3242	0.0
3243	0.0
3244	0.0
3245	0.0
3246	0.0
3247	0.0
3248	0.0
3249	0.0
325	0.0034
3250	0.0
3251	0.0
3252	0.0
3253	0.0
3254	0.0
3255	0.0
3256	0.0
3257	0.0
3258	0.0
3259	0.0
326	0.0034
3260	0.0
3261	0.0
3262	0.0
3263	0.0
3264	0.0
3265	0.0
3266	0.0
3267	0.0
3268	0.0
3269	0.0
327	0.0034
3270	0.0
3271	0.0
3272	0.0
3273	0.0
3274	3.6371
3275	0.0
3276	0.0
3277	0.0
3278	0.0
3279	0.0
328	0.0034
3280	0.0
3281	0.0
3282	0.0
3283	0.0
3284	0.0
3285	0.0
3286	0.0
3287	0.0
3288	0.0
3289	0.0
329	0.0034
3290	0.0
3291	0.0
3292	0.0
3293	0.0
3294	0.0
3295	0.0
3296	0.0
3297	0.0
3298	0.0
3299	0.0
33	0.4743
330	0.0034
3300	4.0E-4
3301	4.0E-4
3302	4.0E-4
3303	1.0E-4
3304	1.0E-4
3305	1.0E-4
3306	1.0E-4
3307	1.0E-4
3308	1.0E-4
3309	1.0E-4
331	0.0116
3310	1.0E-4
3311	1.0E-4
3312	1.0E-4
3313	1.0E-4
3314	1.0E-4
3315	1.0E-4
3316	1.0E-4
3317	1.0E-4
3318	1.0E-4
3319	1.0E-4
332	0.0129
3320	1.0E-4
3321	1.0E-4
3322	0.0033
3323	0.0033
3324	0.0033
3325	0.0033
3326	0.0033
3327	0.0033
3328	0.0033
3329	0.0
333	0.001
3330	0.0
3331	0.0
3332	0.0
3333	0.0
3334	0.0
3335	0.0
3336	0.0
3337	0.0
3338	0.0
3339	0.0
334	0.0227
3340	0.0
3341	0.0
3342	0.0
3343	0.0
3344	0.0
3345	0.0
3346	0.0
3347	0.0
3348	0.0
3349	0.0
335	0.0227
3350	0.0
3351	0.0
3352	0.0
3353	0.0
3354	0.0
3355	0.0
3356	0.0
3357	0.0
3358	0.0
3359	0.0
336	0.0227
3360	0.0
3361	0.0
3362	0.0
3363	0.0
3364	0.0
3365	0.0
3366	0.0
3367	0.0
3368	0.0
3369	0.0
337	0.0869
3370	0.0
3371	0.0
3372	0.0
3373	0.0
3374	0.0
3375	0.0
3376	0.0
3377	0.0
3378	0.0
3379	0.0
338	0.0869
3380	0.0
3381	0.0
3382	0.0
3383	0.0
3384	0.0
3385	0.0
3386	0.0
3387	0.0
3388	0.0
3389	0.0
339	0.0869
3390	0.0
3391	0.0
3392	0.0
3393	0.0
3394	0.0
3395	0.0
3396	0.0
3397	0.0
3398	0.0
3399	0.0
34	0.2383
340	2.0E-4
3400	0.0
3401	0.0
3402	0.0
3403	0.0
3404	0.0
3405	0.0
3406	0.0
3407	0.0
3408	0.0
3409	0.0
341	0.0014
3410	0.0
3411	0.0
3412	0.0
3413	0.0
3414	0.0
3415	0.0
3416	0.0
3417	0.0
3418	0.0
3419	0.0
342	0.0
3420	0.0
3421	0.0
3422	0.0
3423	0.0
3424	0.0
3425	0.0
3426	0.0
3427	0.0
3428	0.0
3429	0.0
343	0.0
3430	0.0
3431	0.0
3432	0.0
3433	0.0
3434	0.0
3435	0.0
3436	0.0
3437	0.0
3438	0.0
3439	0.0
344	5.0E-4
3440	0.0
3441	0.0
3442	0.0
3443	0.0
3444	0.0
3445	0.0
3446	0.0
3447	0.0
3448	0.0
3449	0.0
345	0.0
3450	0.0
3451	0.0
3452	0.0
3453	0.0
3454	0.0
3455	0.0
3456	0.0
3457	0.0
3458	0.0
3459	0.0
346	0.0
3460	0.0
3461	0.0
3462	0.0
3463	0.0
3464	0.0
3465	0.0
3466	0.0
3467	0.0
3468	0.0
3469	0.0
347	0.0
3470	0.0
3471	0.0
3472	0.0
3473	0.0
3474	0.0
3475	0.0
3476	0.0
3477	0.0
3478	0.0
3479	1.0698
348	1.0E-4
3480	1.0698
3481	1.0698
3482	1.0698
3483	1.0698
3484	1.0698
3485	1.0698
3486	1.0698
3487	1.0698
3488	1.0698
3489	0.0
349	0.0
3490	0.0
3491	0.0
3492	0.0
3493	0.0
3494	0.0
3495	0.0
3496	0.0
3497	0.0
3498	0.0
3499	0.0
35	0.2735
350	0.0
3500	0.0
3501	0.0
3502	0.0
3503	0.0
3504	0.0
3505	0.0
3506	0.0
3507	0.0
3508	0.0
3509	0.0
351	0.0
3510	0.0
3511	0.0013
3512	0.0786
3513	0.0
3514	2.0157
3515	2.0E-4
3516	2.0E-4
3517	0.0
3518	0.0
3519	0.0
352	0.0
3520	0.0
3521	0.0
3522	0.0
3523	0.0
3524	0.0
3525	0.0
3526	0.0
3527	0.0
3528	0.0
3529	0.0
353	0.0
3530	0.0
3531	0.0
3532	0.0
3533	0.0
3534	0.0
3535	0.0
3536	0.0
3537	0.0
3538	0.0
3539	0.0
354	0.0
3540	0.0
3541	0.0
3542	0.0
3543	0.0
3544	0.0
3545	0.0
3546	0.0
3547	0.0
3548	0.0
3549	0.0
355	0.0
3550	0.0
3551	0.0
3552	0.0
3553	0.0
3554	0.0
3555	0.0
3556	0.0
3557	0.0
3558	0.0
3559	0.0
356	0.2801
3560	0.0
3561	0.0
3562	0.0
3563	0.0
3564	0.0
3565	0.0
3566	0.0
3567	0.0
3568	0.0
3569	0.0
357	0.2547
3570	0.0
3571	0.0
3572	0.0
3573	0.0
3574	0.0
3575	0.0
3576	0.0
3577	0.0
3578	0.0
3579	0.0
358	0.0998
3580	0.0
3581	0.0
3582	0.0
3583	0.0
3584	0.1742
3585	0.201
3586	0.2643
3587	0.201
3588	0.0045
3589	0.0045
359	0.1526
3590	0.0059
3591	0.008
3592	0.008
3593	0.008
3594	0.0101
3595	0.0101
3596	0.0101
3597	0.0064
3598	0.0101
3599	0.0101
36	0.6242
360	0.0998
3600	0.5183
3601	0.0067
3602	0.0435
3603	0.0094
3604	0.0096
3605	0.0328
3606	0.0328
3607	0.002
3608	0.005
3609	0.002
361	0.0998
3610	0.005
3611	0.003
3612	0.003
3613	0.0198
3614	0.005
3615	0.0167
3616	0.0219
3617	0.0041
3618	0.0041
3619	0.0041
362	1.0786
3620	0.0041
3621	0.0041
3622	0.0041
3623	0.0041
3624	0.0093
3625	0.0041
3626	0.0083
3627	0.0052
3628	0.0052
3629	0.0052
363	8.0E-4
3630	0.0052
3631	0.0052
3632	0.0052
3633	0.0052
3634	0.0066
3635	0.0066
3636	0.0066
3637	0.0104
3638	0.0023
3639	0.0023
364	8.0E-4
3640	0.0023
3641	0.0023
3642	0.0023
3643	2.216
3644	2.216
3645	2.0776
3646	2.0776
3647	2.0776
3648	2.0776
3649	0.0011
365	0.0015
3650	0.0011
3651	0.0011
3652	0.0011
3653	0.0011
3654	0.0011
3655	0.0011
3656	0.0011
3657	0.0011
3658	0.0011
3659	0.0043
366	8.0E-4
3660	0.0021
3661	0.0021
3662	0.0021
3663	0.0021
3664	0.0231
3665	0.0
3666	0.0
3667	0.0
3668	0.0
3669	0.0
367	8.0E-4
3670	0.0
3671	0.0
3672	0.0
3673	0.0
3674	0.0
3675	0.0
3676	0.0
3677	0.0
3678	0.0
3679	0.0
368	8.0E-4
3680	0.0
3681	0.0
3682	0.0
3683	0.0
3684	0.0
3685	0.0
3686	0.0
3687	0.0
3688	0.0
3689	0.0
369	0.2516
3690	0.0
3691	0.0
3692	0.0
3693	0.0
3694	0.0
3695	0.0
3696	0.0
3697	0.0
3698	0.0
3699	0.0
37	3.0116
370	0.0
3700	0.0
3701	0.0
3702	0.0786
3703	0.0
3704	0.0
3705	0.0
3706	0.0
3707	0.0
3708	0.0
3709	0.0
371	1.0E-4
3710	0.0
3711	0.0
3712	0.0
3713	0.0
3714	0.0
3715	0.0
3716	0.0
3717	0.0
3718	0.0
3719	0.0
372	1.0E-4
3720	0.0
3721	0.0
3722	0.0
3723	0.0
3724	0.0
3725	0.0
3726	0.0
3727	0.0
3728	0.0
3729	7.259
373	1.0E-4
3730	0.0
3731	0.0
3732	0.0
3733	3.0E-4
3734	0.002
3735	4.0E-4
3736	3.0E-4
3737	0.0
3738	0.0
3739	0.0
374	0.0
3740	0.0
3741	0.0
3742	5.7465
3743	0.0
3744	0.0
3745	0.0
3746	0.0
3747	0.0
3748	0.0
3749	0.0
375	0.0
3750	0.0
3751	2.0E-4
3752	2.0E-4
3753	2.0E-4
3754	2.0E-4
3755	2.0E-4
3756	2.0E-4
3757	2.0E-4
3758	2.0E-4
3759	9.0E-4
376	1.0E-4
3760	9.0E-4
3761	9.0E-4
3762	0.0029
3763	0.0029
3764	0.0029
3765	0.0029
3766	1.2199
3767	1.2199
3768	4.0E-4
3769	4.0E-4
377	0.0
3770	4.0E-4
3771	4.0E-4
3772	4.0E-4
3773	1.4504
3774	1.4504
3775	1.4504
3776	1.4504
3777	5.0E-4
3778	5.0E-4
3779	5.0E-4
378	1.0E-4
3780	5.0E-4
3781	0.7447
3782	0.9902
3783	0.7447
3784	0.7447
3785	0.7447
3786	0.7447
3787	4.0E-4
3788	6.0E-4
3789	0.813
379	1.0E-4
3790	0.813
3791	0.813
3792	0.016
3793	0.016
3794	0.016
3795	0.016
3796	0.016
3797	0.016
3798	0.016
3799	0.016
38	2.7807
380	0.0
3800	0.0
3801	0.0
3802	0.0
3803	0.0
3804	0.0
3805	0.0
3806	0.0
3807	0.0
3808	3.6371
3809	0.0
381	0.0
3810	0.0
3811	0.0
3812	0.0
3813	0.0
3814	0.0
3815	0.0
3816	0.0
3817	0.0
3818	0.0
3819	0.0
382	0.001
3820	0.0
3821	0.0
3822	0.0
3823	0.0
3824	0.0
3825	0.0
3826	0.0
3827	0.0
3828	0.0
3829	0.0
383	0.001
3830	0.0
3831	0.0
3832	0.0
3833	0.0
3834	9.9086
3835	4.7409
3836	1.8537
3837	0.7935
3838	0.4873
3839	0.3964
384	0.002
3840	0.3691
3841	0.3608
3842	0.3583
3843	0.3575
3844	0.3573
3845	0.3573
3846	0.3572
3847	0.3572
3848	0.3572
3849	0.3572
385	0.002
3850	0.3572
3851	0.3572
3852	0.3572
3853	0.3572
3854	0.3572
3855	0.3572
3856	0.3572
3857	0.3572
3858	0.3572
3859	0.3572
386	0.002
3860	0.3572
3861	0.3572
3862	0.3572
3863	0.3572
3864	0.3573
3865	0.3575
3866	0.3581
3867	0.3603
3868	0.368
3869	0.3958
387	0.0043
3870	0.5039
3871	0.9652
3872	2.6222
3873	7.5607
3874	0.2078
3875	7.5502
3876	3.6767
3877	1.4891
3878	0.6805
3879	0.4468
388	0.0012
3880	0.3774
3881	0.3565
3882	0.3501
3883	0.3482
3884	0.3476
3885	0.3474
3886	0.3474
3887	0.3474
3888	0.3474
3889	0.3474
389	0.0024
3890	0.3474
3891	0.3474
3892	0.3474
3893	0.3474
3894	0.3474
3895	0.3474
3896	0.3474
3897	0.3476
3898	0.3481
3899	0.3498
39	0.7113
390	1.0E-4
3900	0.3556
3901	0.3768
3902	0.4594
3903	0.8116
3904	2.0636
3905	5.7686
3906	0.2019
3907	2.085
3908	1.1642
3909	0.5889
391	0.0011
3910	0.3643
3911	0.3003
3912	0.2867
3913	0.3041
3914	0.4012
3915	0.7216
3916	1.61
3917	0.1556
3918	5.196
3919	2.6081
392	1.0E-4
3920	1.1177
3921	0.5604
3922	0.399
3923	0.351
3924	0.3365
3925	0.3322
3926	0.3308
3927	0.3304
3928	0.3303
3929	0.3302
393	1.0E-4
3930	0.3302
3931	0.3303
3932	0.3307
3933	0.3319
3934	0.3359
3935	0.3506
3936	0.4077
3937	0.651
3938	1.4996
3939	3.9788
394	1.0E-4
3940	0.1916
3941	8.3351
3942	4.0314
3943	1.611
3944	0.7187
3945	0.4607
3946	0.3842
3947	0.3612
3948	0.3542
3949	0.3521
395	1.0E-4
3950	0.3514
3951	0.3512
3952	0.3511
3953	0.3511
3954	0.3511
3955	0.3511
3956	0.3511
3957	0.3511
3958	0.3511
3959	0.3511
396	1.0E-4
3960	0.3511
3961	0.3511
3962	0.3511
3963	0.3511
3964	0.3511
3965	0.3512
3966	0.3514
3967	0.352
3968	0.3538
3969	0.3602
397	1.0E-4
3970	0.3836
3971	0.4748
3972	0.8633
3973	2.25
3974	6.3651
3975	0.2041
3976	3.8927
3977	2.0108
3978	0.9053
3979	0.487
398	1.0E-4
3980	0.3658
3981	0.3296
3982	0.3187
3983	0.3154
3984	0.3145
3985	0.3144
3986	0.3152
3987	0.3183
3988	0.3293
3989	0.3723
399	1.0E-4
3990	0.5551
3991	1.1815
3992	2.9873
3993	0.1819
3994	6.7641
3995	3.3208
3996	1.3662
3997	0.6415
3998	0.4319
3999	0.3697
4	9.0E-4
40	0.9557
400	1.0E-4
4000	0.3509
4001	0.3452
4002	0.3435
4003	0.343
4004	0.3428
4005	0.3428
4006	0.3427
4007	0.3427
4008	0.3427
4009	0.3427
401	1.0E-4
4010	0.3427
4011	0.3427
4012	0.3428
4013	0.3429
4014	0.3433
4015	0.3449
4016	0.3501
4017	0.3692
4018	0.4433
4019	0.7591
402	1.0E-4
4020	1.8762
4021	5.171
4022	0.1991
4023	13.3192
4024	6.2755
4025	2.3755
4026	0.9513
4027	0.5402
4028	0.4184
4029	0.3818
403	1.0E-4
4030	0.3707
4031	0.3673
4032	0.3663
4033	0.366
4034	0.3659
4035	0.3659
4036	0.3659
4037	0.3659
4038	0.3659
4039	0.3658
404	1.0E-4
4040	0.3658
4041	0.3658
4042	0.3658
4043	0.3658
4044	0.3658
4045	0.3658
4046	0.3658
4047	0.3658
4048	0.3658
4049	0.3658
405	1.0E-4
4050	0.3658
4051	0.3658
4052	0.3658
4053	0.3658
4054	0.3658
4055	0.3658
4056	0.3658
4057	0.3658
4058	0.3658
4059	0.3658
406	1.0E-4
4060	0.3658
4061	0.3658
4062	0.3659
4063	0.3659
4064	0.3659
4065	0.3659
4066	0.366
4067	0.3663
4068	0.3671
4069	0.3701
407	1.0E-4
4070	0.3803
4071	0.4175
4072	0.5626
4073	1.1817
4074	3.4252
4075	10.1519
4076	0.213
4077	5.9798
4078	2.965
4079	1.2426
408	1.0E-4
4080	0.6017
4081	0.4162
4082	0.361
4083	0.3444
4084	0.3394
4085	0.3378
4086	0.3373
4087	0.3372
4088	0.3372
4089	0.3372
409	0.0013
4090	0.3372
4091	0.3372
4092	0.3372
4093	0.3373
4094	0.3377
4095	0.3391
4096	0.3437
4097	0.3606
4098	0.4262
4099	0.7057
41	0.695
410	0.0013
4100	1.6885
4101	4.5748
4102	0.1958
4103	3.3736
4104	1.7707
4105	0.818
4106	0.4553
4107	0.3499
4108	0.3185
4109	0.3091
411	0.0013
4110	0.3064
4111	0.3063
4112	0.3087
4113	0.3183
4114	0.3556
4115	0.5143
4116	1.0525
4117	2.5921
4118	0.1765
4119	0.0
412	0.0013
4120	0.0
4121	0.0
4122	0.0
4123	0.0
4124	0.0
4125	0.0
4126	0.0
4127	0.0
4128	0.0
4129	0.0
413	0.0013
4130	0.0
4131	0.0
4132	0.0
4133	0.0
4134	0.0
4135	0.0
4136	0.0
4137	0.0
4138	0.0
4139	4.3645
414	0.0013
4140	2.2741
4141	1.0588
4142	0.6018
4143	0.4708
4144	0.4322
4145	0.4208
4146	0.4176
4147	0.4175
4148	0.4204
4149	0.4323
415	9.0E-4
4150	0.4794
4151	0.6823
4152	1.3749
4153	3.3753
4154	0.0
4155	0.0
4156	0.0
4157	0.0
4158	0.0
4159	0.0
416	0.0048
4160	0.0
4161	0.0
4162	0.0
4163	0.0
4164	0.0
4165	0.0
4166	0.0
4167	0.0
4168	0.0
4169	0.0
417	1.0E-4
4170	0.0
4171	0.0
4172	0.0
4173	0.0
4174	0.0
4175	0.0
4176	0.0
4177	0.0
4178	0.0
4179	0.0
418	1.0E-4
4180	0.0
4181	0.0
4182	0.0
4183	0.0
4184	0.0
4185	0.0
4186	0.0
4187	0.0
4188	0.0
4189	0.0
419	1.0E-4
4190	0.0
4191	0.0
4192	0.0
4193	0.0
4194	0.0
4195	0.0
4196	0.0
4197	0.0
4198	0.0
4199	0.0
42	0.8997
420	1.0E-4
4200	0.0
4201	0.0
4202	0.0
4203	0.0
4204	0.0
4205	0.0
4206	0.0
4207	0.0
4208	0.0
4209	0.0
421	1.0E-4
4210	0.0
4211	0.0
4212	0.0
4213	0.0
4214	0.0
4215	0.0
4216	0.0
4217	0.0
4218	0.0
4219	0.0
422	1.0E-4
4220	0.0
4221	0.0
4222	0.0
4223	0.0
4224	0.0
4225	0.0
4226	0.0
4227	0.0
4228	0.0
4229	0.0
423	1.0E-4
4230	0.0
4231	0.0
4232	0.0
4233	0.0
4234	0.0
4235	0.0
4236	0.0
4237	0.0
4238	0.0
4239	0.0
424	1.0E-4
4240	0.0
4241	0.0
4242	0.0
4243	0.0
4244	0.0
4245	0.0
4246	0.0
4247	0.0
4248	0.0
4249	0.0
425	0.3251
4250	0.0
4251	0.0
4252	0.0
4253	0.0
4254	0.0
4255	0.0
4256	0.0
4257	0.0
4258	0.0
4259	0.0
426	0.0291
4260	0.0
4261	0.0
4262	0.0
4263	0.0
4264	0.0
4265	0.0
4266	0.0
4267	0.0
4268	0.0
4269	0.0
427	0.0091
4270	0.0
4271	0.0
4272	0.0
4273	0.0
4274	0.0
4275	0.0
4276	0.0
4277	0.0
4278	0.0
4279	0.0
428	0.0021
4280	0.0
4281	0.0
4282	0.0
4283	0.0
4284	0.0
4285	0.0
4286	0.0
4287	0.0
4288	0.0
4289	0.0
429	0.0554
4290	0.0
4291	0.0
4292	0.0
4293	0.0
4294	0.0
4295	0.0
4296	0.0
4297	0.0
4298	0.0
4299	0.0
43	2.2998
430	0.1101
4300	0.0
4301	0.0
4302	0.0
4303	0.0
4304	0.0
4305	0.0
4306	0.0
4307	0.0
4308	0.0
4309	0.0
431	8.0E-4
4310	0.0
4311	0.0
4312	0.0
4313	0.0
4314	0.0
4315	0.0
4316	0.0
4317	0.0
4318	0.0
4319	0.0
432	1.0E-4
4320	0.0
4321	0.0
4322	0.0
4323	0.0
4324	0.0
4325	0.0
4326	0.0
4327	0.0
4328	0.0
4329	0.0
433	8.0E-4
4330	0.0
4331	0.0
4332	0.0
4333	0.0
4334	0.0
4335	0.0
4336	0.0
4337	0.0
4338	0.0
4339	0.0
434	8.0E-4
4340	0.0
4341	0.0
4342	0.0
4343	0.0
4344	0.0
4345	0.0
4346	0.0
4347	0.0
4348	0.0
4349	0.0
435	8.0E-4
4350	0.0
4351	0.0
4352	0.0
4353	0.0
4354	0.0
4355	0.0
4356	0.0
4357	0.0
4358	0.0
4359	0.0
436	8.0E-4
4360	0.0
4361	0.0
4362	0.0
4363	0.0
4364	0.0
4365	0.0
4366	0.0
4367	0.0
4368	0.0
4369	0.0
437	8.0E-4
4370	0.0
4371	0.0
4372	0.0
4373	0.0
4374	0.0
4375	0.0
4376	0.0
4377	0.0
4378	0.0
4379	0.0
438	8.0E-4
4380	0.0
4381	0.0
4382	0.0
4383	0.0
4384	0.0
4385	0.0
4386	0.0
4387	0.0
4388	0.0
4389	0.0
439	8.0E-4
4390	0.0
4391	0.0
4392	0.0
4393	0.0
4394	0.0
4395	0.0
4396	0.0
4397	0.0
4398	0.0
4399	0.0
44	0.5832
440	8.0E-4
4400	0.0
4401	0.0
4402	0.0
4403	0.0
4404	0.0
4405	0.0
4406	0.0
4407	0.0
4408	0.0
4409	0.0
441	3.0E-4
4410	0.0
4411	0.0
4412	0.0
4413	0.0
4414	0.0
4415	0.0
4416	0.0
4417	0.0
4418	0.0
4419	0.0
442	3.0E-4
4420	0.0
4421	0.0
4422	0.0
4423	0.0
4424	0.0
4425	0.0
4426	0.0
4427	0.0
4428	0.0
4429	0.0
443	3.0E-4
4430	0.0
4431	0.0
4432	0.0
4433	0.0
4434	0.0
4435	0.0
4436	0.0
4437	0.0
4438	0.0
4439	0.0
444	3.0E-4
4440	0.0
4441	0.0
4442	0.0
4443	0.0
4444	0.0
4445	0.0
4446	0.0
4447	0.0
4448	0.0
4449	0.0
445	0.0011
4450	0.0
4451	0.0
4452	0.0
4453	0.0
4454	0.0
4455	0.0
4456	0.0
4457	0.0
4458	3.6371
4459	0.0
446	0.0012
4460	0.0
4461	0.0
4462	0.0
4463	0.0
4464	0.0
4465	0.0
4466	0.0
4467	0.0
4468	0.0
4469	0.0
447	0.0011
4470	0.0
4471	0.0
4472	0.0
4473	0.0
4474	0.0
4475	0.0
4476	0.0
4477	0.0
4478	0.0
4479	0.0
448	0.002
4480	0.0
4481	0.0
4482	0.0
4483	0.0
4484	0.0232
4485	1.0154
4486	0.0
4487	0.0
4488	0.0
4489	0.0
449	0.0011
4490	0.0
4491	0.0
4492	0.0
4493	0.0
4494	0.0
4495	0.0
4496	0.0
4497	0.0
4498	0.0
4499	0.0
45	0.2867
450	7.0E-4
4500	0.0
4501	0.0
4502	0.0
4503	0.0
4504	0.0
4505	0.0
4506	0.0
4507	0.0
4508	0.0
4509	0.0
451	7.0E-4
4510	0.0
4511	0.0
4512	0.0
4513	0.0
4514	0.0
4515	0.0
4516	0.0
4517	0.0
4518	0.0
4519	0.0
452	6.0E-4
4520	0.0
4521	0.0
4522	0.0
4523	0.0
4524	0.0
4525	0.0
4526	0.0
4527	0.0
4528	0.0
4529	0.0
453	6.0E-4
4530	0.0
4531	0.0
4532	0.0
4533	0.0
4534	0.0
4535	0.0
4536	0.0
4537	0.0
4538	0.0
4539	0.0
454	6.0E-4
4540	0.0
4541	0.0
4542	0.0
4543	0.0
4544	0.0
4545	0.0
4546	0.0
4547	0.0
4548	0.0
4549	0.0
455	6.0E-4
4550	0.0
4551	0.0
4552	0.0
4553	0.0
4554	0.0
4555	0.0
4556	0.0
4557	0.0
4558	0.0
4559	0.0
456	6.0E-4
4560	0.0
4561	0.0
4562	0.0
4563	0.0
4564	0.0
4565	0.0
4566	0.0
4567	0.0
4568	0.0
4569	0.0
457	0.011
4570	0.0
4571	0.0
4572	0.0
4573	0.0
4574	0.0
4575	0.0
4576	0.0
4577	0.0
4578	0.0
4579	0.0
458	0.011
4580	0.0
4581	0.0
4582	0.0
4583	0.0
4584	0.0
4585	0.0
4586	0.0
4587	0.0
4588	0.0
4589	0.0
459	0.011
4590	0.0
4591	0.0
4592	0.0
4593	0.0
4594	0.0
4595	0.0
4596	0.0
4597	0.0
4598	0.0
4599	0.0
46	0.6008
460	0.01
4600	0.0
4601	0.0
4602	0.0
4603	0.0
4604	0.0
4605	0.0
4606	0.0
4607	0.0
4608	0.0
4609	0.0
461	0.011
4610	0.0
4611	0.0
4612	0.0
4613	0.0
4614	0.0
4615	0.0
4616	0.0
4617	0.0
4618	0.0
4619	0.0
462	0.0111
4620	0.0
4621	0.0
4622	0.0
4623	0.0
4624	0.0
4625	0.0
4626	0.0
4627	0.0
4628	0.0
4629	0.0
463	0.0111
4630	0.0
4631	0.0
4632	0.0
4633	0.0
4634	0.0
4635	0.0
4636	0.0
4637	0.0
4638	0.0
4639	0.0
464	0.0111
4640	0.0
4641	0.0
4642	0.0
4643	0.0
4644	0.0
4645	0.0
4646	0.0
4647	0.0
4648	0.0
4649	0.0
465	0.011
4650	0.0
4651	0.0
4652	0.0
4653	0.0
4654	0.0
4655	0.0
4656	0.0
4657	0.0
4658	0.0
4659	0.0
466	0.011
4660	0.0
4661	0.0
4662	0.0
4663	0.0
4664	0.0
4665	0.0
4666	0.0
4667	0.0
4668	0.0
4669	0.0
467	0.0121
4670	0.0
4671	0.0
4672	0.0
4673	0.0
4674	0.0
4675	0.0
4676	0.0
4677	0.0
4678	0.0
4679	0.0
468	0.0121
4680	0.0
4681	0.0
4682	0.0
4683	0.0
4684	0.0
4685	0.0
4686	0.0
4687	0.0
4688	0.0
4689	0.0
469	0.0016
4690	0.0
4691	0.0
4692	0.0
4693	0.0
4694	0.0
4695	0.0
4696	0.0
4697	0.0
4698	0.0
4699	0.0
47	0.1587
470	0.0023
4700	0.0
4701	0.0
4702	0.0
4703	0.0
4704	0.0
4705	0.0
4706	0.0
4707	0.0
4708	0.0
4709	0.0
471	0.0023
4710	0.0
4711	0.0
4712	0.0
4713	0.0
4714	0.0
4715	0.0
4716	0.0
4717	0.0
4718	0.0
4719	0.0
472	0.0023
4720	0.0
4721	0.0
4722	0.0
4723	0.0
4724	0.0
4725	0.0
4726	0.0
4727	0.0
4728	0.0
4729	0.0
473	0.0022
4730	0.0
4731	0.0
4732	0.0
4733	0.0
4734	0.0
4735	0.0
4736	0.0
4737	0.0
4738	0.0
4739	0.0
474	3.0E-4
4740	0.0
4741	0.0
4742	0.0
4743	0.0
4744	0.0
4745	0.0
4746	0.0
4747	0.0
4748	0.0
4749	0.0
475	3.0E-4
4750	0.0
4751	0.0
4752	0.0
4753	0.0
4754	0.0
4755	0.0
4756	0.0
4757	0.0
4758	0.0
4759	0.0
476	3.0E-4
4760	0.0
4761	0.0
4762	0.0
4763	0.0
4764	0.0
4765	0.0
4766	0.0
4767	0.0
4768	0.0
4769	0.0
477	3.0E-4
4770	0.0
4771	0.0
4772	0.0
4773	0.0
4774	0.0298
4775	0.0268
4776	0.108
4777	0.108
4778	0.0189
4779	0.0189
478	3.0E-4
4780	0.0189
4781	0.0158
4782	0.0158
4783	0.0158
4784	0.017
4785	0.0202
4786	0.0202
4787	0.0209
4788	0.0209
4789	0.0158
479	0.0193
4790	0.0173
4791	0.0158
4792	0.0173
4793	4.0E-4
4794	3.0E-4
4795	3.0E-4
4796	3.0E-4
4797	3.0E-4
4798	3.0E-4
4799	6.0E-4
48	0.3745
480	0.0266
4800	3.0E-4
4801	7.0E-4
4802	0.0012
4803	0.0012
4804	0.0012
4805	0.0108
4806	0.5021
4807	0.0054
4808	0.0054
4809	0.0108
481	0.0192
4810	2.7283
4811	0.0072
4812	0.0315
4813	0.001
4814	0.0012
4815	0.0584
4816	0.0029
4817	0.0029
4818	0.0029
4819	1.2872
482	1.0E-4
4820	0.0029
4821	8.0E-4
4822	8.0E-4
4823	8.0E-4
4824	8.0E-4
4825	8.0E-4
4826	8.0E-4
4827	8.0E-4
4828	0.0037
4829	0.0037
483	2.0E-4
4830	0.0016
4831	0.0011
4832	0.0011
4833	0.0042
4834	0.0042
4835	0.0042
4836	0.0042
4837	0.0042
4838	0.0053
4839	9.0E-4
484	2.0E-4
4840	0.0037
4841	0.0037
4842	0.0037
4843	0.0013
4844	0.0031
4845	6.0E-4
4846	6.0E-4
4847	6.0E-4
4848	0.369
4849	0.369
485	1.0E-4
4850	0.369
4851	0.2768
4852	0.2768
4853	0.2768
4854	0.0012
4855	0.0012
4856	0.0012
4857	0.0156
4858	0.0156
4859	0.0156
486	1.0E-4
4860	0.047
4861	0.047
4862	0.023
4863	0.0
4864	0.0
4865	0.0
4866	0.0
4867	0.0
4868	0.0
4869	0.0
487	1.0E-4
4870	0.0
4871	0.0
4872	0.0
4873	0.0
4874	0.0
4875	0.0
4876	0.0
4877	0.0
4878	0.0
4879	0.0
488	1.0E-4
4880	0.0
4881	0.0
4882	0.0
4883	0.0
4884	0.0
4885	0.0
4886	0.0
4887	0.0
4888	0.0
4889	0.0
489	1.0E-4
4890	0.0
4891	0.0
4892	0.0
4893	0.0
4894	0.0
4895	0.0
4896	0.0
4897	0.0
4898	0.0
4899	0.0
49	0.1587
490	1.0E-4
4900	0.0
4901	0.0
4902	0.0
4903	0.0
4904	0.0
4905	0.0
4906	0.0
4907	0.0
4908	0.0
4909	0.0
491	1.0E-4
4910	0.0
4911	0.0
4912	0.0
4913	0.0
4914	0.0
4915	0.0
4916	0.0
4917	0.0
4918	0.0
4919	0.0
492	2.0E-4
4920	0.0
4921	0.0
4922	0.0
4923	0.0
4924	0.0
4925	0.0
4926	0.0
4927	0.0
4928	0.0
4929	0.0
493	1.0E-4
4930	0.1691
4931	0.1691
4932	0.1691
4933	0.1691
4934	0.1691
4935	0.1691
4936	0.1691
4937	1.0E-4
4938	1.0E-4
4939	1.0E-4
494	0.0
4940	1.0E-4
4941	1.0E-4
4942	1.0E-4
4943	1.0E-4
4944	1.0E-4
4945	1.0E-4
4946	1.0E-4
4947	1.0E-4
4948	1.0E-4
4949	1.0E-4
495	0.0
4950	1.0E-4
4951	1.0E-4
4952	1.0E-4
4953	1.0E-4
4954	1.0E-4
4955	1.0E-4
4956	1.0E-4
4957	1.0E-4
4958	1.0E-4
4959	1.0E-4
496	1.0E-4
4960	1.0E-4
4961	1.0E-4
4962	1.0E-4
4963	1.0E-4
4964	1.0E-4
4965	1.0E-4
4966	1.0E-4
4967	1.0E-4
4968	1.0E-4
4969	1.0E-4
497	0.0
4970	1.0E-4
4971	1.0E-4
4972	0.0
4973	0.0
4974	0.0
4975	0.0
4976	0.0
4977	0.0
4978	0.0
4979	0.0
498	0.001
4980	0.0
4981	0.0
4982	0.0
4983	0.0
4984	0.0
4985	0.0
4986	0.0
4987	0.0
4988	0.0
4989	0.0
499	2.0E-4
4990	0.0
4991	0.0
4992	0.0
4993	0.0
4994	0.0
4995	0.0
4996	0.0
4997	0.0
4998	0.0
4999	0.0
5	9.0E-4
50	0.1587
500	0.0442
5000	0.0
5001	0.0
5002	0.0
5003	0.0
5004	0.0
5005	0.0
5006	0.0
5007	0.0
5008	0.3385
5009	0.3385
501	0.043
5010	0.3385
5011	0.3385
5012	0.3385
5013	0.0
5014	0.0
5015	0.0
5016	0.0
5017	0.0
5018	0.0
5019	0.0
502	0.0423
5020	0.0
5021	0.0
5022	0.0
5023	0.0
5024	0.0
5025	0.0
5026	0.0
5027	0.0
5028	0.0
5029	0.0
503	0.0171
5030	0.0
5031	0.0
5032	0.0
5033	0.0
5034	0.0
5035	0.558
5036	0.0
5037	0.0
5038	0.0
5039	0.0
504	0.0171
5040	0.0
5041	0.0
5042	0.0
5043	0.0
5044	0.0
5045	0.0
5046	0.0
5047	0.0
5048	0.0
5049	0.0
505	0.0491
5050	0.0
5051	4.3645
5052	2.2741
5053	1.0588
5054	0.6018
5055	0.4708
5056	0.4322
5057	0.4208
5058	0.4176
5059	0.4175
506	0.0012
5060	0.4204
5061	0.4323
5062	0.4794
5063	0.6823
5064	1.3749
5065	3.3753
5066	0.0
5067	0.0
5068	0.0
5069	0.0
507	0.0012
5070	0.0
5071	0.0
5072	7.3583
5073	5.2029
5074	2.2435
5075	0.7757
5076	0.3214
5077	0.1816
5078	0.1387
5079	0.1255
508	0.0012
5080	0.1215
5081	0.1203
5082	0.1199
5083	0.1198
5084	0.1198
5085	0.1198
5086	0.1198
5087	0.1198
5088	0.1198
5089	0.1198
509	0.0012
5090	0.1198
5091	0.1198
5092	0.1198
5093	0.1198
5094	0.1198
5095	0.1198
5096	0.1198
5097	0.1198
5098	0.1198
5099	0.1198
510	0.0012
5100	0.1198
5101	0.1198
5102	0.1199
5103	0.1202
5104	0.1212
5105	0.1245
5106	0.135
5107	0.1686
5108	0.2738
5109	0.5876
511	0.0012
5110	1.4264
5111	2.2531
5112	5.592
5113	3.9796
5114	1.7353
5115	0.6172
5116	0.2707
5117	0.164
5118	0.1311
5119	0.1211
512	0.0012
5120	0.118
5121	0.117
5122	0.1167
5123	0.1167
5124	0.1167
5125	0.1166
5126	0.1167
5127	0.1166
5128	0.1166
5129	0.1167
513	0.0012
5130	0.1167
5131	0.1166
5132	0.1166
5133	0.1167
5134	0.117
5135	0.1177
5136	0.1202
5137	0.1283
5138	0.154
5139	0.2342
514	0.0012
5140	0.4731
5141	1.1104
5142	1.726
5143	1.5097
5144	1.1349
5145	0.5405
5146	0.233
5147	0.1388
5148	0.116
5149	0.129
515	0.0012
5150	0.1917
5151	0.3623
5152	0.4984
5153	3.83
5154	2.7569
5155	1.2256
5156	0.4565
5157	0.2177
5158	0.144
5159	0.1213
516	0.0012
5160	0.1143
5161	0.1121
5162	0.1115
5163	0.1113
5164	0.1112
5165	0.1113
5166	0.1114
5167	0.112
5168	0.1137
5169	0.1193
517	0.0012
5170	0.137
5171	0.1923
5172	0.3566
5173	0.7927
5174	1.1989
5175	6.1797
5176	4.3868
5177	1.9046
5178	0.6701
5179	0.2878
518	0.0012
5180	0.17
5181	0.1338
5182	0.1227
5183	0.1193
5184	0.1183
5185	0.118
5186	0.1178
5187	0.1178
5188	0.1178
5189	0.1178
519	0.02
5190	0.1178
5191	0.1178
5192	0.1178
5193	0.1178
5194	0.1178
5195	0.1178
5196	0.1178
5197	0.1178
5198	0.1178
5199	0.1179
52	2.5996
520	0.02
5200	0.1182
5201	0.1191
5202	0.1218
5203	0.1307
5204	0.159
5205	0.2475
5206	0.5114
5207	1.2157
5208	1.9015
5209	2.856
521	0.0146
5210	2.079
5211	0.9413
5212	0.3654
5213	0.1862
5214	0.1308
5215	0.1136
5216	0.1084
5217	0.1069
5218	0.1068
5219	0.108
522	0.0153
5220	0.1121
5221	0.1255
5222	0.167
5223	0.2899
5224	0.6149
5225	0.9064
5226	5.0032
5227	3.5714
5228	1.5654
5229	0.5639
523	0.0474
5230	0.2534
5231	0.1576
5232	0.1282
5233	0.1191
5234	0.1164
5235	0.1155
5236	0.1153
5237	0.1152
5238	0.1152
5239	0.1151
524	0.0153
5240	0.1151
5241	0.1151
5242	0.1152
5243	0.1152
5244	0.1152
5245	0.1155
5246	0.1162
5247	0.1184
5248	0.1256
5249	0.1487
525	0.0153
5250	0.2206
5251	0.4345
5252	1.0046
5253	1.5501
5254	9.9145
5255	6.9717
5256	2.9769
5257	1.0032
5258	0.393
5259	0.2054
526	0.5422
5260	0.1478
5261	0.1302
5262	0.1248
5263	0.1232
5264	0.1227
5265	0.1226
5266	0.1225
5267	0.1225
5268	0.1225
5269	0.1225
527	0.0118
5270	0.1225
5271	0.1225
5272	0.1225
5273	0.1225
5274	0.1225
5275	0.1225
5276	0.1225
5277	0.1225
5278	0.1225
5279	0.1225
528	0.0114
5280	0.1225
5281	0.1225
5282	0.1225
5283	0.1225
5284	0.1225
5285	0.1225
5286	0.1225
5287	0.1225
5288	0.1225
5289	0.1225
529	0.0107
5290	0.1225
5291	0.1225
5292	0.1225
5293	0.1225
5294	0.1225
5295	0.1225
5296	0.1225
5297	0.1227
5298	0.1231
5299	0.1244
53	0.0217
530	0.0107
5300	0.1288
5301	0.1429
5302	0.188
5303	0.3293
5304	0.7513
5305	1.8819
5306	3.0149
5307	4.4163
5308	3.1641
5309	1.3957
531	1.0E-4
5310	0.5104
5311	0.2358
5312	0.151
5313	0.125
5314	0.1169
5315	0.1145
5316	0.1137
5317	0.1135
5318	0.1134
5319	0.1134
532	4.0E-4
5320	0.1134
5321	0.1134
5322	0.1135
5323	0.1137
5324	0.1143
5325	0.1163
5326	0.1227
5327	0.1431
5328	0.2067
5329	0.3958
533	1.0E-4
5330	0.8988
5331	1.3746
5332	2.4686
5333	1.8085
5334	0.8273
5335	0.3283
5336	0.1728
5337	0.1247
5338	0.1099
5339	0.1057
534	1.0E-4
5340	0.1054
5341	0.1086
5342	0.1201
5343	0.1561
5344	0.2625
5345	0.5433
5346	0.7896
5347	3.1521
5348	2.2921
5349	1.0449
535	1.0E-4
5350	0.4175
5351	0.224
5352	0.1647
5353	0.1467
5354	0.1416
5355	0.1413
5356	0.1453
5357	0.1595
5358	0.2047
5359	0.3398
536	0.9076
5360	0.6995
5361	1.0187
5362	0.0
5363	0.0
5364	0.0
5365	0.0
5366	0.0
5367	0.0
5368	0.0
5369	0.0
537	0.9076
5370	0.0
5371	0.0
5372	0.0
5373	0.0
5374	0.0
5375	0.0
5376	0.0
5377	0.0
5378	0.0
5379	0.0
538	0.9076
5380	0.0
5381	0.0
5382	0.0
5383	0.0
5384	0.0
5385	0.0
5386	0.0
5387	0.0
5388	0.0
5389	0.0
539	0.9274
5390	0.0
5391	0.0
5392	0.0
5393	0.0
5394	0.0
5395	0.0
5396	0.0
5397	4.3645
5398	2.2742
5399	1.0588
54	0.0209
540	0.9076
5400	0.6018
5401	0.4708
5402	0.4323
5403	0.4208
5404	0.4176
5405	0.4175
5406	0.4204
5407	0.4323
5408	0.4794
5409	0.6823
541	0.9274
5410	1.3749
5411	3.3753
5412	0.0
5413	0.0
5414	0.0
5415	0.0
5416	0.0
5417	0.0
5418	0.0157
5419	0.0157
542	0.9076
5420	0.0157
5421	0.0
5422	0.0145
5423	0.0145
5424	0.0068
5425	0.0068
5426	0.0019
5427	0.0019
5428	0.0019
5429	1.0E-4
543	0.9075
5430	1.0E-4
5431	1.0E-4
5432	1.0E-4
5433	1.0E-4
5434	1.0E-4
5435	0.0017
5436	2.0E-4
5437	2.0E-4
5438	4.0E-4
5439	1.0E-4
544	0.9076
5440	1.0E-4
5441	1.0E-4
5442	2.0E-4
5443	2.0E-4
5444	1.0E-4
5445	1.0E-4
5446	1.0E-4
5447	0.0058
5448	0.0058
5449	0.4962
545	0.9365
5450	0.4962
5451	0.4962
5452	0.4962
5453	0.5822
5454	0.5219
5455	1.0226
5456	4.7277
5457	0.6812
5458	0.6812
5459	0.0078
546	0.9076
5460	0.0031
5461	0.0031
5462	0.0031
5463	0.0031
5464	6.0E-4
5465	6.0E-4
5466	4.0E-4
5467	4.0E-4
5468	0.34
5469	0.0032
547	0.0246
5470	1.2426
5471	0.0032
5472	1.0E-4
5473	1.0E-4
5474	1.0E-4
5475	1.0E-4
5476	1.0E-4
5477	1.0E-4
5478	1.0E-4
5479	1.0E-4
548	0.015
5480	3.0E-4
5481	3.0E-4
5482	3.0E-4
5483	0.0096
5484	0.004
5485	9.0E-4
5486	3.0E-4
5487	3.0E-4
5488	3.0E-4
5489	3.0E-4
549	9.0E-4
5490	7.0E-4
5491	7.0E-4
5492	7.0E-4
5493	7.0E-4
5494	8.0E-4
5495	7.0E-4
5496	7.0E-4
5497	0.0018
5498	0.001
5499	0.001
55	0.0207
550	0.0321
5500	0.001
5501	0.001
5502	0.0013
5503	0.0029
5504	0.0029
5505	0.0029
5506	0.0157
5507	0.0157
5508	0.0157
5509	0.0
551	0.034
5510	0.0
5511	0.0
5512	0.0
5513	0.0
5514	0.0
5515	0.0
5516	0.0
5517	0.0
5518	0.0
5519	0.0
552	0.0321
5520	0.0
5521	0.0
5522	0.0
5523	3.1521
5524	2.2921
5525	1.0449
5526	0.4175
5527	0.224
5528	0.1647
5529	0.1467
553	0.0338
5530	0.1416
5531	0.1413
5532	0.1453
5533	0.1595
5534	0.2047
5535	0.3398
5536	0.6995
5537	1.0187
5538	0.0
5539	0.0
554	0.0391
5540	0.0
5541	0.0
5542	0.0
5543	0.0
5544	0.0
5545	0.0
5546	0.0
5547	0.0
5548	0.0
5549	0.0
555	0.0393
5550	0.0
5551	0.0
5552	0.0
5553	0.0
5554	0.0
5555	0.0
5556	0.0
5557	0.0
5558	0.0
5559	0.0
556	0.0393
5560	0.0
5561	0.0
5562	0.0
5563	0.0
5564	0.0
5565	0.0
5566	0.0
5567	0.0
5568	0.0
5569	0.0
557	0.0719
5570	0.0
5571	0.0
5572	0.0
5573	0.0
5574	0.0
5575	0.0
5576	0.0
5577	0.0
5578	0.0
5579	0.0
558	0.0235
5580	0.0
5581	0.0
5582	0.0
5583	0.0
5584	0.0
5585	0.0
5586	0.0
5587	0.0
5588	0.0
5589	0.0
559	0.0235
5590	0.0
5591	0.0
5592	0.0
5593	0.0
5594	0.0
5595	0.0
5596	0.0
5597	0.0
5598	0.0
5599	0.0
56	0.0193
560	0.0235
5600	0.0
5601	0.0
5602	0.0
5603	0.0
5604	0.0
5605	0.0
5606	0.0
5607	0.0
5608	0.0
5609	0.0
561	0.0224
5610	0.0
5611	0.0
5612	0.0
5613	0.0
5614	0.0
5615	0.0
5616	0.0
5617	0.0
5618	0.0
5619	0.0
562	0.0224
5620	0.0
5621	0.0
5622	0.0
5623	0.0
5624	0.0
5625	0.0
5626	0.0
5627	0.0
5628	0.0
5629	0.0
563	0.0224
5630	0.0
5631	0.0
5632	0.0
5633	0.0
5634	0.0
5635	0.0
5636	0.0
5637	0.0
5638	0.0
5639	0.0
564	0.0224
5640	0.0
5641	0.0
5642	0.0
5643	0.0
5644	0.0
5645	0.0
5646	0.0
5647	0.0
5648	0.0
5649	0.0
565	0.0236
5650	0.0
5651	0.0
5652	0.0
5653	0.0
5654	0.0
5655	0.0
5656	0.0
5657	0.0
5658	0.0
5659	0.0
566	2.0E-4
5660	0.0
5661	0.0
5662	0.0
5663	0.0
5664	0.0
5665	0.0
5666	0.0
5667	0.0
5668	0.0
5669	0.0
567	2.0E-4
5670	0.0
5671	0.0
5672	0.0
5673	0.0
5674	0.0
5675	0.0
5676	0.0
5677	0.0
5678	0.0
5679	0.0
568	2.0E-4
5680	0.0
5681	0.0
5682	0.0
5683	0.0
5684	0.0
5685	0.0
5686	0.0
5687	0.0
5688	0.0
5689	0.0
569	4.0E-4
5690	0.0
5691	0.0
5692	0.0
5693	0.0
5694	0.0
5695	0.0
5696	0.0
5697	0.0
5698	0.0
5699	0.0
57	0.0187
570	2.0E-4
5700	0.0
5701	0.0
5702	0.0
5703	0.0
5704	0.0
5705	0.0
5706	0.0
5707	0.0
5708	0.0
5709	0.0
571	2.0E-4
5710	0.0
5711	0.0
5712	0.0
5713	0.0
5714	0.0
5715	0.0
5716	0.0
5717	0.0
5718	0.0
5719	0.0
572	2.0E-4
5720	0.0
5721	0.0
5722	0.0
5723	0.0
5724	0.0
5725	0.0
5726	0.0
5727	0.0
5728	0.0
5729	0.0
573	2.0E-4
5730	0.0
5731	0.0
5732	0.0
5733	0.0
5734	0.0
5735	0.0
5736	0.0
5737	0.0
5738	0.0
5739	0.0
574	2.0E-4
5740	0.0
5741	0.0
5742	0.0
5743	0.0
5744	0.0
5745	0.0
5746	0.0
5747	0.0
5748	0.0
5749	0.0
575	2.0E-4
5750	0.0
5751	0.0
5752	0.0
5753	0.0
5754	0.0
5755	0.0
5756	0.0
5757	0.0
5758	0.0
5759	0.0
576	2.0E-4
5760	0.0
5761	0.0
5762	0.0
5763	0.0
5764	0.0
5765	0.0
5766	0.0
5767	0.0
5768	0.0
5769	0.0
577	2.0E-4
5770	0.0
5771	0.0
5772	0.0
5773	0.0
5774	0.0
5775	0.0
5776	0.0
5777	0.0
5778	0.0
5779	0.0
578	0.3153
5780	0.0
5781	0.0
5782	0.0
5783	0.0
5784	0.0
5785	3.1522
5786	2.2921
5787	1.045
5788	0.4175
5789	0.2241
579	0.0321
5790	0.1647
5791	0.1467
5792	0.1416
5793	0.1413
5794	0.1453
5795	0.1595
5796	0.2047
5797	0.3398
5798	0.6995
5799	1.0187
58	0.0208
580	0.0321
5800	0.0
5801	0.0
5802	0.0
5803	0.0
5804	0.0
5805	0.0
5806	0.0
5807	0.0
5808	0.0
5809	0.0
581	0.0338
5810	0.0
5811	0.0
5812	0.0
5813	0.0
5814	0.0
5815	0.0024
5816	0.0024
5817	0.0
5818	4.0E-4
5819	1.0E-4
582	2.0E-4
5820	0.3026
5821	0.3026
5822	0.0603
5823	1.712
5824	0.0622
5825	0.6819
5826	0.673
5827	0.673
5828	1.0104
5829	0.673
583	2.0E-4
5830	0.673
5831	0.673
5832	0.6823
5833	0.6823
5834	0.0084
5835	0.0519
5836	0.0519
5837	0.0519
5838	0.0519
5839	0.0519
584	1.0E-4
5840	0.0519
5841	0.0519
5842	0.0052
5843	0.0052
5844	4.0E-4
5845	1.0E-4
5846	1.0E-4
5847	1.0E-4
5848	1.0E-4
5849	1.0E-4
585	2.0E-4
5850	1.0E-4
5851	1.0E-4
5852	1.0E-4
5853	1.0E-4
5854	1.0E-4
5855	1.0E-4
5856	1.0E-4
5857	1.0E-4
5858	1.0E-4
5859	1.0E-4
586	2.0E-4
5860	1.0E-4
5861	1.0E-4
5862	1.0E-4
5863	1.0E-4
5864	1.0E-4
5865	1.0E-4
5866	1.0E-4
5867	0.0014
5868	7.0E-4
5869	7.0E-4
587	1.0E-4
5870	7.0E-4
5871	7.0E-4
5872	7.0E-4
5873	7.0E-4
5874	7.0E-4
5875	0.0014
5876	7.0E-4
5877	1.0732
5878	7.0E-4
5879	7.0E-4
588	1.0E-4
5880	7.0E-4
5881	7.0E-4
5882	7.0E-4
5883	7.0E-4
5884	7.0E-4
5885	7.0E-4
5886	7.0E-4
5887	7.0E-4
5888	7.0E-4
5889	7.0E-4
589	2.0E-4
5890	7.0E-4
5891	7.0E-4
5892	0.0
5893	0.0
5894	0.0
5895	0.0
5896	0.0
5897	0.0
5898	0.0
5899	0.0
59	0.0206
590	2.0E-4
5900	0.0
5901	0.0
5902	0.0
5903	0.0
5904	0.0
5905	0.0
5906	0.0
5907	0.0
5908	0.0
5909	0.0
591	2.0E-4
5910	0.0
5911	0.0
5912	0.0
5913	0.0
5914	0.0
5915	0.0
5916	0.0
5917	0.0
5918	0.0
5919	0.0
592	2.0E-4
5920	4.0E-4
5921	0.0
5922	0.0393
5923	0.0393
5924	0.0393
5925	0.0393
5926	0.0393
5927	0.0393
5928	0.0393
5929	0.0393
593	1.047
5930	1.6606
5931	1.6606
5932	1.6606
5933	1.6606
5934	1.6606
5935	1.6606
5936	0.0342
5937	0.0323
5938	0.3414
5939	0.009
594	3.0E-4
5940	0.0
5941	0.0
5942	0.0
5943	0.0
5944	0.0
5945	0.0
5946	0.0
5947	0.0
5948	0.0
5949	0.0
595	2.0E-4
5950	0.0
5951	0.0015
5952	0.0
5953	1.0E-4
5954	1.0E-4
5955	0.0241
5956	1.0461
5957	1.0E-4
5958	0.0
5959	0.0
596	2.0E-4
5960	0.0
5961	0.0
5962	0.0
5963	0.0
5964	0.0
5965	0.0
5966	0.0
5967	0.0
5968	0.0
5969	0.0
597	2.0E-4
5970	0.0
5971	0.0
5972	0.0
5973	0.0
5974	5.0E-4
5975	0.0051
5976	0.0196
5977	0.0196
5978	0.0019
5979	0.0019
598	0.0046
5980	0.0019
5981	0.0019
5982	0.0019
5983	0.0019
5984	0.0019
5985	0.0019
5986	0.0019
5987	0.0019
5988	0.0019
5989	0.0019
599	0.0023
5990	0.0019
5991	0.0019
5992	0.0097
5993	0.0
5994	0.0
5995	0.0
5996	0.0
5997	0.0
5998	0.0
5999	0.0
6	9.0E-4
60	0.0193
600	1.0E-4
6000	0.0
6001	2.0E-4
6002	2.0E-4
6003	2.0E-4
6004	0.0248
6005	0.028
6006	0.0
6007	0.0
6008	0.0
6009	0.0
601	1.0E-4
6010	0.0
6011	0.0
6012	0.0103
602	1.0E-4
603	1.0E-4
604	1.0E-4
605	1.0E-4
606	1.0E-4
607	1.0E-4
608	1.0E-4
609	1.0E-4
61	2.7394
610	1.0E-4
611	0.0022
612	0.0029
613	0.0029
614	0.0263
615	0.0024
616	0.0025
617	0.0031
618	0.0031
619	0.0031
62	0.0033
620	0.0039
621	0.0057
622	0.0025
623	0.0025
624	0.0024
625	0.009
626	0.009
627	0.0015
628	0.0
629	0.0
63	0.0179
630	0.0
631	0.0
632	0.0
633	0.0
634	0.0
635	0.0
636	0.0
637	0.0
638	0.0
639	0.0
64	0.0133
640	0.0
641	0.0
642	0.0
643	0.0
644	0.0
645	0.0
646	0.0
647	0.0
648	0.0011
649	0.0011
65	0.0148
650	0.0011
651	0.0011
652	0.0011
653	0.0011
654	0.0011
655	0.0011
656	0.0011
657	0.0011
658	0.0
659	0.0
66	0.0134
660	0.0
661	0.0
662	0.0
663	0.0
664	0.0
665	0.0
666	0.0
667	0.0018
668	0.001
669	0.0041
67	0.013
670	0.004
671	0.0036
672	0.0036
673	0.0036
674	0.004
675	0.0033
676	0.0033
677	0.0033
678	0.0036
679	0.0
68	0.018
680	0.0
681	0.0
682	0.0
683	0.0
684	0.0
685	0.0
686	0.0033
687	0.0036
688	0.0036
689	0.0036
69	0.0188
690	0.0
691	0.0
692	0.0
693	0.0
694	0.0
695	0.0
696	0.0
697	0.0
698	0.0
699	0.0
7	0.0055
70	0.0141
700	0.0
701	0.0
702	0.0
703	0.0
704	0.0
705	0.0
706	0.0
707	0.0
708	0.0
709	0.0028
71	0.0202
710	0.0
711	0.0
712	0.0
713	0.0
714	0.0
715	0.0
716	0.0
717	0.0
718	0.0
719	0.0
72	0.0422
720	0.0
721	0.0
722	2.0E-4
723	0.0
724	2.0E-4
725	0.0
726	0.0
727	0.0
728	0.0
729	0.0
73	1.0871
730	0.0
731	0.0
732	0.0
733	0.0
734	0.0
735	0.0
736	0.0
737	0.0
738	0.0
739	0.0
74	0.3773
740	0.0
741	0.0
742	0.0
743	0.0
744	0.0
745	0.0
746	0.0
747	0.0
748	0.0
749	0.0
75	0.2005
750	0.0
751	0.0049
752	0.0
753	0.0
754	0.0
755	0.0026
756	0.0026
757	0.0026
758	0.0026
759	0.0026
76	0.2304
760	0.0026
761	0.0026
762	0.0026
763	0.0013
764	0.0013
765	0.0013
766	0.0014
767	0.0014
768	0.001
769	0.0013
77	0.0665
770	0.0013
771	0.0
772	0.0012
773	0.0012
774	0.0012
775	0.0012
776	0.0012
777	0.0012
778	8.0E-4
779	8.0E-4
78	0.2309
780	0.0012
781	0.0012
782	0.0
783	0.001
784	0.0013
785	0.0012
786	0.0012
787	0.0012
788	0.0011
789	0.0011
79	0.1563
790	0.0011
791	0.0012
792	0.0012
793	0.0012
794	0.0012
795	0.0012
796	0.0012
797	0.0011
798	0.0011
799	0.0011
8	0.0011
80	0.9285
800	0.001
801	0.0061
802	0.0092
803	0.0088
804	0.008
805	0.008
806	0.008
807	0.008
808	0.0096
809	0.0096
81	1.3298
810	0.0086
811	0.0086
812	0.0086
813	0.0086
814	0.0086
815	0.0086
816	0.009
817	0.0087
818	0.0108
819	0.0108
82	0.5381
820	0.0108
821	0.0108
822	0.9499
823	0.1819
824	0.0147
825	0.0114
826	0.0297
827	0.0268
828	1.3417
829	0.0084
83	0.3921
830	0.0075
831	0.0027
832	0.0027
833	0.0027
834	0.0027
835	0.0027
836	2.0E-4
837	0.0064
838	0.0038
839	0.0051
84	0.4877
840	0.0063
841	0.004
842	0.0049
843	0.0032
844	0.0032
845	0.0032
846	0.0032
847	0.0032
848	0.0032
849	0.0032
85	0.0038
850	0.0032
851	0.0032
852	0.0032
853	0.0032
854	0.0032
855	0.0032
856	0.0032
857	0.0032
858	0.0032
859	0.0032
86	0.0026
860	0.0032
861	0.0032
862	0.0032
863	0.0032
864	0.0032
865	0.0032
866	0.0032
867	0.0032
868	0.0032
869	0.0076
87	0.0035
870	0.0015
871	0.0015
872	0.0021
873	0.0034
874	0.0031
875	4.0E-4
876	2.0E-4
877	2.0E-4
878	2.0E-4
879	2.0E-4
88	0.0038
880	0.0015
881	2.0E-4
882	2.0E-4
883	2.0E-4
884	2.0E-4
885	2.0E-4
886	2.0E-4
887	3.0E-4
888	2.0E-4
889	1.0E-4
89	0.0028
890	1.0E-4
891	1.0E-4
892	0.0962
893	0.1474
894	0.0962
895	0.0962
896	0.0
897	0.0
898	0.0
899	0.0
9	9.0E-4
90	0.0039
900	0.0
901	0.0
902	0.0
903	0.0
904	0.0
905	0.0
906	0.0
907	0.0
908	0.0
909	0.0
91	0.0039
910	0.0
911	0.0
912	0.0
913	0.0
914	0.0
915	0.0
916	0.0
917	0.0
918	7.0E-4
919	0.0
92	0.0062
920	7.0E-4
921	0.0
922	0.0
923	1.0E-4
924	0.0
925	0.0
926	0.0
927	0.0
928	0.0
929	0.0
93	0.0029
930	0.0
931	0.0
932	0.0
933	0.0
934	0.0
935	0.0
936	0.0
937	0.0
938	0.0
939	0.0
94	0.0
940	0.0
941	0.0
942	0.0
943	0.015
944	0.015
945	0.0036
946	0.0036
947	0.0013
948	0.0013
949	0.0012
95	0.0
950	0.0013
951	0.0013
952	0.0013
953	0.0015
954	0.0015
955	0.0014
956	0.0015
957	0.0027
958	0.0017
959	0.0017
96	0.0
960	0.0017
961	0.0017
962	0.0017
963	0.0019
964	0.0017
965	0.0017
966	0.0017
967	0.0017
968	0.0023
969	0.0023
97	0.0
970	0.0288
971	0.0017
972	0.0019
973	0.0019
974	0.0019
975	0.0019
976	0.0019
977	0.0019
978	0.0019
979	0.0034
98	0.0
980	0.0016
981	0.0198
982	0.0017
983	0.0017
984	0.0017
985	0.0017
986	0.0017
987	0.0014
988	0.0014
989	0.0012
99	0.0
990	0.0012
991	0.0019
992	0.0016
993	0.0039
994	0.0012
995	0.2236
996	0.0014
997	0.0014
998	0.0018
999	0.0018
