1	0.0701
10	0.8514
100	1.0E-4
1000	0.0062
1001	0.0062
1002	0.0059
1003	0.004
1004	0.0046
1005	0.004
1006	0.0055
1007	0.0055
1008	0.0059
1009	0.0054
101	1.0E-4
1010	0.0049
1011	0.0049
1012	0.0051
1013	0.0051
1014	0.0051
1015	0.0061
1016	0.0061
1017	0.0061
1018	0.0054
1019	0.0054
102	0.0053
1020	0.7615
1021	0.2297
1022	0.0041
1023	2.0E-4
1024	5.0E-4
1025	0.0539
1026	0.0539
1027	0.012
1028	0.0035
1029	0.0046
103	1.0E-4
1030	0.006
1031	6.0E-4
1032	1.0E-4
1033	0.006
1034	0.3235
1035	0.0037
1036	0.0037
1037	0.0037
1038	0.0061
1039	1.0745
104	1.0E-4
1040	1.0745
1041	1.0745
1042	1.0745
1043	1.0745
1044	1.0745
1045	1.0745
1046	1.0745
1047	1.0745
1048	1.0745
1049	1.0745
105	1.0E-4
1050	1.0745
1051	1.0745
1052	1.0745
1053	1.0745
1054	1.0745
1055	1.0745
1056	1.0745
1057	1.0745
1058	1.0745
1059	1.0745
106	1.4767
1060	1.0745
1061	1.0745
1062	1.0745
1063	1.0745
1064	1.0745
1065	1.0745
1066	1.0E-4
1067	1.0E-4
1068	1.0E-4
1069	1.0E-4
107	0.4904
1070	1.0E-4
1071	1.0E-4
1072	1.0E-4
1073	1.0E-4
1074	1.0E-4
1075	1.0E-4
1076	1.0E-4
1077	1.0E-4
1078	1.0E-4
1079	1.0E-4
108	0.2759
1080	1.0E-4
1081	1.0E-4
1082	1.0E-4
1083	1.0E-4
1084	1.0E-4
1085	1.0E-4
1086	1.0E-4
1087	1.0E-4
1088	1.0E-4
1089	1.0E-4
109	0.2514
1090	1.0E-4
1091	1.0E-4
1092	1.0E-4
1093	1.0E-4
1094	1.0E-4
1095	1.0E-4
1096	1.0E-4
1097	4.0E-4
1098	4.0E-4
1099	4.0E-4
11	0.0032
110	0.2514
1100	0.021
1101	0.0245
1102	0.0419
1103	0.0419
1104	0.0419
1105	0.0419
1106	0.0419
1107	0.0419
1108	0.0419
1109	0.0419
111	0.967
1110	0.0419
1111	0.0419
1112	0.0419
1113	0.0419
1114	0.0419
1115	0.0419
1116	0.0419
1117	0.0419
1118	0.0419
1119	0.0419
112	1.0058
1120	0.0419
1121	0.0419
1122	0.0419
1123	0.0419
1124	0.0419
1125	0.0419
1126	0.0419
1127	0.0419
1128	0.0419
1129	0.0419
113	0.4277
1130	0.0419
1131	0.0419
1132	0.0419
1133	0.0419
1134	0.0419
1135	0.0419
1136	0.0419
1137	0.0419
1138	0.0419
1139	0.0419
114	0.2544
1140	0.0419
1141	0.0419
1142	0.0419
1143	0.0419
1144	0.0419
1145	0.0419
1146	0.0419
1147	0.0419
1148	0.0419
1149	0.0419
115	0.4637
1150	0.0419
1151	0.0419
1152	0.0419
1153	0.0419
1154	0.0419
1155	0.0419
1156	0.0419
1157	0.0419
1158	0.0419
1159	0.0
116	0.7983
1160	0.0
1161	2.0E-4
1162	0.0
1163	0.0
1164	0.0
1165	0.0
1166	0.0
1167	0.0
1168	0.0
1169	0.0
117	0.3268
1170	0.0
1171	0.0
1172	0.0
1173	0.0
1174	0.0
1175	0.0
1176	0.0
1177	6.0E-4
1178	0.0032
1179	0.0
118	0.8281
1180	0.0
1181	0.0
1182	0.0
1183	0.0
1184	0.0
1185	0.0
1186	0.0
1187	5.0E-4
1188	5.0E-4
1189	5.0E-4
119	1.9925
1190	5.0E-4
1191	4.0E-4
1192	4.0E-4
1193	0.0016
1194	0.0016
1195	0.0016
1196	6.0E-4
1197	6.0E-4
1198	3.0E-4
1199	0.118
12	0.0039
120	0.8827
1200	3.0E-4
1201	3.0E-4
1202	3.0E-4
1203	3.0E-4
1204	3.0E-4
1205	3.0E-4
1206	3.0E-4
1207	2.0E-4
1208	2.0E-4
1209	2.0E-4
121	0.8058
1210	2.0E-4
1211	2.0E-4
1212	2.0E-4
1213	0.0031
1214	4.0E-4
1215	0.1711
1216	0.2605
1217	0.1711
1218	0.1711
1219	6.0E-4
122	0.8827
1220	6.0E-4
1221	0.0
1222	0.0
1223	0.0
1224	0.0
1225	5.0E-4
1226	5.0E-4
1227	0.0032
1228	0.0032
1229	0.0032
123	1.3755
1230	0.0032
1231	0.0032
1232	0.0032
1233	0.0032
1234	0.0
1235	0.0
1236	0.0
1237	0.0
1238	0.0
1239	0.0
124	1.1481
1240	0.0
1241	0.0
1242	0.0
1243	0.0
1244	0.0
1245	0.0
1246	0.0
1247	0.0
1248	0.0
1249	0.0
125	1.1546
1250	0.0
1251	0.0
1252	0.0
1253	0.0
1254	0.0
1255	0.0
1256	0.0
1257	0.0
1258	0.0
1259	0.0
126	1.1601
1260	0.0
1261	0.0
1262	0.0
1263	0.0
1264	0.0
1265	0.0
1266	0.0
1267	0.0
1268	0.0
1269	0.004
127	0.3601
1270	0.004
1271	0.004
1272	0.004
1273	0.004
1274	0.004
1275	0.004
1276	0.004
1277	0.004
1278	0.004
1279	0.0035
128	0.3601
1280	0.0035
1281	0.0035
1282	0.0035
1283	0.0035
1284	0.0
1285	0.0
1286	0.0
1287	0.0
1288	0.0099
1289	0.0099
129	0.339
1290	0.0099
1291	0.015
1292	0.0065
1293	0.0425
1294	0.0425
1295	0.0018
1296	0.0018
1297	0.0
1298	0.0
1299	0.0
13	0.0032
130	0.3207
1300	2.0E-4
1301	0.0
1302	0.0
1303	0.0
1304	0.0
1305	2.0E-4
1306	2.0E-4
1307	2.0E-4
1308	0.0
1309	0.0011
131	0.2661
1310	0.0
1311	6.0E-4
1312	2.0E-4
1313	2.0E-4
1314	2.0E-4
1315	2.0E-4
1316	2.0E-4
1317	2.0E-4
1318	2.0E-4
1319	2.0E-4
132	3.2828
1320	2.0E-4
1321	2.0E-4
1322	2.0E-4
1323	2.0E-4
1324	2.0E-4
1325	2.0E-4
1326	2.0E-4
1327	2.0E-4
1328	2.0E-4
1329	2.0E-4
133	0.1087
1330	2.0E-4
1331	2.0E-4
1332	2.0E-4
1333	2.0E-4
1334	2.0E-4
1335	2.0E-4
1336	2.0E-4
1337	2.0E-4
1338	2.0E-4
1339	2.0E-4
134	0.0996
1340	3.0E-4
1341	3.0E-4
1342	7.0E-4
1343	7.0E-4
1344	3.0E-4
1345	0.0057
1346	0.0011
1347	0.0011
1348	0.0011
1349	0.0011
135	0.1186
1350	0.0011
1351	0.0011
1352	0.0011
1353	0.0011
1354	0.0011
1355	0.0011
1356	0.0011
1357	0.0011
1358	0.0011
1359	0.0011
136	0.1264
1360	0.0011
1361	0.0011
1362	1.0E-4
1363	0.0163
1364	0.0163
1365	0.0011
1366	0.0011
1367	0.0011
1368	0.0011
1369	0.0011
137	0.1355
1370	0.2783
1371	0.0251
1372	0.0087
1373	0.0111
1374	0.0206
1375	0.0078
1376	0.005
1377	0.005
1378	0.002
1379	0.3789
138	0.1582
1380	0.0018
1381	0.0018
1382	0.0011
1383	0.0011
1384	0.0011
1385	0.0011
1386	0.0011
1387	0.0011
1388	0.0011
1389	0.0011
139	0.0362
1390	0.0
1391	1.0E-4
1392	0.0
1393	0.0
1394	0.0
1395	0.0
1396	1.0E-4
1397	1.0E-4
1398	2.0E-4
1399	1.0E-4
14	0.35
140	0.0345
1400	1.0E-4
1401	1.0E-4
1402	0.0
1403	0.0
1404	0.0
1405	0.0
1406	0.0
1407	0.0
1408	0.0086
1409	0.0255
141	0.0318
1410	0.0255
1411	0.0255
1412	0.0255
1413	0.0255
1414	0.0255
1415	0.0255
1416	0.0305
1417	0.0393
1418	0.0255
1419	0.0388
142	0.147
1420	0.0388
1421	0.0255
1422	1.0E-4
1423	1.0E-4
1424	1.0E-4
1425	1.0E-4
1426	1.0E-4
1427	1.0E-4
1428	1.0E-4
1429	1.0E-4
143	0.2049
1430	1.0E-4
1431	1.0E-4
1432	1.0E-4
1433	0.0063
1434	0.0063
1435	0.0063
1436	0.0063
1437	0.0063
1438	2.0E-4
1439	2.0E-4
144	0.0513
1440	9.0E-4
1441	0.0012
1442	0.005
1443	0.3055
1444	0.001
1445	3.0E-4
1446	2.0E-4
1447	2.0E-4
1448	2.0E-4
1449	2.0E-4
145	0.3886
1450	2.0E-4
1451	2.0E-4
1452	2.0E-4
1453	2.0E-4
1454	2.0E-4
1455	2.0E-4
1456	2.0E-4
1457	9.0E-4
1458	4.0E-4
1459	7.0E-4
146	0.0318
1460	8.0E-4
1461	0.0075
1462	0.0075
1463	0.0075
1464	0.0075
1465	0.0075
1466	0.0075
1467	1.0316
1468	4.0E-4
1469	0.0027
147	0.0318
1470	0.0027
1471	0.0027
1472	0.0029
1473	1.0E-4
1474	1.0E-4
1475	1.0E-4
1476	1.0E-4
1477	1.0E-4
1478	1.0E-4
1479	1.0E-4
148	0.1407
1480	1.0E-4
1481	1.0E-4
1482	1.0E-4
1483	1.0E-4
1484	1.0E-4
1485	1.0E-4
1486	1.0E-4
1487	8.0E-4
1488	6.0E-4
1489	8.0E-4
149	0.044
1490	6.0E-4
1491	5.0E-4
1492	5.0E-4
1493	5.0E-4
1494	7.0E-4
1495	1.0E-4
1496	1.0E-4
1497	1.0E-4
1498	1.0E-4
1499	5.0E-4
15	0.0033
150	0.0436
1500	1.0E-4
1501	1.0E-4
1502	5.0E-4
1503	5.0E-4
1504	1.0E-4
1505	5.0E-4
1506	3.0E-4
1507	0.0037
1508	4.0E-4
1509	1.0E-4
151	0.0466
1510	1.0E-4
1511	1.0E-4
1512	1.0E-4
1513	1.0E-4
1514	1.0E-4
1515	1.0E-4
1516	1.0E-4
1517	3.0E-4
1518	4.0E-4
1519	5.0E-4
152	0.0286
1520	1.0E-4
1521	1.0E-4
1522	1.0E-4
1523	1.0E-4
1524	1.0E-4
1525	1.0E-4
1526	1.0E-4
1527	1.0E-4
1528	1.0E-4
1529	1.0E-4
153	0.0481
1530	1.0E-4
1531	1.0E-4
1532	1.0E-4
1533	0.0046
1534	0.0
1535	1.0E-4
1536	1.0E-4
1537	2.0E-4
1538	0.36
1539	0.5597
154	5.0E-4
1540	0.7847
1541	0.7817
1542	0.36
1543	0.0025
1544	0.0
1545	0.0
1546	0.0
1547	0.0
1548	0.0
1549	0.0
155	0.1851
1550	0.0
1551	0.0
1552	1.0E-4
1553	1.0E-4
1554	1.0E-4
1555	1.0E-4
1556	1.0E-4
1557	1.0E-4
1558	1.0E-4
1559	1.0E-4
156	0.0772
1560	1.0E-4
1561	1.0E-4
1562	1.0E-4
1563	1.0E-4
1564	1.0E-4
1565	0.0
1566	0.0
1567	0.0
1568	0.0
1569	0.0
157	0.1905
1570	0.0
1571	0.0
1572	0.0
1573	0.0
1574	0.0
1575	0.0
1576	0.0
1577	0.0
1578	0.0
1579	0.0
158	0.222
1580	0.0
1581	0.0
1582	0.0
1583	0.0
1584	0.0
1585	0.0
1586	0.0
1587	0.0
1588	0.0
1589	7.0E-4
159	0.1905
1590	6.0E-4
1591	6.0E-4
1592	0.0
1593	0.0
1594	0.0
1595	0.0
1596	0.0
1597	0.0
1598	0.0
1599	0.0
16	1.3633
160	0.2044
1600	0.0
1601	0.0
1602	0.0092
1603	0.0092
1604	0.0092
1605	0.0092
1606	0.0092
1607	1.0E-4
1608	0.0984
1609	0.0984
161	0.1962
1610	0.0984
1611	0.0984
1612	0.0984
1613	0.0984
1614	0.0035
1615	0.0035
1616	0.0035
1617	0.0035
1618	0.0035
1619	1.0E-4
162	0.1905
1620	0.1138
1621	0.0861
1622	0.0861
1623	0.0861
1624	0.0861
1625	0.0861
1626	0.0
1627	0.0
1628	0.0
1629	0.0
163	0.1851
1630	0.0
1631	0.0
1632	0.0
1633	0.0
1634	0.0
1635	0.0
1636	0.0
1637	0.0
1638	0.0
1639	0.0
164	0.1123
1640	0.0
1641	0.0
1642	0.0
1643	0.0
1644	0.0
1645	0.0
1646	0.0
1647	0.0
1648	0.0
1649	0.0
165	0.1851
1650	0.0
1651	0.0
1652	0.0
1653	0.0
1654	0.0
1655	0.0
1656	0.0
1657	0.0
1658	0.0
1659	0.0
166	0.1956
1660	0.0
1661	0.0
1662	0.0
1663	0.0
1664	0.0
1665	0.2135
1666	0.3256
1667	0.2135
1668	0.2135
1669	0.0123
167	0.1851
1670	0.0123
1671	0.0146
1672	0.0123
1673	0.0123
1674	0.0123
1675	0.0123
1676	0.0123
1677	0.0123
1678	0.5582
1679	0.0035
168	0.1594
1680	1.0E-4
1681	2.0E-4
1682	2.0E-4
1683	9.0E-4
1684	2.0E-4
1685	2.0E-4
1686	2.0E-4
1687	1.0E-4
1688	7.0E-4
1689	1.0E-4
169	0.1594
1690	1.0E-4
1691	1.0E-4
1692	1.0E-4
1693	1.0E-4
1694	1.0E-4
1695	1.0E-4
1696	1.0E-4
1697	1.0E-4
1698	1.0E-4
1699	1.0E-4
17	0.0034
170	0.1594
1700	1.0E-4
1701	1.0E-4
1702	1.0E-4
1703	1.0E-4
1704	1.0E-4
1705	1.0E-4
1706	1.0E-4
1707	1.0E-4
1708	1.0E-4
1709	1.0E-4
171	0.1599
1710	1.0E-4
1711	1.0E-4
1712	1.0E-4
1713	1.0E-4
1714	1.0E-4
1715	1.0E-4
1716	1.0E-4
1717	1.0E-4
1718	1.0E-4
1719	1.0E-4
172	0.1594
1720	1.0E-4
1721	1.0E-4
1722	1.0E-4
1723	0.0
1724	0.0
1725	0.0
1726	0.0
1727	0.0
1728	0.0
1729	0.0
173	0.156
1730	0.0
1731	0.0
1732	0.0
1733	0.0
1734	0.0
1735	0.0
1736	0.0
1737	1.0E-4
1738	1.0E-4
1739	1.0E-4
174	0.1193
1740	1.0E-4
1741	0.0
1742	0.0
1743	0.0
1744	0.0
1745	0.0
1746	0.0
1747	0.0
1748	0.0
1749	0.0
175	0.1855
1750	0.0
1751	0.0
1752	0.0
1753	0.0
1754	0.0
1755	0.0
1756	0.0
1757	0.0
1758	0.0
1759	0.0
176	0.2017
1760	2.0E-4
1761	3.0E-4
1762	3.0E-4
1763	3.0E-4
1764	9.0E-4
1765	9.0E-4
1766	0.0
1767	0.0
1768	0.0
1769	0.0
177	0.1221
1770	0.0
1771	0.0
1772	0.0
1773	0.0
1774	0.0
1775	0.0
1776	0.0
1777	0.0
1778	0.0
1779	0.0
178	0.0371
1780	0.0
1781	0.0
1782	0.0
1783	0.0
1784	0.0
1785	0.0
1786	0.0
1787	0.0
1788	0.0
1789	1.0E-4
179	0.0661
1790	1.0E-4
1791	0.0
1792	0.0
1793	0.0
1794	0.0
1795	0.0
1796	0.0
1797	0.0
1798	0.0
1799	0.0
18	0.0519
180	0.0618
1800	0.0
1801	0.0
1802	0.0
1803	0.0
1804	0.0
1805	0.0
1806	0.0
1807	0.0
1808	0.0
1809	0.0
181	0.0621
1810	0.0
1811	0.0
1812	0.0
1813	0.0
1814	0.0
1815	0.0
1816	0.0
1817	0.0
1818	5.0E-4
1819	0.0029
182	0.0411
1820	0.0029
1821	0.0034
1822	0.0029
1823	0.0016
1824	0.0016
1825	0.0016
1826	0.0016
1827	0.0016
1828	0.0016
1829	0.0016
183	0.0618
1830	0.0019
1831	0.0024
1832	0.0016
1833	0.0024
1834	0.0024
1835	0.0016
1836	0.0013
1837	6.0E-4
1838	0.0015
1839	0.0015
184	0.0625
1840	0.0015
1841	0.0013
1842	0.0012
1843	0.0012
1844	0.0012
1845	0.0012
1846	0.0012
1847	0.0012
1848	0.0012
1849	4.0E-4
185	0.0618
1850	4.0E-4
1851	5.0E-4
1852	4.0E-4
1853	3.0E-4
1854	0.0
1855	0.0
1856	0.0
1857	0.0
1858	0.0
1859	0.0
186	0.0622
1860	3.0E-4
1861	0.0018
1862	0.0018
1863	0.002
1864	0.0
1865	0.0
1866	0.0
1867	0.0
1868	0.0
1869	0.0
187	0.0621
1870	2.0E-4
1871	0.3404
1872	1.3073
1873	1.4346
1874	0.3395
1875	1.6945
1876	1.1354
1877	1.6945
1878	1.7096
1879	0.0656
188	0.0618
1880	0.0656
1881	0.0656
1882	0.0656
1883	1.4979
1884	0.2817
1885	0.2817
1886	0.2817
1887	0.2817
1888	0.2817
1889	0.2817
189	0.0751
1890	0.2817
1891	0.2817
1892	0.2817
1893	0.2817
1894	0.2817
1895	0.2817
1896	0.0
1897	0.0
1898	0.0
1899	0.0
19	0.0157
190	0.0017
1900	0.0
1901	0.0
1902	0.0
1903	0.0
1904	0.0
1905	0.0
1906	0.0
1907	0.0
1908	0.0
1909	0.0
191	0.0023
1910	0.0
1911	0.0
1912	0.0
1913	0.0
1914	0.0
1915	0.0
1916	0.0
1917	0.0
1918	0.0
1919	0.0
192	0.155
1920	0.0
1921	0.0
1922	0.0
1923	0.0
1924	0.0
1925	0.0
1926	0.0
1927	0.0
1928	0.0
1929	0.0
193	0.9999
1930	0.0
1931	0.0
1932	0.0
1933	0.0
1934	0.0
1935	0.0
1936	0.0
1937	0.0
1938	0.0
1939	0.0
194	0.3767
1940	0.0
1941	0.0
1942	0.0
1943	0.0
1944	0.0
1945	0.0
1946	0.0
1947	0.0
1948	0.0
1949	0.0
195	0.5136
1950	0.0
1951	0.0
1952	0.0
1953	0.0
1954	0.0
1955	0.0
1956	0.0
1957	0.0
1958	0.0
1959	0.0
196	0.5127
1960	0.0
1961	0.0
1962	0.0
1963	0.0
1964	0.0
1965	0.0
1966	0.0
1967	0.0
1968	0.0
1969	0.0
197	0.3493
1970	0.0
1971	0.0
1972	0.0
1973	0.0
1974	0.0
1975	0.0
1976	0.0
1977	0.0
1978	0.0
1979	0.0
198	0.4232
1980	0.0
1981	0.0
1982	0.0
1983	0.0
1984	0.0
1985	0.0
1986	0.0
1987	0.0
1988	0.0
1989	0.0
199	0.5108
1990	0.0
1991	0.0
1992	0.0
1993	0.0
1994	0.0
1995	1.0018
1996	0.0
1997	0.0
1998	0.0
1999	0.0
2	12.44
20	0.0194
200	0.5655
2000	0.0
2001	0.0
2002	0.0
2003	0.0
2004	0.0
2005	0.0
2006	0.0
2007	0.0
2008	0.0
2009	0.0
201	1.0526
2010	0.0
2011	0.0
2012	0.0
2013	0.0
2014	0.0
2015	0.0
2016	0.0
2017	0.0
2018	0.0
2019	0.0
202	1.077
2020	0.0
2021	0.0
2022	0.0
2023	0.0
2024	0.0
2025	0.0
2026	0.0
2027	0.0
2028	0.0
2029	0.0
203	0.3432
2030	0.0
2031	0.0
2032	0.0
2033	0.0
2034	0.0
2035	0.0
2036	0.0
2037	0.0
2038	0.0
2039	0.0
204	0.4991
2040	0.0
2041	0.0
2042	0.0
2043	0.0
2044	0.0
2045	0.0
2046	0.0
2047	0.0
2048	0.0
2049	0.0
205	0.3995
2050	0.0
2051	0.0
2052	0.0
2053	0.0
2054	0.0
2055	0.0
2056	0.0
2057	0.0
2058	0.0
2059	0.0
206	0.3311
2060	0.0
2061	0.0
2062	0.0
2063	0.0
2064	0.0
2065	0.0
2066	0.0
2067	0.0
2068	0.0
2069	0.0
207	0.0014
2070	0.0
2071	0.0
2072	0.0
2073	0.0
2074	0.0
2075	0.0
2076	0.0
2077	0.0
2078	0.0
2079	0.0
208	0.0014
2080	0.0013
2081	0.001
2082	0.0013
2083	0.001
2084	8.0E-4
2085	0.001
2086	2.0E-4
2087	2.0E-4
2088	2.0E-4
2089	2.0E-4
209	0.0034
2090	8.0E-4
2091	2.0E-4
2092	2.0E-4
2093	8.0E-4
2094	8.0E-4
2095	2.0E-4
2096	8.0E-4
2097	5.0E-4
2098	0.0031
2099	6.0E-4
21	0.0152
210	0.0029
2100	0.5496
2101	0.0034
2102	0.0
2103	0.1283
2104	0.0
2105	0.0
2106	0.0
2107	4.0E-4
2108	4.0E-4
2109	4.0E-4
211	0.109
2110	4.0E-4
2111	4.0E-4
2112	4.0E-4
2113	4.0E-4
2114	4.0E-4
2115	4.0E-4
2116	4.0E-4
2117	4.0E-4
2118	4.0E-4
2119	4.0E-4
212	0.618
2120	4.0E-4
2121	4.0E-4
2122	4.0E-4
2123	4.0E-4
2124	4.0E-4
2125	0.0031
2126	0.0031
2127	0.0018
2128	0.0027
2129	0.0018
213	0.6253
2130	0.0018
2131	0.0018
2132	0.0012
2133	0.0012
2134	0.0012
2135	0.0012
2136	0.0012
2137	0.0035
2138	0.0035
2139	0.0041
214	0.6238
2140	0.0035
2141	0.0035
2142	0.0035
2143	0.0035
2144	0.4199
2145	0.4973
2146	0.4077
2147	0.4077
2148	0.4199
2149	4.0E-4
215	0.6148
2150	4.0E-4
2151	4.0E-4
2152	4.0E-4
2153	4.0E-4
2154	4.0E-4
2155	4.0E-4
2156	4.0E-4
2157	4.0E-4
2158	4.0E-4
2159	6.0E-4
216	0.6229
2160	6.0E-4
2161	6.0E-4
2162	6.0E-4
2163	6.0E-4
2164	6.0E-4
2165	6.0E-4
2166	6.0E-4
2167	4.0E-4
2168	4.0E-4
2169	4.0E-4
217	0.622
2170	4.0E-4
2171	0.0098
2172	0.2594
2173	4.0E-4
2174	4.0E-4
2175	4.0E-4
2176	4.0E-4
2177	4.0E-4
2178	4.0E-4
2179	4.0E-4
218	0.4124
2180	4.0E-4
2181	4.0E-4
2182	4.0E-4
2183	4.0E-4
2184	4.0E-4
2185	4.0E-4
2186	4.0E-4
2187	4.0E-4
2188	4.0E-4
2189	4.0E-4
219	0.1136
2190	4.0E-4
2191	4.0E-4
2192	4.0E-4
2193	0.7692
2194	0.7533
2195	0.7533
2196	0.7692
2197	0.7692
2198	0.7208
2199	0.1436
22	0.0032
220	0.1205
2200	0.1436
2201	0.1436
2202	0.1436
2203	0.1436
2204	0.1436
2205	0.1436
2206	0.1436
2207	0.1436
2208	0.1436
2209	5.0E-4
221	0.0037
2210	0.0
2211	0.0
2212	1.0E-4
2213	0.0
2214	0.0
2215	0.0
2216	0.0
2217	0.0
2218	0.0
2219	0.0
222	0.0037
2220	0.0
2221	0.0
2222	1.0E-4
2223	0.0
2224	0.0
2225	0.0
2226	0.0
2227	0.0
2228	0.0
2229	0.0
223	2.0E-4
2230	0.0
2231	0.0
2232	0.0
2233	0.0
2234	0.0
2235	0.0
2236	1.0E-4
2237	0.0
2238	0.0
2239	0.0
224	0.9098
2240	0.0
2241	0.0
2242	0.0
2243	0.0
2244	0.0
2245	0.0
2246	0.0
2247	0.0
2248	0.0
2249	0.0
225	9.0E-4
2250	0.0
2251	0.0
2252	0.0
2253	0.0
2254	0.0
2255	0.0
2256	0.0
2257	0.0
2258	1.0E-4
2259	0.0
226	0.001
2260	0.0
2261	0.0
2262	0.0
2263	0.0
2264	0.0
2265	0.0
2266	0.0
2267	0.0
2268	1.0E-4
2269	0.0
227	8.0E-4
2270	0.0
2271	0.0
2272	0.0
2273	0.0
2274	0.0
2275	0.0
2276	0.0
2277	0.0
2278	0.0
2279	0.0
228	9.0E-4
2280	0.0
2281	0.0
2282	1.0E-4
2283	1.0E-4
2284	0.0
2285	0.0
2286	0.0
2287	0.0
2288	0.0
2289	0.0
229	0.0014
2290	1.0E-4
2291	0.0
2292	0.0
2293	0.0
2294	0.0
2295	0.0
2296	0.0
2297	0.0
2298	0.0
2299	0.0
23	0.035
230	9.0E-4
2300	0.0
2301	0.0
2302	0.0
2303	0.0
2304	0.0
2305	0.0
2306	0.0
2307	0.0
2308	0.0
2309	0.0
231	0.1136
2310	0.0
2311	0.0
2312	0.0
2313	0.0
2314	0.0
2315	0.0
2316	0.0
2317	0.0
2318	0.0
2319	0.0
232	0.0872
2320	0.0
2321	0.0
2322	0.0
2323	0.0
2324	0.0
2325	0.0
2326	0.0
2327	0.0
2328	0.0
2329	0.0
233	0.0872
2330	0.0
2331	0.0
2332	0.0
2333	0.0
2334	0.0
2335	0.0
2336	0.0
2337	0.0
2338	0.0
2339	0.0
234	0.0872
2340	0.0
2341	0.0
2342	0.0
2343	0.0
2344	0.0
2345	0.0
2346	0.0
2347	0.0
2348	0.0
2349	0.0
235	0.1373
2350	0.0
2351	0.0
2352	0.0
2353	0.0
2354	0.0
2355	0.0
2356	0.0
2357	0.0
2358	0.0
2359	0.0
236	0.1473
2360	0.0
2361	0.0
2362	4.0E-4
2363	0.0894
2364	0.0
2365	0.0
2366	0.0
2367	0.0
2368	0.0
2369	0.0
237	0.0872
2370	0.0
2371	0.0
2372	0.0
2373	0.0
2374	0.0
2375	0.0
2376	0.0
2377	0.0
2378	0.0
2379	0.0
238	0.0872
2380	0.0
2381	0.0
2382	0.0
2383	0.0
2384	0.0
2385	0.0
2386	0.0
2387	0.0
2388	0.0
2389	0.0
239	0.0872
2390	0.0
2391	0.0
2392	0.0
2393	0.0
2394	0.0
2395	0.0
2396	0.0
2397	0.0
2398	0.0
2399	0.0
24	0.0035
240	0.1411
2400	0.0
2401	0.0
2402	2.0E-4
2403	0.0
2404	0.0
2405	0.0
2406	0.0
2407	0.0
2408	0.0
2409	0.0
241	0.0906
2410	0.0
2411	0.0
2412	0.0
2413	0.0
2414	0.0
2415	0.0
2416	0.0
2417	0.0
2418	0.0
2419	0.0
242	0.1306
2420	0.0
2421	0.0
2422	0.0
2423	0.0
2424	0.0
2425	0.0
2426	0.0
2427	0.0
2428	0.0
2429	0.0
243	0.0872
2430	0.0
2431	0.0
2432	0.0
2433	0.0
2434	0.0
2435	0.0
2436	0.0
2437	0.0
2438	0.0
2439	0.0
244	0.1296
2440	0.0
2441	0.0
2442	0.0
2443	0.0
2444	0.0
2445	0.0
2446	0.0
2447	0.0
2448	0.0
2449	0.0
245	0.1296
2450	0.0
2451	0.0
2452	0.0078
2453	0.0047
2454	0.0047
2455	0.002
2456	0.0047
2457	0.005
2458	0.0047
2459	0.002
246	0.1185
2460	0.001
2461	0.001
2462	0.001
2463	0.001
2464	0.001
2465	0.001
2466	0.001
2467	0.001
2468	0.001
2469	0.001
247	0.0872
2470	0.001
2471	0.001
2472	0.001
2473	0.001
2474	0.001
2475	0.001
2476	0.001
2477	0.001
2478	0.001
2479	0.001
248	0.1829
2480	0.001
2481	0.001
2482	0.0055
2483	0.0031
2484	0.0031
2485	0.011
2486	0.011
2487	0.0011
2488	0.0011
2489	0.0011
249	0.5568
2490	0.0011
2491	0.0011
2492	0.0011
2493	0.0011
2494	0.0011
2495	0.0011
2496	0.0011
2497	0.0011
2498	0.0011
2499	0.0011
25	0.0032
250	0.1151
2500	0.0011
2501	0.0011
2502	0.0011
2503	0.0011
2504	0.0011
2505	0.0011
2506	0.0011
2507	0.0011
2508	0.0011
2509	0.0011
251	0.1204
2510	0.0
2511	0.0
2512	0.0
2513	0.0
2514	0.0
2515	0.0
2516	0.0
2517	0.0
2518	0.0
2519	0.0
252	0.2792
2520	0.0
2521	0.0
2522	0.0
2523	0.0
2524	0.0
2525	0.0
2526	0.0
2527	0.0
2528	0.0
2529	0.0
253	0.0924
2530	0.0
2531	0.0
2532	0.0
2533	0.0
2534	0.0
2535	2.0E-4
2536	0.0829
2537	0.1813
2538	0.1813
2539	0.0829
254	0.1646
2540	3.0E-4
2541	3.0E-4
2542	3.0E-4
2543	3.0E-4
2544	1.0E-4
2545	1.0E-4
2546	1.0E-4
2547	2.0E-4
2548	2.0E-4
2549	2.0E-4
255	0.212
2550	2.0E-4
2551	1.0188
2552	1.0188
2553	1.0188
2554	1.0188
2555	0.0
2556	0.0
2557	0.0
2558	0.0
2559	0.0
256	0.1961
2560	0.0
2561	0.0
2562	0.0
2563	1.0E-4
2564	0.0
2565	0.0
2566	0.0
2567	0.0
2568	0.0
2569	0.0
257	0.2449
2570	0.0
2571	0.0
2572	0.0
2573	0.0
2574	0.0
2575	0.0
2576	0.0
2577	0.0
2578	0.0
2579	0.0
258	0.5638
2580	0.0
2581	0.0
2582	0.0
2583	0.0
2584	0.0
2585	0.0
2586	0.0
2587	0.0
2588	7.0E-4
2589	1.0E-4
259	0.5638
2590	1.0E-4
2591	1.0E-4
2592	1.0E-4
2593	1.0E-4
2594	1.0E-4
2595	1.0E-4
2596	1.0E-4
2597	1.0E-4
2598	4.0E-4
2599	0.0
26	0.5485
260	0.5638
2600	0.0
2601	0.0
2602	0.0
2603	0.0
2604	0.0
2605	0.0
2606	0.0
2607	0.0
2608	0.0
2609	0.0
261	0.0518
2610	0.0
2611	0.0
2612	0.0
2613	0.0
2614	0.0
2615	0.0
2616	0.0
2617	0.0
2618	0.0
2619	0.0
262	0.0567
2620	0.0
2621	0.0
2622	0.0
2623	0.0
2624	0.0
2625	0.0
2626	0.0
2627	0.0
2628	0.0
2629	0.0
263	0.0538
2630	0.0
2631	0.0
2632	0.0
2633	0.0
2634	0.0
2635	0.0
2636	0.0
2637	0.0
2638	0.0
2639	0.0
264	0.0606
2640	0.0
2641	0.0
2642	0.0
2643	0.0
2644	0.0
2645	0.0
2646	0.0
2647	0.0
2648	0.0
2649	0.0
265	0.0549
2650	0.0
2651	0.0
2652	0.0
2653	0.0
2654	0.0
2655	0.0
2656	0.0
2657	0.0
2658	0.0
2659	0.0
266	0.0544
2660	0.0
2661	0.0
2662	0.0
2663	0.0
2664	0.0
2665	0.0
2666	0.0
2667	0.0
2668	0.0
2669	0.0
267	0.0585
2670	0.0
2671	1.0698
2672	1.0698
2673	1.0698
2674	1.0698
2675	1.0698
2676	1.0E-4
2677	0.0
2678	0.0
2679	0.0
268	0.0573
2680	0.0
2681	0.0
2682	0.0
2683	0.0
2684	0.0
2685	0.0
2686	0.0
2687	0.0
2688	0.0
2689	0.0
269	0.0538
2690	0.0
2691	0.0
2692	0.0
2693	0.0
2694	0.0
2695	0.0
2696	0.0
2697	0.0
2698	0.0
2699	0.0
27	7.303
270	0.0596
2700	0.0
2701	0.0
2702	0.0
2703	0.0
2704	0.0
2705	0.0
2706	0.0
2707	0.0
2708	0.0
2709	0.0
271	0.0504
2710	0.0
2711	0.0
2712	0.0
2713	0.0
2714	0.0
2715	0.0
2716	0.0
2717	0.0
2718	0.0
2719	0.0
272	0.0577
2720	0.0
2721	0.0
2722	0.0
2723	0.0
2724	0.0
2725	0.0
2726	0.0
2727	0.0
2728	0.0
2729	0.0
273	0.0543
2730	0.0
2731	0.0
2732	0.0
2733	0.0
2734	0.0
2735	0.1121
2736	0.0
2737	0.0011
2738	0.0011
2739	0.0011
274	0.0509
2740	0.0011
2741	0.0011
2742	0.0011
2743	0.0011
2744	0.0011
2745	0.0011
2746	0.0011
2747	0.0011
2748	0.0
2749	0.0
275	0.0561
2750	0.0
2751	0.0
2752	0.0
2753	0.0078
2754	0.0
2755	0.0
2756	0.0
2757	1.0E-4
2758	1.0E-4
2759	1.0E-4
276	0.0632
2760	1.0E-4
2761	1.0E-4
2762	1.0E-4
2763	0.0015
2764	0.0015
2765	0.0015
2766	0.0015
2767	0.0015
2768	0.0015
2769	0.0015
277	0.0551
2770	0.0015
2771	0.2826
2772	0.2826
2773	0.2826
2774	0.2826
2775	0.2826
2776	0.2826
2777	0.2826
2778	0.2826
2779	0.2826
278	0.0586
2780	0.2826
2781	0.2826
2782	0.2826
2783	0.0
2784	1.0E-4
2785	1.0E-4
2786	3.0E-4
2787	0.0011
2788	0.0011
2789	0.0
279	0.0542
2790	0.0
2791	0.0
2792	0.0
2793	0.0
2794	0.0
2795	0.0
2796	0.0
2797	0.0
2798	6.0E-4
2799	0.0
28	5.5367
280	0.0714
2800	0.0
2801	0.0
2802	0.0
2803	0.0
2804	0.0
2805	0.0
2806	0.0
2807	0.0
2808	0.0
2809	0.0
281	0.0543
2810	0.0
2811	0.0
2812	0.0
2813	0.0
2814	0.0
2815	0.0
2816	0.0
2817	0.0
2818	0.0
2819	0.0
282	0.0558
2820	0.0
2821	0.0
2822	0.0
2823	0.0
2824	0.0
2825	0.0
2826	0.0
2827	0.0
2828	0.0
2829	0.0
283	0.0544
2830	0.0
2831	0.0
2832	0.0
2833	0.0
2834	0.0
2835	0.0
2836	0.0
2837	0.0
2838	0.0
2839	0.0
284	0.0549
2840	0.0
2841	0.0
2842	0.0
2843	0.0
2844	0.0
2845	0.0
2846	0.0
2847	0.0
2848	0.0
2849	0.0
285	0.0545
2850	0.0
2851	0.0
2852	0.0
2853	0.0
2854	0.0
2855	0.0
2856	0.0
2857	0.0
2858	0.0
2859	0.0
286	0.0538
2860	0.0
2861	0.0
2862	0.0
2863	0.0
2864	0.0
2865	0.0
2866	0.0
2867	0.0
2868	0.0
2869	0.0
287	0.0538
2870	0.0
2871	0.0
2872	0.0
2873	0.0
2874	0.0
2875	0.0
2876	0.0
2877	0.0
2878	0.0
2879	0.0
288	0.0552
2880	0.0
2881	0.0
2882	0.0
2883	0.0
2884	0.0
2885	0.0
2886	0.0
2887	0.0
2888	0.0
2889	0.0
289	0.0544
2890	0.0
2891	0.0
2892	0.0
2893	0.0
2894	0.0
2895	0.0
2896	0.0
2897	0.0
2898	0.0
2899	0.0
29	5.6532
290	0.0546
2900	0.0
2901	0.0
2902	0.0
2903	0.0
2904	0.0
2905	0.0
2906	0.0
2907	0.0
2908	0.0
2909	0.0
291	0.0555
2910	0.0
2911	0.0
2912	0.0
2913	0.0
2914	0.0
2915	0.0
2916	0.0
2917	0.0
2918	0.0
2919	0.0
292	0.0554
2920	0.0
2921	0.0
2922	0.0
2923	0.0
2924	0.0
2925	0.0
2926	0.0
2927	0.0
2928	0.0
2929	0.0
293	0.0547
2930	0.0
2931	0.0
2932	0.0
2933	0.0
2934	0.0
2935	0.0
2936	0.0
2937	0.0
2938	0.0
2939	0.0
294	0.0753
2940	0.0
2941	0.0
2942	0.0
2943	0.0
2944	0.0
2945	0.0
2946	0.0
2947	0.0
2948	0.0
2949	0.0
295	0.0755
2950	0.0
2951	0.0
2952	0.0
2953	0.0
2954	0.0
2955	0.0
2956	0.0
2957	0.0
2958	0.0
2959	0.0
296	0.0751
2960	0.0
2961	0.0
2962	0.0
2963	0.0
2964	0.0
2965	0.0
2966	0.0
2967	0.0
2968	0.0
2969	0.0
297	0.0783
2970	0.0
2971	0.0
2972	0.0
2973	0.0
2974	0.0
2975	0.0
2976	0.0
2977	0.0
2978	0.0
2979	0.0
298	0.0785
2980	0.0
2981	0.0
2982	0.0
2983	0.0043
2984	5.0E-4
2985	5.0E-4
2986	5.0E-4
2987	5.0E-4
2988	5.0E-4
2989	5.0E-4
299	0.0751
2990	5.0E-4
2991	3.0E-4
2992	3.0E-4
2993	3.0E-4
2994	1.0E-4
2995	3.0E-4
2996	3.0E-4
2997	3.0E-4
2998	1.0E-4
2999	1.0E-4
3	0.0057
30	1.4711
300	0.3023
3000	1.0E-4
3001	1.0E-4
3002	1.0E-4
3003	1.0E-4
3004	1.0E-4
3005	1.0E-4
3006	1.0E-4
3007	1.0E-4
3008	1.0E-4
3009	1.0E-4
301	0.0751
3010	1.0E-4
3011	1.0E-4
3012	1.0E-4
3013	1.0E-4
3014	1.0E-4
3015	1.0E-4
3016	1.0E-4
3017	1.0E-4
3018	1.0E-4
3019	1.0E-4
302	0.1955
3020	1.0E-4
3021	1.0E-4
3022	1.0E-4
3023	1.0E-4
3024	1.0E-4
3025	1.0E-4
3026	3.0E-4
3027	3.0E-4
3028	2.0E-4
3029	2.0E-4
303	0.253
3030	7.0E-4
3031	7.0E-4
3032	1.0E-4
3033	1.0E-4
3034	1.0E-4
3035	1.0E-4
3036	1.0E-4
3037	1.0E-4
3038	1.0E-4
3039	1.0E-4
304	0.0034
3040	1.0E-4
3041	1.0E-4
3042	1.0E-4
3043	1.0E-4
3044	1.0E-4
3045	1.0E-4
3046	1.0E-4
3047	1.0E-4
3048	1.0E-4
3049	1.0E-4
305	0.0081
3050	1.0E-4
3051	1.0E-4
3052	1.0E-4
3053	1.0E-4
3054	1.0E-4
3055	7.0E-4
3056	5.0E-4
3057	7.0E-4
3058	5.0E-4
3059	1.0E-4
306	0.0085
3060	1.0E-4
3061	1.0E-4
3062	1.0E-4
3063	1.0E-4
3064	1.0E-4
3065	4.0E-4
3066	4.0E-4
3067	1.0E-4
3068	3.0E-4
3069	1.0E-4
307	0.0091
3070	1.0E-4
3071	1.0E-4
3072	1.0E-4
3073	1.0E-4
3074	1.0E-4
3075	1.0E-4
3076	1.0E-4
3077	1.0E-4
3078	2.0E-4
3079	2.0E-4
308	0.0045
3080	2.0E-4
3081	2.0E-4
3082	2.0E-4
3083	2.0E-4
3084	2.0E-4
3085	2.0E-4
3086	2.0E-4
3087	2.0E-4
3088	0.3173
3089	1.2472
309	0.4761
3090	0.1102
3091	0.1102
3092	0.1102
3093	0.1102
3094	0.1123
3095	0.2229
3096	0.1102
3097	0.1217
3098	0.1954
3099	0.1823
31	0.7979
310	0.4003
3100	0.1823
3101	0.1823
3102	0.1221
3103	0.1221
3104	0.1353
3105	0.1823
3106	0.1823
3107	0.1859
3108	0.1823
3109	0.2292
311	0.402
3110	0.1823
3111	0.6299
3112	0.1705
3113	0.1704
3114	0.0289
3115	0.0327
3116	0.0289
3117	0.0344
3118	0.0289
3119	0.1611
312	0.4209
3120	0.0323
3121	0.0
3122	0.0
3123	0.0
3124	0.0
3125	0.0
3126	0.0
3127	0.0
3128	0.0
3129	1.0063
313	0.4003
3130	2.0E-4
3131	2.0E-4
3132	2.0E-4
3133	2.0E-4
3134	2.0E-4
3135	2.0E-4
3136	2.0E-4
3137	2.0E-4
3138	2.0E-4
3139	7.0E-4
314	0.4003
3140	0.2823
3141	0.2823
3142	0.2823
3143	0.2823
3144	0.2823
3145	0.2823
3146	0.2823
3147	0.2823
3148	0.2823
3149	0.2823
315	0.4003
3150	0.2823
3151	0.2823
3152	4.0E-4
3153	1.0E-4
3154	1.0E-4
3155	1.0E-4
3156	0.0011
3157	3.0E-4
3158	2.0E-4
3159	2.0E-4
316	0.4003
3160	2.0E-4
3161	2.0E-4
3162	2.0E-4
3163	0.0556
3164	0.0068
3165	2.0E-4
3166	2.0E-4
3167	7.0E-4
3168	7.0E-4
3169	0.0018
317	0.4003
3170	0.0736
3171	0.0747
3172	0.0747
3173	0.0736
3174	2.0E-4
3175	2.0E-4
3176	2.0E-4
3177	0.0093
3178	0.0093
3179	0.0093
318	0.4003
3180	0.0122
3181	0.107
3182	2.4091
3183	0.0135
3184	1.4393
3185	0.0093
3186	4.1026
3187	0.0132
3188	2.4087
3189	0.3129
319	0.4003
3190	0.3129
3191	0.0123
3192	0.0093
3193	0.0093
3194	0.0093
3195	0.0093
3196	0.2239
3197	0.0
3198	0.0
3199	0.0
32	1.3406
320	0.4841
3200	0.0
3201	0.0
3202	0.0
3203	0.0
3204	0.0
3205	0.0
3206	0.0
3207	0.0
3208	0.0
3209	0.0
321	0.0457
3210	0.0
3211	0.0
3212	0.0
3213	0.0
3214	0.0
3215	0.0
3216	0.0
3217	0.0
3218	0.0
3219	0.0
322	0.0459
3220	8.8624
3221	6.7964
3222	1.9901
3223	4.7317
3224	7.4845
3225	3.5864
3226	6.1075
3227	11.8508
3228	5.4195
3229	3.1292
323	0.0459
3230	0.0
3231	0.0
3232	0.0
3233	0.0
3234	0.0
3235	0.0
3236	0.0
3237	0.0
3238	0.0
3239	0.0
324	0.0138
3240	0.0
3241	0.0
3242	0.0
3243	0.0
3244	0.0
3245	0.0
3246	0.0
3247	0.0
3248	0.0
3249	0.0
325	0.0133
3250	0.0
3251	0.0
3252	0.0
3253	0.0
3254	0.0
3255	0.0
3256	0.0
3257	0.0
3258	0.0
3259	0.0
326	0.0133
3260	0.0
3261	0.0
3262	0.0
3263	0.0
3264	0.0
3265	0.0
3266	0.0
3267	0.0
3268	0.0
3269	0.0
327	0.0133
3270	0.0
3271	0.0
3272	0.0
3273	0.0
3274	3.6371
3275	0.0
3276	0.0
3277	0.0
3278	0.0
3279	0.0
328	0.0133
3280	0.0
3281	0.0
3282	0.0
3283	0.0
3284	0.0
3285	0.0
3286	0.0
3287	0.0
3288	0.0
3289	0.0
329	0.0133
3290	0.0
3291	0.0
3292	0.0
3293	0.0
3294	0.0
3295	0.0
3296	0.0
3297	0.0
3298	0.0
3299	0.0
33	1.6447
330	0.0133
3300	0.0013
3301	0.0013
3302	0.0013
3303	4.0E-4
3304	4.0E-4
3305	4.0E-4
3306	4.0E-4
3307	4.0E-4
3308	4.0E-4
3309	4.0E-4
331	0.0397
3310	4.0E-4
3311	4.0E-4
3312	4.0E-4
3313	3.0E-4
3314	3.0E-4
3315	3.0E-4
3316	3.0E-4
3317	3.0E-4
3318	3.0E-4
3319	4.0E-4
332	0.0461
3320	4.0E-4
3321	4.0E-4
3322	0.0112
3323	0.0112
3324	0.0112
3325	0.0112
3326	0.0112
3327	0.0112
3328	0.0112
3329	0.0
333	0.0034
3330	0.0
3331	0.0
3332	0.0
3333	0.0
3334	0.0
3335	0.0
3336	0.0
3337	0.0
3338	0.0
3339	0.0
334	0.0769
3340	0.0
3341	0.0
3342	0.0
3343	0.0
3344	0.0
3345	0.0
3346	0.0
3347	0.0
3348	0.0
3349	0.0
335	0.0769
3350	0.0
3351	0.0
3352	0.0
3353	0.0
3354	0.0
3355	0.0
3356	0.0
3357	0.0
3358	0.0
3359	0.0
336	0.0769
3360	0.0
3361	0.0
3362	0.0
3363	0.0
3364	0.0
3365	0.0
3366	0.0
3367	0.0
3368	0.0
3369	0.0
337	0.2972
3370	0.0
3371	0.0
3372	0.0
3373	0.0
3374	0.0
3375	0.0
3376	0.0
3377	0.0
3378	0.0
3379	0.0
338	0.2972
3380	0.0
3381	0.0
3382	0.0
3383	0.0
3384	0.0
3385	0.0
3386	0.0
3387	0.0
3388	0.0
3389	0.0
339	0.2972
3390	0.0
3391	0.0
3392	0.0
3393	0.0
3394	0.0
3395	0.0
3396	0.0
3397	0.0
3398	0.0
3399	0.0
34	0.8219
340	9.0E-4
3400	0.0
3401	0.0
3402	0.0
3403	0.0
3404	0.0
3405	0.0
3406	0.0
3407	0.0
3408	0.0
3409	0.0
341	0.0047
3410	0.0
3411	0.0
3412	0.0
3413	0.0
3414	0.0
3415	0.0
3416	0.0
3417	0.0
3418	0.0
3419	0.0
342	2.0E-4
3420	0.0
3421	0.0
3422	0.0
3423	0.0
3424	0.0
3425	0.0
3426	0.0
3427	0.0
3428	0.0
3429	0.0
343	2.0E-4
3430	0.0
3431	0.0
3432	0.0
3433	0.0
3434	0.0
3435	0.0
3436	0.0
3437	0.0
3438	0.0
3439	0.0
344	0.0025
3440	0.0
3441	0.0
3442	0.0
3443	0.0
3444	0.0
3445	0.0
3446	0.0
3447	0.0
3448	0.0
3449	0.0
345	1.0E-4
3450	0.0
3451	0.0
3452	0.0
3453	0.0
3454	0.0
3455	0.0
3456	0.0
3457	0.0
3458	0.0
3459	0.0
346	1.0E-4
3460	0.0
3461	0.0
3462	0.0
3463	0.0
3464	0.0
3465	0.0
3466	0.0
3467	0.0
3468	0.0
3469	0.0
347	1.0E-4
3470	0.0
3471	0.0
3472	0.0
3473	0.0
3474	0.0
3475	0.0
3476	0.0
3477	0.0
3478	0.0
3479	1.0698
348	3.0E-4
3480	1.0698
3481	1.0698
3482	1.0698
3483	1.0698
3484	1.0698
3485	1.0698
3486	1.0698
3487	1.0698
3488	1.0698
3489	0.0
349	1.0E-4
3490	0.0
3491	0.0
3492	0.0
3493	0.0
3494	0.0
3495	0.0
3496	0.0
3497	0.0
3498	0.0
3499	0.0
35	0.9414
350	1.0E-4
3500	0.0
3501	0.0
3502	0.0
3503	0.0
3504	0.0
3505	0.0
3506	0.0
3507	0.0
3508	0.0
3509	0.0
351	1.0E-4
3510	0.0
3511	0.0042
3512	0.0327
3513	1.0E-4
3514	1.0154
3515	4.0E-4
3516	4.0E-4
3517	1.0E-4
3518	1.0E-4
3519	1.0E-4
352	1.0E-4
3520	0.0
3521	0.0
3522	0.0
3523	0.0
3524	0.0
3525	0.0
3526	0.0
3527	0.0
3528	0.0
3529	0.0
353	1.0E-4
3530	0.0
3531	0.0
3532	0.0
3533	0.0
3534	0.0
3535	0.0
3536	0.0
3537	0.0
3538	0.0
3539	0.0
354	1.0E-4
3540	0.0
3541	0.0
3542	0.0
3543	0.0
3544	0.0
3545	0.0
3546	0.0
3547	0.0
3548	0.0
3549	0.0
355	1.0E-4
3550	0.0
3551	0.0
3552	0.0
3553	0.0
3554	0.0
3555	0.0
3556	0.0
3557	0.0
3558	0.0
3559	0.0
356	0.9607
3560	0.0
3561	0.0
3562	0.0
3563	0.0
3564	0.0
3565	0.0
3566	0.0
3567	0.0
3568	0.0
3569	0.0
357	0.875
3570	0.0
3571	0.0
3572	0.0
3573	0.0
3574	0.0
3575	0.0
3576	0.0
3577	0.0
3578	0.0
3579	0.0
358	0.2271
3580	0.0
3581	0.0
3582	0.0
3583	4.0E-4
3584	0.5185
3585	0.5982
3586	0.7864
3587	0.5982
3588	0.0134
3589	0.0134
359	0.3451
3590	0.0177
3591	0.024
3592	0.024
3593	0.024
3594	0.0301
3595	0.0301
3596	0.0301
3597	0.0191
3598	0.0301
3599	0.0301
36	2.151
360	0.2271
3600	0.5384
3601	0.0201
3602	0.1293
3603	0.028
3604	0.0288
3605	0.098
3606	0.098
3607	0.0061
3608	0.0148
3609	0.0061
361	0.2271
3610	0.0148
3611	0.0091
3612	0.0091
3613	0.0605
3614	0.0148
3615	0.05
3616	0.0654
3617	0.0123
3618	0.0123
3619	0.0123
362	1.0847
3620	0.0123
3621	0.0123
3622	0.0123
3623	0.0123
3624	0.0277
3625	0.0123
3626	0.0246
3627	0.0154
3628	0.0154
3629	0.0154
363	0.0052
3630	0.0154
3631	0.0154
3632	0.0154
3633	0.0154
3634	0.0196
3635	0.0196
3636	0.0196
3637	0.0311
3638	0.007
3639	0.007
364	0.0052
3640	0.007
3641	0.007
3642	0.007
3643	2.1752
3644	2.1752
3645	2.0394
3646	2.0394
3647	2.0394
3648	2.0394
3649	0.0034
365	0.0083
3650	0.0034
3651	0.0034
3652	0.0034
3653	0.0034
3654	0.0034
3655	0.0034
3656	0.0034
3657	0.0034
3658	0.0034
3659	0.0129
366	0.0052
3660	0.0062
3661	0.0062
3662	0.0062
3663	0.0062
3664	0.3157
3665	0.0
3666	0.0
3667	0.0
3668	0.0
3669	0.0
367	0.0052
3670	0.0
3671	0.0
3672	0.0
3673	0.0
3674	0.0
3675	0.0
3676	0.0
3677	0.0
3678	0.0
3679	0.0
368	0.0052
3680	0.0
3681	0.0
3682	0.0
3683	0.0
3684	0.0
3685	0.0
3686	0.0
3687	0.0
3688	0.0
3689	0.0
369	0.6338
3690	0.0
3691	0.0
3692	0.0
3693	0.0
3694	0.0
3695	0.0
3696	0.0
3697	0.0
3698	0.0
3699	0.0
37	10.216
370	2.0E-4
3700	0.0
3701	0.0
3702	0.0322
3703	1.0E-4
3704	2.0E-4
3705	8.0E-4
3706	4.0E-4
3707	2.0E-4
3708	2.0E-4
3709	1.0E-4
371	3.0E-4
3710	1.0E-4
3711	2.0E-4
3712	1.0E-4
3713	2.0E-4
3714	2.0E-4
3715	2.0E-4
3716	1.0E-4
3717	1.0E-4
3718	1.0E-4
3719	1.0E-4
372	2.0E-4
3720	1.0E-4
3721	0.0
3722	0.0
3723	0.0
3724	0.0
3725	0.0
3726	1.0E-4
3727	1.0E-4
3728	1.0E-4
3729	1.1838
373	2.0E-4
3730	0.0
3731	0.0
3732	0.0
3733	0.0117
3734	0.05
3735	0.0124
3736	0.0117
3737	7.0E-4
3738	0.0022
3739	0.0026
374	1.0E-4
3740	0.0058
3741	0.0015
3742	1.6922
3743	7.0E-4
3744	7.0E-4
3745	7.0E-4
3746	7.0E-4
3747	7.0E-4
3748	3.0E-4
3749	4.0E-4
375	1.0E-4
3750	3.0E-4
3751	0.0017
3752	0.0017
3753	0.0017
3754	0.0017
3755	0.0017
3756	0.0017
3757	0.0017
3758	0.0017
3759	0.0059
376	2.0E-4
3760	0.0059
3761	0.0059
3762	0.03
3763	0.03
3764	0.03
3765	0.03
3766	1.3818
3767	1.3818
3768	0.0028
3769	0.0028
377	2.0E-4
3770	0.0028
3771	0.0028
3772	0.0028
3773	1.4333
3774	1.4333
3775	1.4333
3776	1.4333
3777	0.0039
3778	0.0039
3779	0.0039
378	2.0E-4
3780	0.0039
3781	0.8876
3782	1.1885
3783	0.8876
3784	0.8876
3785	0.8876
3786	0.8876
3787	0.003
3788	0.0036
3789	1.2546
379	2.0E-4
3790	1.2546
3791	1.2546
3792	0.1255
3793	0.1255
3794	0.1255
3795	0.1255
3796	0.1255
3797	0.1255
3798	0.1255
3799	0.1255
38	9.4189
380	1.0E-4
3800	0.0
3801	0.0
3802	0.0
3803	0.0
3804	0.0
3805	0.0
3806	0.0
3807	0.0
3808	3.6371
3809	0.0
381	1.0E-4
3810	0.0
3811	0.0
3812	0.0
3813	0.0
3814	0.0
3815	0.0
3816	0.0
3817	0.0
3818	0.0
3819	0.0
382	0.0064
3820	0.0
3821	0.0
3822	0.0
3823	0.0
3824	0.0
3825	0.0
3826	0.0
3827	0.0
3828	0.0
3829	0.0
383	0.0064
3830	0.0
3831	0.0
3832	0.0
3833	0.0
3834	10.3369
3835	4.9456
3836	1.9342
3837	0.8277
3838	0.5084
3839	0.4135
384	0.0121
3840	0.3852
3841	0.3764
3842	0.3739
3843	0.373
3844	0.3728
3845	0.3727
3846	0.3727
3847	0.3727
3848	0.3727
3849	0.3727
385	0.0121
3850	0.3727
3851	0.3727
3852	0.3727
3853	0.3727
3854	0.3727
3855	0.3727
3856	0.3727
3857	0.3727
3858	0.3727
3859	0.3727
386	0.0121
3860	0.3727
3861	0.3727
3862	0.3727
3863	0.3727
3864	0.3728
3865	0.3729
3866	0.3736
3867	0.3759
3868	0.3839
3869	0.4128
387	0.0268
3870	0.5257
3871	1.0069
3872	2.7356
3873	7.8874
3874	0.2168
3875	7.9723
3876	3.882
3877	1.5726
3878	0.7185
3879	0.4718
388	0.0072
3880	0.3984
3881	0.3764
3882	0.3697
3883	0.3677
3884	0.367
3885	0.3668
3886	0.3668
3887	0.3668
3888	0.3668
3889	0.3668
389	0.0162
3890	0.3668
3891	0.3668
3892	0.3668
3893	0.3668
3894	0.3668
3895	0.3668
3896	0.3668
3897	0.367
3898	0.3675
3899	0.3693
39	2.44
390	3.0E-4
3900	0.3755
3901	0.3979
3902	0.4851
3903	0.857
3904	2.179
3905	6.0909
3906	0.2132
3907	2.4505
3908	1.3681
3909	0.6922
391	0.0035
3910	0.4281
3911	0.3531
3912	0.337
3913	0.3574
3914	0.4715
3915	0.8481
3916	1.8921
3917	0.1829
3918	5.6066
3919	2.814
392	2.0E-4
3920	1.2062
3921	0.6046
3922	0.4306
3923	0.3787
3924	0.3632
3925	0.3584
3926	0.3569
3927	0.3565
3928	0.3563
3929	0.3563
393	2.0E-4
3930	0.3563
3931	0.3564
3932	0.3568
3933	0.3581
3934	0.3625
3935	0.3783
3936	0.44
3937	0.7023
3938	1.6181
3939	4.2931
394	2.0E-4
3940	0.2068
3941	8.7602
3942	4.2366
3943	1.6933
3944	0.7552
3945	0.4843
3946	0.4038
3947	0.3796
3948	0.3722
3949	0.37
395	2.0E-4
3950	0.3693
3951	0.3691
3952	0.3691
3953	0.3691
3954	0.3691
3955	0.3691
3956	0.3691
3957	0.3691
3958	0.3691
3959	0.3691
396	3.0E-4
3960	0.3691
3961	0.3691
3962	0.3691
3963	0.3691
3964	0.3691
3965	0.3691
3966	0.3693
3967	0.3699
3968	0.3718
3969	0.3786
397	2.0E-4
3970	0.4032
3971	0.4989
3972	0.9072
3973	2.3647
3974	6.6895
3975	0.2146
3976	4.2918
3977	2.2167
3978	0.9982
3979	0.5369
398	2.0E-4
3980	0.4033
3981	0.3634
3982	0.3514
3983	0.3477
3984	0.3467
3985	0.3466
3986	0.3475
3987	0.3508
3988	0.363
3989	0.4104
399	4.0E-4
3990	0.612
3991	1.3025
3992	3.2935
3993	0.2005
3994	7.1835
3995	3.5264
3996	1.4511
3997	0.6812
3998	0.4588
3999	0.3925
4	0.0032
40	3.2948
400	2.0E-4
4000	0.3727
4001	0.3666
4002	0.3648
4003	0.3642
4004	0.364
4005	0.364
4006	0.364
4007	0.364
4008	0.364
4009	0.364
401	2.0E-4
4010	0.364
4011	0.364
4012	0.364
4013	0.3642
4014	0.3646
4015	0.3662
4016	0.3718
4017	0.392
4018	0.4708
4019	0.8061
402	2.0E-4
4020	1.9926
4021	5.4915
4022	0.2115
4023	13.7555
4024	6.4804
4025	2.4535
4026	0.9822
4027	0.558
4028	0.432
4029	0.3943
403	2.0E-4
4030	0.3828
4031	0.3794
4032	0.3783
4033	0.378
4034	0.3779
4035	0.3779
4036	0.3779
4037	0.3779
4038	0.3779
4039	0.3779
404	3.0E-4
4040	0.3779
4041	0.3779
4042	0.3779
4043	0.3779
4044	0.3779
4045	0.3779
4046	0.3779
4047	0.3779
4048	0.3779
4049	0.3779
405	2.0E-4
4050	0.3779
4051	0.3779
4052	0.3779
4053	0.3779
4054	0.3779
4055	0.3779
4056	0.3779
4057	0.3779
4058	0.3779
4059	0.3779
406	3.0E-4
4060	0.3779
4061	0.3779
4062	0.3779
4063	0.3779
4064	0.3779
4065	0.3779
4066	0.3779
4067	0.3782
4068	0.3791
4069	0.3821
407	2.0E-4
4070	0.3927
4071	0.4311
4072	0.581
4073	1.2202
4074	3.5373
4075	10.4841
4076	0.2199
4077	6.3952
4078	3.1706
4079	1.3291
408	2.0E-4
4080	0.6434
4081	0.4451
4082	0.3861
4083	0.3684
4084	0.3629
4085	0.3613
4086	0.3608
4087	0.3606
4088	0.3606
4089	0.3606
409	0.0079
4090	0.3606
4091	0.3606
4092	0.3606
4093	0.3607
4094	0.3612
4095	0.3626
4096	0.3676
4097	0.3856
4098	0.4558
4099	0.7547
41	2.3845
410	0.0079
4100	1.8058
4101	4.8924
4102	0.2094
4103	3.7659
4104	1.9764
4105	0.9132
4106	0.5082
4107	0.3906
4108	0.3556
4109	0.345
411	0.0079
4110	0.342
4111	0.3419
4112	0.3446
4113	0.3552
4114	0.3969
4115	0.5741
4116	1.1748
4117	2.8935
4118	0.197
4119	0.0
412	0.0079
4120	0.0
4121	0.0
4122	0.0
4123	0.0
4124	0.0
4125	0.0
4126	0.0
4127	0.0
4128	0.0
4129	0.0
413	0.0079
4130	0.0
4131	0.0
4132	0.0
4133	0.0
4134	0.0
4135	0.0
4136	0.0
4137	0.0
4138	0.0
4139	4.3646
414	0.0079
4140	2.274
4141	1.0589
4142	0.6018
4143	0.4709
4144	0.4322
4145	0.4208
4146	0.4176
4147	0.4175
4148	0.4204
4149	0.4323
415	0.0056
4150	0.4794
4151	0.6823
4152	1.3749
4153	3.3753
4154	0.0
4155	0.0
4156	0.0
4157	0.0
4158	0.0
4159	0.0
416	0.0308
4160	0.0
4161	0.0
4162	0.0
4163	0.0
4164	0.0
4165	0.0
4166	0.0
4167	0.0
4168	0.0
4169	0.0
417	2.0E-4
4170	0.0
4171	0.0
4172	0.0
4173	0.0
4174	0.0
4175	0.0
4176	0.0
4177	0.0
4178	0.0
4179	0.0
418	2.0E-4
4180	0.0
4181	0.0
4182	0.0
4183	0.0
4184	0.0
4185	0.0
4186	0.0
4187	0.0
4188	0.0
4189	0.0
419	2.0E-4
4190	0.0
4191	0.0
4192	0.0
4193	0.0
4194	0.0
4195	0.0
4196	0.0
4197	0.0
4198	0.0
4199	0.0
42	3.0819
420	2.0E-4
4200	0.0
4201	0.0
4202	0.0
4203	0.0
4204	0.0
4205	0.0
4206	0.0
4207	0.0
4208	0.0
4209	0.0
421	2.0E-4
4210	0.0
4211	0.0
4212	0.0
4213	0.0
4214	0.0
4215	0.0
4216	0.0
4217	0.0
4218	0.0
4219	0.0
422	2.0E-4
4220	0.0
4221	0.0
4222	0.0
4223	0.0
4224	0.0
4225	0.0
4226	0.0
4227	0.0
4228	0.0
4229	0.0
423	2.0E-4
4230	0.0
4231	0.0
4232	0.0
4233	0.0
4234	0.0
4235	0.0
4236	0.0
4237	0.0
4238	0.0
4239	0.0
424	2.0E-4
4240	0.0
4241	0.0
4242	0.0
4243	0.0
4244	0.0
4245	0.0
4246	0.0
4247	0.0
4248	0.0
4249	0.0
425	0.5233
4250	0.0
4251	0.0
4252	0.0
4253	0.0
4254	0.0
4255	0.0
4256	0.0
4257	0.0
4258	0.0
4259	0.0
426	0.1538
4260	0.0
4261	0.0
4262	0.0
4263	0.0
4264	0.0
4265	0.0
4266	0.0
4267	0.0
4268	0.0
4269	0.0
427	0.0843
4270	0.0
4271	0.0
4272	0.0
4273	0.0
4274	0.0
4275	0.0
4276	0.0
4277	0.0
4278	0.0
4279	0.0
428	0.013
4280	0.0
4281	0.0
4282	0.0
4283	0.0
4284	0.0
4285	0.0
4286	0.0
4287	0.0
4288	0.0
4289	0.0
429	0.1895
4290	0.0
4291	0.0
4292	0.0
4293	0.0
4294	0.0
4295	0.0
4296	0.0
4297	0.0
4298	0.0
4299	0.0
43	7.7651
430	0.3761
4300	0.0
4301	0.0
4302	0.0
4303	0.0
4304	0.0
4305	0.0
4306	0.0
4307	0.0
4308	0.0
4309	0.0
431	0.0047
4310	0.0
4311	0.0
4312	0.0
4313	0.0
4314	0.0
4315	0.0
4316	0.0
4317	0.0
4318	0.0
4319	0.0
432	3.0E-4
4320	0.0
4321	0.0
4322	0.0
4323	0.0
4324	0.0
4325	0.0
4326	0.0
4327	0.0
4328	0.0
4329	0.0
433	0.005
4330	0.0
4331	0.0
4332	0.0
4333	0.0
4334	0.0
4335	0.0
4336	0.0
4337	0.0
4338	0.0
4339	0.0
434	0.005
4340	0.0
4341	0.0
4342	0.0
4343	0.0
4344	0.0
4345	0.0
4346	0.0
4347	0.0
4348	0.0
4349	0.0
435	0.0047
4350	0.0
4351	0.0
4352	0.0
4353	0.0
4354	0.0
4355	0.0
4356	0.0
4357	0.0
4358	0.0
4359	0.0
436	0.0047
4360	0.0
4361	0.0
4362	0.0
4363	0.0
4364	0.0
4365	0.0
4366	0.0
4367	0.0
4368	0.0
4369	0.0
437	0.0047
4370	0.0
4371	0.0
4372	0.0
4373	0.0
4374	0.0
4375	0.0
4376	0.0
4377	0.0
4378	0.0
4379	0.0
438	0.0047
4380	0.0
4381	0.0
4382	0.0
4383	0.0
4384	0.0
4385	0.0
4386	0.0
4387	0.0
4388	0.0
4389	0.0
439	0.0047
4390	0.0
4391	0.0
4392	0.0
4393	0.0
4394	0.0
4395	0.0
4396	0.0
4397	0.0
4398	0.0
4399	0.0
44	1.9971
440	0.0047
4400	0.0
4401	0.0
4402	0.0
4403	0.0
4404	0.0
4405	0.0
4406	0.0
4407	0.0
4408	0.0
4409	0.0
441	9.0E-4
4410	0.0
4411	0.0
4412	0.0
4413	0.0
4414	0.0
4415	0.0
4416	0.0
4417	0.0
4418	0.0
4419	0.0
442	0.0011
4420	0.0
4421	0.0
4422	0.0
4423	0.0
4424	0.0
4425	0.0
4426	0.0
4427	0.0
4428	0.0
4429	0.0
443	0.0011
4430	0.0
4431	0.0
4432	0.0
4433	0.0
4434	0.0
4435	0.0
4436	1.0E-4
4437	1.0E-4
4438	0.0
4439	1.0E-4
444	0.0011
4440	1.0E-4
4441	1.0E-4
4442	1.0E-4
4443	0.0
4444	0.0
4445	0.0
4446	0.0
4447	1.0E-4
4448	0.0
4449	0.0
445	0.0068
4450	0.0
4451	0.0
4452	0.0
4453	0.0
4454	0.0
4455	0.0
4456	0.0
4457	0.0
4458	3.6371
4459	0.0
446	0.0069
4460	0.0
4461	0.0
4462	0.0
4463	0.0
4464	0.0
4465	0.0
4466	0.0
4467	0.0
4468	0.0
4469	0.0
447	0.0068
4470	0.0
4471	0.0
4472	0.0
4473	0.0
4474	0.0
4475	0.0
4476	0.0
4477	0.0
4478	0.0
4479	0.0
448	0.0121
4480	0.0
4481	0.0
4482	0.0
4483	0.0
4484	0.3166
4485	2.0157
4486	0.0
4487	0.0
4488	0.0
4489	0.0
449	0.0077
4490	0.0
4491	0.0
4492	0.0
4493	0.0
4494	0.0
4495	0.0
4496	0.0
4497	0.0
4498	0.0
4499	0.0
45	1.1086
450	0.0048
4500	0.0
4501	0.0
4502	0.0
4503	0.0
4504	0.0
4505	0.0
4506	0.0
4507	0.0
4508	0.0
4509	0.0
451	0.0046
4510	0.0
4511	0.0
4512	0.0
4513	0.0
4514	0.0
4515	0.0
4516	0.0
4517	0.0
4518	0.0
4519	0.0
452	0.0035
4520	0.0
4521	0.0
4522	0.0
4523	0.0
4524	0.0
4525	0.0
4526	0.0
4527	0.0
4528	0.0
4529	0.0
453	0.0032
4530	0.0
4531	0.0
4532	0.0
4533	0.0
4534	0.0
4535	0.0
4536	0.0
4537	0.0
4538	0.0
4539	0.0
454	0.0032
4540	0.0
4541	0.0
4542	0.0
4543	0.0
4544	0.0
4545	0.0
4546	0.0
4547	0.0
4548	0.0
4549	0.0
455	0.0032
4550	0.0
4551	0.0
4552	0.0
4553	0.0
4554	0.0
4555	0.0
4556	0.0
4557	0.0
4558	0.0
4559	0.0
456	0.0032
4560	0.0
4561	0.0
4562	0.0
4563	0.0
4564	0.0
4565	0.0
4566	0.0
4567	0.0
4568	0.0
4569	0.0
457	0.0382
4570	0.0
4571	0.0
4572	0.0
4573	0.0
4574	0.0
4575	0.0
4576	0.0
4577	0.0
4578	0.0
4579	0.0
458	0.0382
4580	0.0
4581	0.0
4582	0.0
4583	0.0
4584	0.0
4585	0.0
4586	0.0
4587	0.0
4588	0.0
4589	0.0
459	0.0382
4590	0.0
4591	0.0
4592	0.0
4593	0.0
4594	0.0
4595	0.0
4596	0.0
4597	0.0
4598	0.0
4599	0.0
46	2.076
460	0.0356
4600	0.0
4601	0.0
4602	0.0
4603	0.0
4604	0.0
4605	0.0
4606	0.0
4607	0.0
4608	0.0
4609	0.0
461	0.0382
4610	0.0
4611	0.0
4612	0.0
4613	0.0
4614	0.0
4615	0.0
4616	0.0
4617	0.0
4618	0.0
4619	0.0
462	0.0384
4620	0.0
4621	0.0
4622	0.0
4623	0.0
4624	0.0
4625	0.0
4626	0.0
4627	0.0
4628	0.0
4629	0.0
463	0.0384
4630	0.0
4631	0.0
4632	0.0
4633	0.0
4634	0.0
4635	0.0
4636	0.0
4637	0.0
4638	0.0
4639	0.0
464	0.0384
4640	0.0
4641	0.0
4642	0.0
4643	0.0
4644	0.0
4645	0.0
4646	0.0
4647	0.0
4648	0.0
4649	0.0
465	0.0382
4650	0.0
4651	0.0
4652	0.0
4653	0.0
4654	0.0
4655	0.0
4656	0.0
4657	0.0
4658	0.0
4659	0.0
466	0.0382
4660	0.0
4661	0.0
4662	0.0
4663	0.0
4664	0.0
4665	0.0
4666	0.0
4667	0.0
4668	0.0
4669	0.0
467	0.0411
4670	0.0
4671	0.0
4672	0.0
4673	0.0
4674	0.0
4675	0.0
4676	0.0
4677	0.0
4678	0.0
4679	0.0
468	0.0411
4680	0.0
4681	0.0
4682	0.0
4683	0.0
4684	0.0
4685	0.0
4686	0.0
4687	0.0
4688	0.0
4689	0.0
469	0.0106
4690	0.0
4691	0.0
4692	0.0
4693	0.0
4694	0.0
4695	0.0
4696	0.0
4697	0.0
4698	0.0
4699	0.0
47	0.5488
470	0.011
4700	0.0
4701	0.0
4702	0.0
4703	0.0
4704	0.0
4705	0.0
4706	0.0
4707	0.0
4708	0.0
4709	0.0
471	0.011
4710	0.0
4711	0.0
4712	0.0
4713	0.0
4714	0.0
4715	0.0
4716	0.0
4717	0.0
4718	0.0
4719	0.0
472	0.011
4720	0.0
4721	0.0
4722	0.0
4723	0.0
4724	0.0
4725	0.0
4726	0.0
4727	0.0
4728	0.0
4729	0.0
473	0.01
4730	0.0
4731	0.0
4732	0.0
4733	0.0
4734	0.0
4735	0.0
4736	0.0
4737	0.0
4738	0.0
4739	0.0
474	0.0018
4740	0.0
4741	0.0
4742	0.0
4743	0.0
4744	0.0
4745	0.0
4746	0.0
4747	0.0
4748	0.0
4749	0.0
475	0.001
4750	0.0
4751	0.0
4752	0.0
4753	0.0
4754	0.0
4755	0.0
4756	0.0
4757	0.0
4758	0.0
4759	0.0
476	0.001
4760	0.0
4761	0.0
4762	0.0
4763	0.0
4764	0.0
4765	0.0
4766	0.0
4767	0.0
4768	0.0
4769	0.0
477	0.001
4770	0.0
4771	0.0
4772	0.0
4773	0.0
4774	0.0888
4775	0.0797
4776	0.3216
4777	0.3216
4778	0.0562
4779	0.0562
478	0.001
4780	0.0562
4781	0.047
4782	0.047
4783	0.047
4784	0.0507
4785	0.0602
4786	0.0602
4787	0.0621
4788	0.0621
4789	0.047
479	0.0655
4790	0.0516
4791	0.047
4792	0.0516
4793	0.0011
4794	0.001
4795	0.001
4796	0.001
4797	0.001
4798	0.001
4799	0.0026
48	1.2808
480	0.0912
4800	0.001
4801	0.0021
4802	0.0037
4803	0.0037
4804	0.0037
4805	0.0323
4806	0.9007
4807	0.0162
4808	0.0162
4809	0.0323
481	0.0652
4810	2.7635
4811	0.0216
4812	0.094
4813	0.003
4814	0.0034
4815	0.1585
4816	0.0088
4817	0.0088
4818	0.0088
4819	1.2067
482	0.0021
4820	0.0088
4821	0.0023
4822	0.0023
4823	0.0023
4824	0.0023
4825	0.0023
4826	0.0023
4827	0.0023
4828	0.0112
4829	0.0112
483	0.002
4830	0.0049
4831	0.0033
4832	0.0033
4833	0.016
4834	0.016
4835	0.016
4836	0.016
4837	0.016
4838	0.016
4839	0.0028
484	0.002
4840	0.0111
4841	0.0111
4842	0.0111
4843	0.0038
4844	0.0095
4845	0.0019
4846	0.0019
4847	0.0019
4848	0.3615
4849	0.3615
485	0.0017
4850	0.3615
4851	0.2713
4852	0.2713
4853	0.2713
4854	0.0036
4855	0.0036
4856	0.0036
4857	0.0065
4858	0.0065
4859	0.0065
486	0.0016
4860	0.0196
4861	0.0196
4862	0.3161
4863	1.0E-4
4864	1.0E-4
4865	2.0E-4
4866	1.0E-4
4867	2.0E-4
4868	2.0E-4
4869	2.0E-4
487	0.0016
4870	2.0E-4
4871	0.0
4872	0.0
4873	0.0
4874	0.0
4875	0.0
4876	0.0
4877	0.0
4878	0.0
4879	0.0
488	0.0016
4880	0.0
4881	0.0
4882	0.0
4883	0.0
4884	0.0
4885	0.0
4886	0.0
4887	0.0
4888	0.0
4889	0.0
489	0.0016
4890	0.0
4891	0.0
4892	0.0
4893	0.0
4894	0.0
4895	0.0
4896	0.0
4897	0.0
4898	0.0
4899	0.0
49	0.5485
490	0.0016
4900	0.0
4901	0.0
4902	0.0
4903	0.0
4904	0.0
4905	0.0
4906	0.0
4907	0.0
4908	0.0
4909	0.0
491	0.0016
4910	0.0
4911	0.0
4912	0.0
4913	0.0
4914	0.0
4915	0.0
4916	0.0
4917	0.0
4918	0.0
4919	0.0
492	0.0025
4920	0.0
4921	0.0
4922	0.0
4923	0.0
4924	0.0
4925	0.0
4926	0.0
4927	0.0
4928	0.0
4929	1.0E-4
493	0.0016
4930	1.037
4931	1.037
4932	1.037
4933	1.037
4934	1.037
4935	1.037
4936	1.037
4937	0.0018
4938	0.0018
4939	0.0018
494	2.0E-4
4940	0.0018
4941	0.0018
4942	0.0018
4943	0.0018
4944	0.0018
4945	0.0018
4946	0.0018
4947	0.0018
4948	0.0018
4949	0.0018
495	2.0E-4
4950	0.0018
4951	0.0018
4952	0.0018
4953	0.0018
4954	0.0018
4955	0.0018
4956	0.0018
4957	0.0018
4958	0.0018
4959	0.0018
496	6.0E-4
4960	0.0018
4961	0.0018
4962	0.0018
4963	0.0025
4964	0.0018
4965	0.0018
4966	0.0018
4967	0.0018
4968	0.0018
4969	0.0018
497	2.0E-4
4970	0.0018
4971	0.0018
4972	1.0E-4
4973	1.0E-4
4974	1.0E-4
4975	1.0E-4
4976	1.0E-4
4977	1.0E-4
4978	1.0E-4
4979	1.0E-4
498	0.001
4980	1.0E-4
4981	1.0E-4
4982	1.0E-4
4983	1.0E-4
4984	1.0E-4
4985	1.0E-4
4986	1.0E-4
4987	1.0E-4
4988	1.0E-4
4989	1.0E-4
499	9.0E-4
4990	1.0E-4
4991	1.0E-4
4992	1.0E-4
4993	1.0E-4
4994	1.0E-4
4995	1.0E-4
4996	1.0E-4
4997	1.0E-4
4998	1.0E-4
4999	1.0E-4
5	0.0032
50	0.5485
500	0.1501
5000	1.0E-4
5001	9.0E-4
5002	9.0E-4
5003	9.0E-4
5004	9.0E-4
5005	9.0E-4
5006	9.0E-4
5007	9.0E-4
5008	1.1491
5009	1.1491
501	0.1462
5010	1.1491
5011	1.1491
5012	1.1491
5013	2.0E-4
5014	2.0E-4
5015	2.0E-4
5016	2.0E-4
5017	2.0E-4
5018	2.0E-4
5019	2.0E-4
502	0.1437
5020	2.0E-4
5021	2.0E-4
5022	2.0E-4
5023	2.0E-4
5024	2.0E-4
5025	2.0E-4
5026	2.0E-4
5027	2.0E-4
5028	2.0E-4
5029	2.0E-4
503	0.0582
5030	2.0E-4
5031	2.0E-4
5032	2.0E-4
5033	1.0E-4
5034	1.0E-4
5035	0.443
5036	0.0
5037	0.0
5038	0.0
5039	0.0
504	0.0582
5040	0.0
5041	0.0
5042	0.0
5043	0.0
5044	0.0
5045	0.0
5046	0.0
5047	0.0
5048	0.0
5049	0.0
505	0.1665
5050	0.0
5051	4.3646
5052	2.274
5053	1.0589
5054	0.6018
5055	0.4709
5056	0.4322
5057	0.4208
5058	0.4176
5059	0.4175
506	0.0039
5060	0.4204
5061	0.4323
5062	0.4794
5063	0.6823
5064	1.3749
5065	3.3753
5066	0.0
5067	0.0
5068	0.0
5069	0.0
507	0.0039
5070	0.0
5071	0.0
5072	7.6764
5073	5.4282
5074	2.3402
5075	0.8095
5076	0.3352
5077	0.1896
5078	0.1447
5079	0.131
508	0.0039
5080	0.1268
5081	0.1255
5082	0.1251
5083	0.125
5084	0.1249
5085	0.1249
5086	0.1249
5087	0.1249
5088	0.1249
5089	0.1249
509	0.0039
5090	0.1249
5091	0.1249
5092	0.1249
5093	0.1249
5094	0.1249
5095	0.1249
5096	0.1249
5097	0.1249
5098	0.1249
5099	0.1249
510	0.0039
5100	0.1249
5101	0.125
5102	0.125
5103	0.1254
5104	0.1264
5105	0.1298
5106	0.1407
5107	0.1759
5108	0.2856
5109	0.613
511	0.0039
5110	1.488
5111	2.3506
5112	5.9043
5113	4.2022
5114	1.832
5115	0.6518
5116	0.2858
5117	0.1732
5118	0.1384
5119	0.1279
512	0.0039
5120	0.1246
5121	0.1236
5122	0.1233
5123	0.1232
5124	0.1232
5125	0.1231
5126	0.1231
5127	0.1231
5128	0.1231
5129	0.1231
513	0.0039
5130	0.1231
5131	0.1232
5132	0.1232
5133	0.1233
5134	0.1235
5135	0.1243
5136	0.1269
5137	0.1354
5138	0.1626
5139	0.2472
514	0.0039
5140	0.4996
5141	1.1723
5142	1.8225
5143	1.7743
5144	1.334
5145	0.6352
5146	0.274
5147	0.1631
5148	0.1363
5149	0.1516
515	0.0039
5150	0.2253
5151	0.4258
5152	0.5857
5153	4.1325
5154	2.9749
5155	1.3223
5156	0.4927
5157	0.2349
5158	0.1554
5159	0.1308
516	0.0039
5160	0.1233
5161	0.121
5162	0.1203
5163	0.1201
5164	0.12
5165	0.1201
5166	0.1203
5167	0.1208
5168	0.1227
5169	0.1287
517	0.0039
5170	0.1479
5171	0.2075
5172	0.3847
5173	0.8553
5174	1.2937
5175	6.4947
5176	4.6107
5177	2.0015
5178	0.7044
5179	0.3024
518	0.0039
5180	0.1787
5181	0.1406
5182	0.129
5183	0.1254
5184	0.1243
5185	0.124
5186	0.1239
5187	0.1239
5188	0.1239
5189	0.1239
519	0.068
5190	0.1239
5191	0.1239
5192	0.1239
5193	0.1239
5194	0.1239
5195	0.1239
5196	0.1239
5197	0.1239
5198	0.1239
5199	0.1239
52	8.8295
520	0.068
5200	0.1242
5201	0.1251
5202	0.128
5203	0.1373
5204	0.1671
5205	0.2601
5206	0.5374
5207	1.2776
5208	1.9984
5209	3.1485
521	0.0495
5210	2.2922
5211	1.0376
5212	0.403
5213	0.2052
5214	0.1442
5215	0.1253
5216	0.1195
5217	0.1179
5218	0.1177
5219	0.119
522	0.052
5220	0.1236
5221	0.1383
5222	0.184
5223	0.3196
5224	0.6779
5225	0.9993
5226	5.3133
5227	3.7932
5228	1.6623
5229	0.599
523	0.1598
5230	0.269
5231	0.1674
5232	0.1361
5233	0.1265
5234	0.1236
5235	0.1227
5236	0.1224
5237	0.1224
5238	0.1223
5239	0.1223
524	0.052
5240	0.1223
5241	0.1223
5242	0.1223
5243	0.1223
5244	0.1224
5245	0.1226
5246	0.1233
5247	0.1257
5248	0.1334
5249	0.1579
525	0.052
5250	0.2342
5251	0.4615
5252	1.0668
5253	1.6462
5254	10.2388
5255	7.2003
5256	3.0739
5257	1.0363
5258	0.4057
5259	0.2122
526	1.6733
5260	0.1526
5261	0.1345
5262	0.1289
5263	0.1272
5264	0.1267
5265	0.1266
5266	0.1265
5267	0.1265
5268	0.1265
5269	0.1265
527	0.0404
5270	0.1265
5271	0.1265
5272	0.1265
5273	0.1265
5274	0.1265
5275	0.1265
5276	0.1265
5277	0.1265
5278	0.1265
5279	0.1265
528	0.0392
5280	0.1265
5281	0.1265
5282	0.1265
5283	0.1265
5284	0.1265
5285	0.1265
5286	0.1265
5287	0.1265
5288	0.1265
5289	0.1265
529	0.0366
5290	0.1265
5291	0.1265
5292	0.1265
5293	0.1265
5294	0.1265
5295	0.1265
5296	0.1265
5297	0.1266
5298	0.1271
5299	0.1284
53	0.1635
530	0.0366
5300	0.133
5301	0.1475
5302	0.1942
5303	0.3399
5304	0.7759
5305	1.9432
5306	3.1135
5307	4.7228
5308	3.3842
5309	1.4924
531	2.0E-4
5310	0.546
5311	0.2521
5312	0.1616
5313	0.1336
5314	0.1251
5315	0.1224
5316	0.1216
5317	0.1214
5318	0.1213
5319	0.1213
532	0.0014
5320	0.1213
5321	0.1213
5322	0.1214
5323	0.1216
5324	0.1222
5325	0.1244
5326	0.1312
5327	0.153
5328	0.221
5329	0.4233
533	2.0E-4
5330	0.9612
5331	1.47
5332	2.7555
5333	2.0189
5334	0.9234
5335	0.3665
5336	0.1929
5337	0.1392
5338	0.1227
5339	0.118
534	2.0E-4
5340	0.1176
5341	0.1212
5342	0.1341
5343	0.1742
5344	0.293
5345	0.6064
5346	0.8814
5347	3.1521
5348	2.2922
5349	1.0448
535	2.0E-4
5350	0.4176
5351	0.224
5352	0.1648
5353	0.1467
5354	0.1416
5355	0.1413
5356	0.1453
5357	0.1595
5358	0.2047
5359	0.3398
536	1.2271
5360	0.6995
5361	1.0187
5362	0.0
5363	0.0
5364	0.0
5365	0.0
5366	0.0
5367	0.0
5368	0.0
5369	0.0
537	1.2271
5370	0.0
5371	0.0
5372	0.0
5373	0.0
5374	0.0
5375	0.0
5376	0.0
5377	0.0
5378	0.0
5379	0.0
538	1.2271
5380	0.0
5381	0.0
5382	0.0
5383	0.0
5384	0.0
5385	0.0
5386	0.0
5387	0.0
5388	0.0
5389	0.0
539	1.2539
5390	0.0
5391	0.0
5392	0.0
5393	0.0
5394	0.0
5395	0.0
5396	0.0
5397	4.3646
5398	2.274
5399	1.0589
54	0.1572
540	1.2271
5400	0.6018
5401	0.4709
5402	0.4322
5403	0.4208
5404	0.4176
5405	0.4175
5406	0.4204
5407	0.4323
5408	0.4794
5409	0.6823
541	1.2539
5410	1.3749
5411	3.3753
5412	0.0
5413	0.0
5414	0.0
5415	0.0
5416	0.0
5417	0.0
5418	0.0066
5419	0.0066
542	1.2271
5420	0.0066
5421	0.0
5422	0.0432
5423	0.0432
5424	0.0201
5425	0.0201
5426	0.0056
5427	0.0056
5428	0.0056
5429	2.0E-4
543	1.2269
5430	2.0E-4
5431	2.0E-4
5432	2.0E-4
5433	2.0E-4
5434	2.0E-4
5435	0.0053
5436	6.0E-4
5437	6.0E-4
5438	0.0011
5439	3.0E-4
544	1.2271
5440	3.0E-4
5441	3.0E-4
5442	0.001
5443	0.001
5444	4.0E-4
5445	4.0E-4
5446	4.0E-4
5447	0.0174
5448	0.0174
5449	0.8833
545	1.2662
5450	0.8833
5451	0.8833
5452	0.8833
5453	1.0362
5454	0.929
5455	1.0146
5456	4.5356
5457	0.6704
5458	0.6704
5459	0.0232
546	1.2271
5460	0.0092
5461	0.0092
5462	0.0092
5463	0.0092
5464	0.0016
5465	0.0016
5466	0.0012
5467	0.0012
5468	0.9194
5469	0.0095
547	0.0825
5470	1.2457
5471	0.0095
5472	3.0E-4
5473	3.0E-4
5474	3.0E-4
5475	3.0E-4
5476	3.0E-4
5477	3.0E-4
5478	3.0E-4
5479	3.0E-4
548	0.05
5480	8.0E-4
5481	8.0E-4
5482	8.0E-4
5483	0.03
5484	0.0121
5485	0.0027
5486	9.0E-4
5487	9.0E-4
5488	9.0E-4
5489	9.0E-4
549	0.0067
5490	0.0022
5491	0.0022
5492	0.0022
5493	0.0022
5494	0.0024
5495	0.0022
5496	0.0022
5497	0.0054
5498	0.003
5499	0.003
55	0.1562
550	0.1078
5500	0.003
5501	0.003
5502	0.0039
5503	0.0394
5504	0.0394
5505	0.0394
5506	0.0065
5507	0.0065
5508	0.0065
5509	1.0E-4
551	0.1143
5510	1.0E-4
5511	1.0E-4
5512	1.0E-4
5513	0.0
5514	0.0
5515	0.0
5516	0.0
5517	0.0
5518	0.0
5519	0.0
552	0.1078
5520	0.0
5521	0.0
5522	0.0
5523	3.1521
5524	2.2923
5525	1.0448
5526	0.4176
5527	0.224
5528	0.1648
5529	0.1467
553	0.1136
5530	0.1416
5531	0.1413
5532	0.1453
5533	0.1595
5534	0.2047
5535	0.3398
5536	0.6995
5537	1.0187
5538	0.0
5539	0.0
554	0.1172
5540	0.0
5541	0.0
5542	0.0
5543	0.0
5544	0.0
5545	0.0
5546	0.0
5547	0.0
5548	0.0
5549	0.0
555	0.1177
5550	0.0
5551	0.0
5552	0.0
5553	0.0
5554	0.0
5555	0.0
5556	0.0
5557	0.0
5558	0.0
5559	0.0
556	0.1177
5560	0.0
5561	0.0
5562	0.0
5563	0.0
5564	0.0
5565	0.0
5566	0.0
5567	0.0
5568	0.0
5569	0.0
557	0.2449
5570	0.0
5571	0.0
5572	0.0
5573	0.0
5574	0.0
5575	0.0
5576	0.0
5577	0.0
5578	0.0
5579	0.0
558	0.0786
5580	0.0
5581	0.0
5582	0.0
5583	0.0
5584	0.0
5585	0.0
5586	0.0
5587	0.0
5588	0.0
5589	0.0
559	0.0786
5590	0.0
5591	0.0
5592	0.0
5593	0.0
5594	0.0
5595	0.0
5596	0.0
5597	0.0
5598	0.0
5599	0.0
56	0.1465
560	0.0786
5600	0.0
5601	0.0
5602	0.0
5603	0.0
5604	0.0
5605	0.0
5606	0.0
5607	0.0
5608	0.0
5609	0.0
561	0.0747
5610	0.0
5611	0.0
5612	0.0
5613	0.0
5614	0.0
5615	0.0
5616	0.0
5617	0.0
5618	0.0
5619	0.0
562	0.0747
5620	0.0
5621	0.0
5622	0.0
5623	0.0
5624	0.0
5625	0.0
5626	0.0
5627	0.0
5628	0.0
5629	0.0
563	0.0747
5630	0.0
5631	0.0
5632	0.0
5633	0.0
5634	0.0
5635	0.0
5636	0.0
5637	0.0
5638	0.0
5639	0.0
564	0.0747
5640	0.0
5641	0.0
5642	0.0
5643	0.0
5644	0.0
5645	0.0
5646	0.0
5647	0.0
5648	0.0
5649	0.0
565	0.0787
5650	0.0
5651	0.0
5652	0.0
5653	0.0
5654	0.0
5655	0.0
5656	0.0
5657	0.0
5658	0.0
5659	0.0
566	6.0E-4
5660	0.0
5661	0.0
5662	0.0
5663	0.0
5664	0.0
5665	0.0
5666	0.0
5667	0.0
5668	0.0
5669	0.0
567	6.0E-4
5670	0.0
5671	0.0
5672	0.0
5673	0.0
5674	0.0
5675	0.0
5676	0.0
5677	0.0
5678	0.0
5679	0.0
568	6.0E-4
5680	0.0
5681	0.0
5682	0.0
5683	0.0
5684	0.0
5685	0.0
5686	0.0
5687	0.0
5688	0.0
5689	0.0
569	0.0013
5690	0.0
5691	0.0
5692	0.0
5693	0.0
5694	0.0
5695	0.0
5696	0.0
5697	0.0
5698	0.0
5699	0.0
57	0.1434
570	6.0E-4
5700	0.0
5701	0.0
5702	0.0
5703	0.0
5704	0.0
5705	0.0
5706	0.0
5707	0.0
5708	0.0
5709	0.0
571	6.0E-4
5710	0.0
5711	0.0
5712	0.0
5713	0.0
5714	0.0
5715	0.0
5716	0.0
5717	0.0
5718	0.0
5719	0.0
572	6.0E-4
5720	0.0
5721	0.0
5722	0.0
5723	0.0
5724	0.0
5725	0.0
5726	0.0
5727	0.0
5728	0.0
5729	0.0
573	6.0E-4
5730	0.0
5731	0.0
5732	0.0
5733	0.0
5734	0.0
5735	0.0
5736	0.0
5737	0.0
5738	0.0
5739	0.0
574	6.0E-4
5740	0.0
5741	0.0
5742	0.0
5743	0.0
5744	0.0
5745	0.0
5746	0.0
5747	0.0
5748	0.0
5749	0.0
575	6.0E-4
5750	0.0
5751	0.0
5752	0.0
5753	0.0
5754	0.0
5755	0.0
5756	0.0
5757	0.0
5758	0.0
5759	0.0
576	6.0E-4
5760	0.0
5761	0.0
5762	0.0
5763	0.0
5764	0.0
5765	0.0
5766	0.0
5767	0.0
5768	0.0
5769	0.0
577	6.0E-4
5770	0.0
5771	0.0
5772	0.0
5773	0.0
5774	0.0
5775	0.0
5776	0.0
5777	0.0
5778	0.0
5779	0.0
578	0.7944
5780	0.0
5781	0.0
5782	0.0
5783	0.0
5784	0.0
5785	3.1521
5786	2.2922
5787	1.0448
5788	0.4176
5789	0.224
579	0.1077
5790	0.1648
5791	0.1467
5792	0.1416
5793	0.1413
5794	0.1453
5795	0.1595
5796	0.2047
5797	0.3398
5798	0.6995
5799	1.0187
58	0.1565
580	0.1077
5800	0.0
5801	0.0
5802	0.0
5803	0.0
5804	0.0
5805	0.0
5806	0.0
5807	0.0
5808	0.0
5809	0.0
581	0.1135
5810	0.0
5811	0.0
5812	0.0
5813	0.0
5814	0.0
5815	0.0072
5816	0.0072
5817	0.0
5818	0.0012
5819	4.0E-4
582	7.0E-4
5820	0.5381
5821	0.5381
5822	0.1072
5823	1.5748
5824	0.1105
5825	0.6898
5826	0.6685
5827	0.6685
5828	0.9895
5829	0.6685
583	7.0E-4
5830	0.6685
5831	0.6685
5832	0.6935
5833	0.6935
5834	0.025
5835	0.1412
5836	0.1412
5837	0.1412
5838	0.1412
5839	0.1412
584	5.0E-4
5840	0.1412
5841	0.1412
5842	0.0163
5843	0.0163
5844	0.0014
5845	2.0E-4
5846	2.0E-4
5847	2.0E-4
5848	2.0E-4
5849	2.0E-4
585	7.0E-4
5850	2.0E-4
5851	2.0E-4
5852	2.0E-4
5853	2.0E-4
5854	2.0E-4
5855	2.0E-4
5856	2.0E-4
5857	2.0E-4
5858	3.0E-4
5859	2.0E-4
586	7.0E-4
5860	3.0E-4
5861	2.0E-4
5862	2.0E-4
5863	2.0E-4
5864	2.0E-4
5865	2.0E-4
5866	2.0E-4
5867	0.0041
5868	3.0E-4
5869	3.0E-4
587	6.0E-4
5870	3.0E-4
5871	3.0E-4
5872	3.0E-4
5873	3.0E-4
5874	3.0E-4
5875	6.0E-4
5876	3.0E-4
5877	1.0449
5878	3.0E-4
5879	3.0E-4
588	5.0E-4
5880	3.0E-4
5881	3.0E-4
5882	3.0E-4
5883	3.0E-4
5884	3.0E-4
5885	3.0E-4
5886	3.0E-4
5887	3.0E-4
5888	3.0E-4
5889	3.0E-4
589	8.0E-4
5890	3.0E-4
5891	3.0E-4
5892	0.0
5893	0.0
5894	0.0
5895	0.0
5896	0.0
5897	0.0
5898	0.0
5899	0.0
59	0.1556
590	8.0E-4
5900	0.0
5901	0.0
5902	0.0
5903	0.0
5904	0.0
5905	0.0
5906	0.0
5907	0.0
5908	0.0
5909	0.0
591	8.0E-4
5910	0.0
5911	0.0
5912	0.0
5913	0.0
5914	0.0
5915	0.0
5916	0.0
5917	0.0
5918	0.0
5919	0.0
592	8.0E-4
5920	0.0013
5921	3.0E-4
5922	0.0698
5923	0.0698
5924	0.0698
5925	0.0698
5926	0.0698
5927	0.0698
5928	0.0698
5929	0.0698
593	3.6098
5930	1.4834
5931	1.4834
5932	1.4834
5933	1.4834
5934	1.4834
5935	1.4834
5936	0.0607
5937	0.0574
5938	0.3442
5939	0.0268
594	9.0E-4
5940	0.0
5941	0.0
5942	0.0
5943	0.0
5944	0.0
5945	0.0
5946	0.0
5947	0.0
5948	0.0
5949	0.0
595	6.0E-4
5950	0.0
5951	0.0051
5952	8.0E-4
5953	8.0E-4
5954	0.0016
5955	0.1535
5956	1.0651
5957	0.0016
5958	0.0
5959	0.0
596	6.0E-4
5960	0.0
5961	0.0
5962	0.0
5963	0.0
5964	0.0
5965	0.0
5966	0.0
5967	0.0
5968	0.0
5969	0.0
597	6.0E-4
5970	0.0
5971	0.0
5972	0.0
5973	0.0
5974	0.0014
5975	0.0091
5976	0.0348
5977	0.0348
5978	0.0033
5979	0.0033
598	0.0157
5980	0.0033
5981	0.0033
5982	0.0033
5983	0.0033
5984	0.0033
5985	0.0033
5986	0.0033
5987	0.0033
5988	0.0033
5989	0.0033
599	0.0079
5990	0.0033
5991	0.0033
5992	0.0289
5993	0.0
5994	0.0
5995	0.0
5996	0.0
5997	0.0
5998	0.0
5999	0.0
6	0.0032
60	0.1466
600	5.0E-4
6000	0.0
6001	1.0E-4
6002	1.0E-4
6003	2.0E-4
6004	0.1492
6005	0.17
6006	1.0E-4
6007	1.0E-4
6008	1.0E-4
6009	1.0E-4
601	5.0E-4
6010	1.0E-4
6011	1.0E-4
6012	0.0646
602	5.0E-4
603	5.0E-4
604	5.0E-4
605	5.0E-4
606	5.0E-4
607	5.0E-4
608	5.0E-4
609	5.0E-4
61	9.2825
610	5.0E-4
611	0.0076
612	0.0104
613	0.0097
614	0.0931
615	0.0099
616	0.0101
617	0.0106
618	0.0106
619	0.0106
62	0.0207
620	0.0115
621	0.0202
622	0.01
623	0.0099
624	0.0098
625	0.03
626	0.03
627	0.0056
628	5.0E-4
629	5.0E-4
63	0.1392
630	0.0126
631	0.0019
632	0.0
633	0.0
634	0.0
635	0.0
636	0.0
637	0.0
638	0.0
639	0.0
64	0.1104
640	0.0
641	0.0
642	0.0
643	0.0
644	0.0
645	0.0
646	0.0
647	0.0
648	0.0036
649	0.0036
65	0.1193
650	0.0036
651	0.0036
652	0.0036
653	0.0036
654	0.0036
655	0.0036
656	0.0036
657	0.0036
658	0.0
659	0.0
66	0.1106
660	0.0
661	0.0
662	0.0
663	0.0
664	0.0
665	0.0
666	0.0
667	0.0067
668	0.0061
669	0.014
67	0.108
670	0.0139
671	0.0122
672	0.0122
673	0.0123
674	0.0135
675	0.0111
676	0.0112
677	0.0113
678	0.0124
679	0.0
68	0.1397
680	0.0
681	0.0
682	0.0
683	0.0
684	0.0
685	0.0
686	0.0112
687	0.0124
688	0.0124
689	0.0124
69	0.1472
690	0.0
691	0.0
692	0.0
693	0.0
694	0.0
695	0.0
696	0.0
697	0.0
698	0.0
699	0.0
7	0.019
70	0.1177
700	0.0
701	0.0
702	0.0
703	0.0
704	0.0
705	0.0
706	0.0
707	0.0
708	0.0
709	0.0097
71	0.1548
710	2.0E-4
711	1.0E-4
712	2.0E-4
713	1.0E-4
714	1.0E-4
715	1.0E-4
716	1.0E-4
717	1.0E-4
718	1.0E-4
719	1.0E-4
72	0.224
720	1.0E-4
721	1.0E-4
722	6.0E-4
723	1.0E-4
724	6.0E-4
725	1.0E-4
726	1.0E-4
727	1.0E-4
728	1.0E-4
729	1.0E-4
73	3.6225
730	1.0E-4
731	1.0E-4
732	1.0E-4
733	1.0E-4
734	1.0E-4
735	1.0E-4
736	1.0E-4
737	1.0E-4
738	1.0E-4
739	1.0E-4
74	1.2839
740	1.0E-4
741	1.0E-4
742	1.0E-4
743	1.0E-4
744	1.0E-4
745	2.0E-4
746	1.0E-4
747	1.0E-4
748	1.0E-4
749	1.0E-4
75	0.6831
750	1.0E-4
751	0.0166
752	1.0E-4
753	1.0E-4
754	1.0E-4
755	0.0088
756	0.0088
757	0.0088
758	0.0088
759	0.0088
76	0.7849
760	0.0088
761	0.0088
762	0.0088
763	0.0044
764	0.0044
765	0.0044
766	0.0048
767	0.0047
768	0.0034
769	0.0044
77	0.2254
770	0.0044
771	0.0
772	0.0042
773	0.0042
774	0.004
775	0.0043
776	0.0043
777	0.004
778	0.0028
779	0.0028
78	0.7876
780	0.0042
781	0.0042
782	2.0E-4
783	0.0034
784	0.0043
785	0.0042
786	0.0042
787	0.0042
788	0.004
789	0.004
79	0.533
790	0.004
791	0.0042
792	0.0042
793	0.0042
794	0.0042
795	0.0042
796	0.004
797	0.004
798	0.004
799	0.004
8	0.0039
80	3.1633
800	0.0034
801	0.021
802	0.0318
803	0.0304
804	0.028
805	0.028
806	0.028
807	0.028
808	0.0332
809	0.0332
81	4.5378
810	0.0288
811	0.0288
812	0.0288
813	0.0288
814	0.0288
815	0.0288
816	0.03
817	0.029
818	0.0366
819	0.0365
82	1.8328
820	0.0365
821	0.0365
822	2.8414
823	0.5486
824	0.0519
825	0.0401
826	0.105
827	0.094
828	0.5518
829	0.0035
83	1.3371
830	0.0264
831	0.0094
832	0.0094
833	0.0094
834	0.0094
835	0.0094
836	6.0E-4
837	0.0284
838	0.0169
839	0.0228
84	1.6652
840	0.0292
841	0.0178
842	0.0222
843	0.014
844	0.014
845	0.014
846	0.014
847	0.014
848	0.014
849	0.014
85	0.013
850	0.014
851	0.014
852	0.014
853	0.014
854	0.014
855	0.014
856	0.014
857	0.014
858	0.014
859	0.014
86	0.0091
860	0.014
861	0.014
862	0.014
863	0.014
864	0.014
865	0.014
866	0.014
867	0.014
868	0.014
869	0.0265
87	0.0121
870	0.0053
871	0.0053
872	0.0073
873	0.0119
874	0.011
875	0.0016
876	0.003
877	0.003
878	0.003
879	0.0026
88	0.013
880	0.0246
881	0.0024
882	0.0024
883	0.0024
884	0.0024
885	0.0024
886	0.0024
887	0.0038
888	0.0024
889	2.0E-4
89	0.0095
890	2.0E-4
891	2.0E-4
892	0.2444
893	0.3728
894	0.2444
895	0.2444
896	2.0E-4
897	2.0E-4
898	2.0E-4
899	2.0E-4
9	0.0032
90	0.0136
900	0.0
901	0.0
902	0.0
903	0.0
904	0.0
905	0.0
906	0.0
907	0.0
908	0.0
909	0.0
91	0.0136
910	0.0
911	0.0
912	0.0
913	0.0
914	0.0
915	0.0
916	0.0
917	0.0
918	0.0025
919	0.0
92	0.0232
920	0.0025
921	0.0
922	0.0
923	1.0E-4
924	0.0
925	0.0
926	0.0
927	0.0
928	0.0
929	0.0
93	0.0099
930	0.0
931	1.0E-4
932	0.0
933	0.0
934	0.0
935	0.0
936	0.0
937	0.0
938	1.0E-4
939	1.0E-4
94	1.0E-4
940	1.0E-4
941	1.0E-4
942	1.0E-4
943	0.0506
944	0.0506
945	0.0123
946	0.0124
947	0.0044
948	0.0044
949	0.0041
95	1.0E-4
950	0.0044
951	0.0044
952	0.0044
953	0.0049
954	0.0049
955	0.0049
956	0.005
957	0.009
958	0.0059
959	0.0059
96	1.0E-4
960	0.0059
961	0.0059
962	0.0059
963	0.0064
964	0.0059
965	0.0059
966	0.0059
967	0.0059
968	0.0079
969	0.0079
97	1.0E-4
970	0.0996
971	0.0059
972	0.0067
973	0.0067
974	0.0066
975	0.0066
976	0.0067
977	0.0066
978	0.0066
979	0.0117
98	1.0E-4
980	0.0053
981	0.0677
982	0.0057
983	0.0056
984	0.0057
985	0.006
986	0.0056
987	0.0047
988	0.0047
989	0.0042
99	1.0E-4
990	0.0054
991	0.0117
992	0.0075
993	0.0249
994	0.0054
995	0.4766
996	0.0049
997	0.0049
998	0.0062
999	0.0062
