1	0.4544
10	1.5922
100	0.0012
1000	0.0371
1001	0.0371
1002	0.0316
1003	0.0215
1004	0.0251
1005	0.0215
1006	0.0295
1007	0.0293
1008	0.0316
1009	0.0284
101	0.0012
1010	0.0267
1011	0.0267
1012	0.0313
1013	0.0312
1014	0.0312
1015	0.0334
1016	0.0332
1017	0.0332
1018	0.0283
1019	0.0286
102	0.1644
1020	1.0553
1021	0.7578
1022	0.0223
1023	0.0021
1024	0.0129
1025	0.0695
1026	0.0695
1027	0.0704
1028	0.0061
1029	0.0244
103	0.0012
1030	0.0314
1031	0.0292
1032	0.0211
1033	0.0314
1034	3.2675
1035	0.05
1036	0.0503
1037	0.05
1038	0.0585
1039	1.0351
104	0.0012
1040	1.0351
1041	1.0351
1042	1.0351
1043	1.0351
1044	1.0351
1045	1.0351
1046	1.0351
1047	1.0351
1048	1.0351
1049	1.0351
105	0.0012
1050	1.0351
1051	1.0351
1052	1.0351
1053	1.0351
1054	1.0351
1055	1.0351
1056	1.0351
1057	1.0351
1058	1.0351
1059	1.0351
106	4.3412
1060	1.0351
1061	1.0351
1062	1.0351
1063	1.0351
1064	1.0351
1065	1.0351
1066	0.0167
1067	0.0167
1068	0.0167
1069	0.0167
107	1.9408
1070	0.0167
1071	0.0167
1072	0.0167
1073	0.0167
1074	0.0167
1075	0.0167
1076	0.0167
1077	0.0167
1078	0.0167
1079	0.0167
108	1.1111
1080	0.0167
1081	0.0167
1082	0.0167
1083	0.0167
1084	0.0167
1085	0.0167
1086	0.0167
1087	0.0167
1088	0.0167
1089	0.0167
109	0.9105
1090	0.0167
1091	0.0167
1092	0.0167
1093	0.0167
1094	0.0167
1095	0.0167
1096	0.0167
1097	0.0072
1098	0.0077
1099	0.0077
11	0.0321
110	0.9105
1100	0.5603
1101	0.6262
1102	0.5659
1103	0.5659
1104	0.5659
1105	0.5659
1106	0.5659
1107	0.5659
1108	0.5659
1109	0.5659
111	2.6063
1110	0.5659
1111	0.5659
1112	0.5659
1113	0.5659
1114	0.5659
1115	0.5659
1116	0.5659
1117	0.5659
1118	0.5659
1119	0.5659
112	2.8536
1120	0.5659
1121	0.5659
1122	0.5659
1123	0.5659
1124	0.5659
1125	0.5659
1126	0.5659
1127	0.5659
1128	0.5659
1129	0.5659
113	1.4378
1130	0.5659
1131	0.5659
1132	0.5659
1133	0.5659
1134	0.5659
1135	0.5659
1136	0.5659
1137	0.5659
1138	0.5659
1139	0.5659
114	0.9285
1140	0.5659
1141	0.5659
1142	0.5659
1143	0.5659
1144	0.5659
1145	0.5659
1146	0.5659
1147	0.5659
1148	0.5659
1149	0.5659
115	1.583
1150	0.5659
1151	0.5659
1152	0.5659
1153	0.5659
1154	0.5659
1155	0.5659
1156	0.5659
1157	0.5659
1158	0.5659
1159	4.0E-4
116	2.132
1160	0.0015
1161	0.0066
1162	0.0013
1163	0.0013
1164	0.0015
1165	0.0013
1166	0.0015
1167	0.0015
1168	4.0E-4
1169	4.0E-4
117	1.0938
1170	2.0E-4
1171	2.0E-4
1172	2.0E-4
1173	2.0E-4
1174	2.0E-4
1175	2.0E-4
1176	2.0E-4
1177	0.0108
1178	0.0583
1179	0.0046
118	1.8754
1180	0.0046
1181	0.0027
1182	0.0027
1183	0.0027
1184	0.0027
1185	0.0027
1186	0.0027
1187	0.0083
1188	0.0084
1189	0.0084
119	5.2724
1190	0.0083
1191	0.1145
1192	0.1145
1193	0.0212
1194	0.0372
1195	0.0213
1196	0.0124
1197	0.0124
1198	0.0115
1199	0.1734
12	0.3157
120	1.9939
1200	0.0194
1201	0.0194
1202	0.0198
1203	0.0194
1204	0.0194
1205	0.0194
1206	0.0194
1207	0.0063
1208	0.0081
1209	0.0076
121	1.8276
1210	0.006
1211	0.0058
1212	0.0058
1213	0.0651
1214	0.0068
1215	0.6814
1216	0.8502
1217	0.6814
1218	0.6814
1219	0.0072
122	1.9939
1220	0.0072
1221	0.0012
1222	0.0012
1223	0.0012
1224	0.0012
1225	0.0061
1226	0.0061
1227	0.0087
1228	0.0087
1229	0.0087
123	3.9088
1230	0.0087
1231	0.0087
1232	0.0087
1233	0.0087
1234	2.0E-4
1235	2.0E-4
1236	2.0E-4
1237	2.0E-4
1238	2.0E-4
1239	2.0E-4
124	2.8622
1240	2.0E-4
1241	2.0E-4
1242	2.0E-4
1243	2.0E-4
1244	2.0E-4
1245	2.0E-4
1246	2.0E-4
1247	2.0E-4
1248	2.0E-4
1249	2.0E-4
125	2.8761
1250	2.0E-4
1251	2.0E-4
1252	5.0E-4
1253	2.0E-4
1254	5.0E-4
1255	2.0E-4
1256	2.0E-4
1257	2.0E-4
1258	2.0E-4
1259	2.0E-4
126	2.9056
1260	2.0E-4
1261	2.0E-4
1262	2.0E-4
1263	2.0E-4
1264	2.0E-4
1265	6.0E-4
1266	2.0E-4
1267	2.0E-4
1268	2.0E-4
1269	0.0111
127	0.8698
1270	0.0111
1271	0.0111
1272	0.0111
1273	0.0111
1274	0.0111
1275	0.0111
1276	0.0111
1277	0.0111
1278	0.0111
1279	0.0095
128	0.8698
1280	0.0095
1281	0.0095
1282	0.0095
1283	0.0095
1284	3.0E-4
1285	4.0E-4
1286	4.0E-4
1287	8.0E-4
1288	0.0137
1289	0.0137
129	0.8399
1290	0.0137
1291	0.0203
1292	0.011
1293	0.0646
1294	0.0646
1295	0.0096
1296	0.0096
1297	2.0E-4
1298	2.0E-4
1299	2.0E-4
13	0.0331
130	0.7983
1300	0.0055
1301	4.0E-4
1302	4.0E-4
1303	4.0E-4
1304	4.0E-4
1305	0.0051
1306	0.0051
1307	0.0051
1308	5.0E-4
1309	0.0069
131	0.6798
1310	0.0
1311	0.0012
1312	0.0031
1313	0.0042
1314	0.0042
1315	0.0042
1316	0.0042
1317	0.0042
1318	0.0042
1319	0.0042
132	10.7194
1320	0.0042
1321	0.0042
1322	0.0042
1323	0.0042
1324	0.0023
1325	0.0023
1326	0.0023
1327	0.0023
1328	0.0023
1329	0.0023
133	0.384
1330	0.0023
1331	0.0023
1332	0.0023
1333	0.0023
1334	0.0023
1335	0.0023
1336	0.0023
1337	0.0023
1338	0.0023
1339	0.0023
134	0.3458
1340	0.0028
1341	0.0024
1342	0.2795
1343	0.2795
1344	0.0026
1345	0.0041
1346	0.0018
1347	0.0018
1348	0.0018
1349	0.0018
135	0.4267
1350	0.0018
1351	0.0018
1352	0.0018
1353	0.0018
1354	0.0018
1355	0.0018
1356	0.0018
1357	0.0018
1358	0.0018
1359	0.0018
136	0.465
1360	0.0018
1361	0.0018
1362	0.084
1363	0.0377
1364	0.0377
1365	0.0027
1366	0.0025
1367	0.0026
1368	0.0026
1369	0.0026
137	0.5087
1370	7.1874
1371	0.7823
1372	0.2555
1373	0.3724
1374	0.6579
1375	0.2019
1376	0.1475
1377	0.1475
1378	0.0649
1379	12.6831
138	0.6686
1380	0.0608
1381	0.0551
1382	0.0357
1383	0.0357
1384	0.0357
1385	0.0357
1386	0.0357
1387	0.0357
1388	0.0357
1389	0.0357
139	0.1474
1390	0.0031
1391	0.002
1392	4.0E-4
1393	4.0E-4
1394	4.0E-4
1395	4.0E-4
1396	0.0044
1397	0.0044
1398	0.0738
1399	0.0044
14	1.1809
140	0.1716
1400	0.0044
1401	0.0044
1402	3.0E-4
1403	0.0022
1404	0.0021
1405	0.0021
1406	2.0E-4
1407	2.0E-4
1408	0.1653
1409	0.2094
141	0.1353
1410	0.2094
1411	0.2094
1412	0.2094
1413	0.2094
1414	0.2094
1415	0.2094
1416	0.2546
1417	0.3331
1418	0.2094
1419	0.3288
142	0.6701
1420	0.3288
1421	0.2094
1422	0.0679
1423	0.0679
1424	0.082
1425	0.107
1426	0.0716
1427	0.1182
1428	0.082
1429	0.082
143	0.7722
1430	0.0707
1431	0.0679
1432	0.0679
1433	0.1153
1434	0.1153
1435	0.1153
1436	0.1153
1437	0.1153
1438	0.0087
1439	0.0087
144	0.2187
1440	0.0026
1441	0.048
1442	0.012
1443	1.1367
1444	0.0079
1445	0.0021
1446	0.0044
1447	0.0044
1448	0.0044
1449	0.0044
145	1.2693
1450	0.0044
1451	0.0044
1452	0.0044
1453	0.0044
1454	0.0044
1455	0.0044
1456	0.0044
1457	0.0082
1458	0.004
1459	0.0084
146	0.1353
1460	0.0077
1461	0.0888
1462	0.0883
1463	0.0888
1464	0.0883
1465	0.0883
1466	0.0888
1467	1.0245
1468	0.0049
1469	0.0571
147	0.1353
1470	0.0571
1471	0.0571
1472	0.0612
1473	0.1474
1474	0.1474
1475	0.1474
1476	0.1474
1477	0.1474
1478	0.1474
1479	0.1474
148	0.9355
1480	0.1474
1481	0.1474
1482	0.1474
1483	0.0185
1484	0.0185
1485	0.0185
1486	0.0185
1487	0.1828
1488	0.0685
1489	0.1828
149	0.1826
1490	0.0685
1491	0.0707
1492	0.0707
1493	0.0797
1494	0.1245
1495	0.0177
1496	0.0177
1497	0.0177
1498	0.0177
1499	0.0797
15	0.0457
150	0.2328
1500	0.0177
1501	0.0177
1502	0.1669
1503	0.1669
1504	0.0177
1505	0.0797
1506	0.132
1507	0.3872
1508	0.0621
1509	0.0461
151	0.203
1510	0.0461
1511	0.0461
1512	0.0461
1513	0.0461
1514	0.0461
1515	0.0461
1516	0.0461
1517	0.0151
1518	0.072
1519	0.096
152	0.1222
1520	0.0215
1521	0.0215
1522	0.0215
1523	0.0215
1524	0.0215
1525	0.0215
1526	0.0215
1527	0.0366
1528	0.0366
1529	0.0316
153	0.1931
1530	0.0271
1531	0.0244
1532	0.0215
1533	0.0188
1534	4.0E-4
1535	0.0022
1536	0.0022
1537	0.0085
1538	0.8408
1539	1.6415
154	0.0041
1540	2.0479
1541	1.6363
1542	0.8408
1543	0.0084
1544	7.0E-4
1545	0.001
1546	0.001
1547	0.001
1548	0.001
1549	0.001
155	0.8964
1550	0.001
1551	0.0016
1552	0.0063
1553	0.024
1554	0.024
1555	0.024
1556	0.024
1557	0.024
1558	0.024
1559	0.024
156	0.3033
1560	0.024
1561	0.0013
1562	0.0013
1563	0.0013
1564	0.0228
1565	0.0018
1566	7.0E-4
1567	7.0E-4
1568	7.0E-4
1569	7.0E-4
157	0.9247
1570	7.0E-4
1571	7.0E-4
1572	7.0E-4
1573	7.0E-4
1574	7.0E-4
1575	7.0E-4
1576	7.0E-4
1577	7.0E-4
1578	7.0E-4
1579	7.0E-4
158	1.2298
1580	7.0E-4
1581	7.0E-4
1582	7.0E-4
1583	7.0E-4
1584	7.0E-4
1585	7.0E-4
1586	7.0E-4
1587	7.0E-4
1588	7.0E-4
1589	0.0012
159	0.9247
1590	0.001
1591	0.001
1592	0.0011
1593	0.0011
1594	0.0011
1595	0.0011
1596	0.0011
1597	0.0011
1598	0.0011
1599	0.0011
16	5.5921
160	1.0895
1600	0.0011
1601	0.0011
1602	0.0131
1603	0.0131
1604	0.0131
1605	0.0131
1606	0.0131
1607	0.0049
1608	0.14
1609	0.14
161	0.9595
1610	0.14
1611	0.14
1612	0.14
1613	0.14
1614	0.01
1615	0.01
1616	0.01
1617	0.01
1618	0.01
1619	1.0E-4
162	0.9247
1620	0.1618
1621	0.1225
1622	0.1225
1623	0.1225
1624	0.1225
1625	0.1225
1626	0.0121
1627	0.0121
1628	0.0121
1629	0.0121
163	0.8964
1630	0.0121
1631	0.0121
1632	0.0121
1633	0.0121
1634	0.0222
1635	0.0121
1636	0.0121
1637	0.0121
1638	0.0121
1639	0.0084
164	0.5292
1640	0.0111
1641	0.0111
1642	0.0104
1643	0.0103
1644	0.0111
1645	0.0138
1646	0.0111
1647	0.0111
1648	0.0084
1649	0.0084
165	0.8964
1650	0.0115
1651	0.0115
1652	0.0115
1653	0.0115
1654	0.0115
1655	0.0115
1656	0.0115
1657	0.0118
1658	0.0118
1659	0.0118
166	0.9563
1660	0.0118
1661	0.0118
1662	0.0118
1663	0.0118
1664	0.0118
1665	0.747
1666	0.9611
1667	0.747
1668	0.747
1669	0.0158
167	0.8964
1670	0.0158
1671	0.0908
1672	0.0158
1673	0.0158
1674	0.0158
1675	0.0158
1676	0.0158
1677	0.0158
1678	1.3876
1679	0.0231
168	0.664
1680	0.0392
1681	0.004
1682	0.004
1683	0.0251
1684	0.004
1685	0.004
1686	0.004
1687	0.0019
1688	0.0194
1689	0.0019
169	0.664
1690	0.0019
1691	0.0019
1692	0.0019
1693	0.0019
1694	0.0019
1695	0.0019
1696	0.0025
1697	0.0025
1698	0.0025
1699	0.0025
17	0.0397
170	0.664
1700	0.0022
1701	0.0022
1702	0.0022
1703	0.0022
1704	0.0022
1705	0.0022
1706	0.021
1707	0.0025
1708	0.0025
1709	0.0025
171	0.6665
1710	0.0025
1711	0.0025
1712	0.0025
1713	0.0025
1714	0.0025
1715	0.0025
1716	0.0025
1717	0.0025
1718	0.0025
1719	0.0025
172	0.664
1720	0.0025
1721	0.0025
1722	0.0025
1723	0.0084
1724	0.0084
1725	0.0084
1726	0.0084
1727	0.0084
1728	0.0084
1729	0.0084
173	0.6495
1730	0.0084
1731	0.0084
1732	0.0084
1733	0.0084
1734	0.0084
1735	0.0084
1736	0.0084
1737	0.0025
1738	0.0025
1739	0.0025
174	0.879
1740	0.0025
1741	0.0084
1742	0.0084
1743	0.0084
1744	0.0084
1745	0.0084
1746	0.0084
1747	0.0084
1748	0.0084
1749	0.0084
175	1.0997
1750	0.0134
1751	0.0134
1752	0.0134
1753	0.0134
1754	0.0134
1755	0.0134
1756	0.0134
1757	0.0134
1758	0.0134
1759	0.0134
176	1.241
1760	0.0735
1761	0.0893
1762	0.0893
1763	0.0893
1764	0.142
1765	0.142
1766	0.0115
1767	0.0115
1768	0.0115
1769	0.0115
177	0.9187
1770	0.0115
1771	0.0115
1772	0.0094
1773	0.0094
1774	0.0094
1775	0.0094
1776	0.0094
1777	0.0094
1778	0.0094
1779	0.0094
178	0.1836
1780	0.0094
1781	0.0094
1782	0.009
1783	0.009
1784	0.009
1785	0.009
1786	0.009
1787	0.009
1788	0.009
1789	0.0238
179	0.4102
1790	0.0238
1791	0.0109
1792	0.0109
1793	0.0109
1794	0.0109
1795	0.0109
1796	0.0109
1797	0.0109
1798	0.0122
1799	0.0122
18	1.2696
180	0.362
1800	0.0122
1801	0.0122
1802	0.0122
1803	0.0122
1804	0.0122
1805	0.0122
1806	0.0122
1807	0.0122
1808	0.0122
1809	0.0122
181	0.3646
1810	0.0122
1811	0.0122
1812	0.0122
1813	0.0122
1814	0.0122
1815	0.0159
1816	0.0159
1817	0.0148
1818	0.2071
1819	0.9714
182	0.2166
1820	0.0413
1821	0.0468
1822	0.0413
1823	0.3129
1824	0.3129
1825	0.3129
1826	0.3129
1827	0.3129
1828	0.3129
1829	0.3129
183	0.362
1830	0.3976
1831	0.5447
1832	0.3129
1833	0.5366
1834	0.5366
1835	0.3129
1836	0.5099
1837	0.2587
1838	0.6178
1839	0.5207
184	0.3705
1840	0.5207
1841	0.4738
1842	0.4559
1843	0.4559
1844	0.4559
1845	0.4559
1846	0.4559
1847	0.4559
1848	0.4559
1849	0.0827
185	0.3617
1850	0.0827
1851	0.1282
1852	0.0827
1853	0.0648
1854	0.0
1855	1.0E-4
1856	1.0E-4
1857	1.0E-4
1858	1.0E-4
1859	1.0E-4
186	0.3651
1860	0.0088
1861	0.0066
1862	0.0066
1863	0.0086
1864	1.0E-4
1865	1.0E-4
1866	1.0E-4
1867	0.0013
1868	0.0013
1869	1.0E-4
187	0.3643
1870	0.0017
1871	1.4729
1872	4.6217
1873	5.0037
1874	1.2475
1875	6.0817
1876	4.2497
1877	6.0817
1878	6.1322
1879	0.1762
188	0.3617
1880	0.1762
1881	0.1762
1882	0.1762
1883	5.1923
1884	0.7972
1885	0.7972
1886	0.7972
1887	0.7972
1888	0.7972
1889	0.7972
189	0.5162
1890	0.7972
1891	0.7972
1892	0.7972
1893	0.7972
1894	0.7972
1895	0.7972
1896	0.0
1897	0.0
1898	0.0
1899	0.0
19	2.2444
190	0.014
1900	0.0
1901	0.0
1902	0.0
1903	0.0
1904	0.0
1905	0.0
1906	0.0
1907	0.0
1908	0.0
1909	0.0
191	0.0147
1910	0.0
1911	0.0
1912	0.0
1913	0.0
1914	0.0
1915	0.0
1916	0.0
1917	0.0
1918	0.0
1919	0.0
192	0.6156
1920	0.0
1921	0.0
1922	0.0
1923	0.0
1924	0.0
1925	0.0
1926	0.0
1927	0.0
1928	0.0
1929	0.0
193	4.6023
1930	0.0
1931	0.0
1932	0.0
1933	0.0
1934	0.0
1935	0.0
1936	0.0
1937	0.0
1938	0.0
1939	0.0
194	1.2701
1940	0.0
1941	0.0
1942	0.0
1943	0.0
1944	0.0
1945	0.0
1946	0.0
1947	0.0
1948	0.0
1949	0.0
195	1.9219
1950	0.0
1951	0.0
1952	0.0
1953	0.0
1954	0.0
1955	0.0
1956	0.0
1957	0.0
1958	0.0
1959	0.0
196	1.7519
1960	0.0
1961	0.0
1962	0.0
1963	0.0
1964	0.0
1965	0.0
1966	0.0
1967	0.0
1968	0.0
1969	0.0
197	1.1909
1970	0.0
1971	0.0
1972	0.0
1973	0.0
1974	0.0
1975	0.0
1976	0.0
1977	0.0
1978	0.0
1979	0.0
198	1.5076
1980	0.0
1981	0.0
1982	0.0
1983	0.0
1984	0.0
1985	0.0
1986	0.0
1987	0.0
1988	0.0
1989	0.0
199	1.7454
1990	0.0
1991	0.0
1992	0.0
1993	0.0
1994	0.0
1995	1.0018
1996	0.0
1997	0.0
1998	0.0
1999	0.0
2	53.6633
20	3.0108
200	2.4386
2000	0.0
2001	0.0
2002	0.0
2003	0.0
2004	0.0
2005	0.0
2006	0.0
2007	0.0
2008	0.0
2009	0.0
201	3.03
2010	0.0
2011	0.0
2012	0.0
2013	0.0
2014	0.0
2015	0.0
2016	0.0
2017	0.0
2018	0.0
2019	0.0
202	3.1194
2020	0.0
2021	0.0
2022	0.0
2023	0.0
2024	0.0
2025	0.0
2026	0.0
2027	0.0
2028	0.0
2029	0.0
203	1.0457
2030	0.0
2031	0.0
2032	0.0
2033	0.0
2034	0.0
2035	0.0
2036	0.0
2037	0.0
2038	0.0
2039	0.0
204	1.3163
2040	0.0
2041	0.0
2042	0.0
2043	0.0
2044	0.0
2045	0.0
2046	0.0
2047	0.0
2048	0.0
2049	0.0
205	1.3149
2050	0.0
2051	0.0
2052	0.0
2053	0.0
2054	0.0
2055	0.0
2056	0.0
2057	0.0
2058	0.0
2059	0.0
206	0.9984
2060	0.0
2061	0.0
2062	0.0
2063	0.0
2064	0.0
2065	0.0
2066	0.0
2067	0.0
2068	0.0
2069	0.0
207	0.3085
2070	0.0
2071	0.0
2072	0.0
2073	0.0
2074	0.0
2075	0.0
2076	0.0
2077	0.0
2078	0.0
2079	0.0
208	0.3233
2080	0.2132
2081	0.0979
2082	0.2132
2083	0.0979
2084	0.1159
2085	0.1741
2086	0.0252
2087	0.0252
2088	0.0252
2089	0.0252
209	0.7524
2090	0.1159
2091	0.0252
2092	0.0252
2093	0.2051
2094	0.2051
2095	0.0252
2096	0.1159
2097	0.1405
2098	0.2943
2099	0.0907
21	2.1554
210	0.6214
2100	1.3737
2101	0.0103
2102	0.0178
2103	0.2353
2104	0.0014
2105	0.0135
2106	0.0135
2107	0.0043
2108	0.0043
2109	0.0043
211	0.3768
2110	0.0043
2111	0.0043
2112	0.0043
2113	0.0043
2114	0.0043
2115	0.0059
2116	0.0043
2117	0.0043
2118	0.0043
2119	0.0043
212	3.5498
2120	0.0043
2121	0.0043
2122	0.0043
2123	0.0043
2124	0.0043
2125	0.1694
2126	0.1694
2127	0.2608
2128	0.7125
2129	0.2608
213	3.3444
2130	0.2608
2131	0.2608
2132	0.0932
2133	0.0932
2134	0.0932
2135	0.0932
2136	0.0932
2137	0.3313
2138	0.3313
2139	0.3873
214	3.3968
2140	0.3313
2141	0.3313
2142	0.3313
2143	0.3313
2144	1.0303
2145	1.1818
2146	1.0025
2147	1.0025
2148	1.0303
2149	0.0016
215	3.348
2150	0.0016
2151	0.0016
2152	0.0016
2153	0.0016
2154	0.0016
2155	0.0016
2156	0.0016
2157	0.0016
2158	0.0016
2159	0.004
216	3.3338
2160	0.004
2161	0.004
2162	0.004
2163	0.004
2164	0.004
2165	0.004
2166	0.004
2167	0.0018
2168	0.0018
2169	0.0018
217	4.792
2170	0.0018
2171	0.2818
2172	3.437
2173	0.0018
2174	0.0018
2175	0.0018
2176	0.0018
2177	0.0018
2178	0.0018
2179	0.0018
218	2.1177
2180	0.0017
2181	0.0017
2182	0.0017
2183	0.0017
2184	0.0017
2185	0.0017
2186	0.0017
2187	0.0017
2188	0.0017
2189	0.0017
219	0.4926
2190	0.0017
2191	0.0017
2192	0.0017
2193	1.0494
2194	1.0276
2195	1.0276
2196	1.0494
2197	1.0494
2198	0.9843
2199	0.7048
22	0.0321
220	0.5162
2200	0.7048
2201	0.7048
2202	0.7048
2203	0.7048
2204	0.7048
2205	0.7048
2206	0.7048
2207	0.7048
2208	0.7048
2209	0.0881
221	0.2958
2210	0.0029
2211	0.0106
2212	0.026
2213	0.0087
2214	0.0052
2215	0.0075
2216	0.0029
2217	0.0029
2218	0.0033
2219	0.0091
222	0.2958
2220	0.0033
2221	0.0071
2222	0.0148
2223	0.0033
2224	0.0033
2225	0.0058
2226	0.0058
2227	0.0058
2228	0.0058
2229	0.0115
223	0.0127
2230	0.0077
2231	0.0038
2232	0.0038
2233	0.0038
2234	0.0038
2235	0.0077
2236	0.0192
2237	0.0077
2238	0.0115
2239	0.0115
224	2.112
2240	0.0115
2241	0.0077
2242	0.0077
2243	0.0077
2244	0.0115
2245	0.0115
2246	0.0058
2247	0.0058
2248	0.0058
2249	0.0081
225	0.1779
2250	0.0023
2251	0.0023
2252	0.0023
2253	0.0023
2254	0.0023
2255	0.0023
2256	0.0023
2257	0.0023
2258	0.0173
2259	0.0058
226	0.1887
2260	0.0077
2261	0.0115
2262	0.0077
2263	0.0115
2264	0.0046
2265	0.0046
2266	0.0046
2267	0.0085
2268	0.0173
2269	0.0038
227	0.1671
2270	0.0046
2271	0.0046
2272	0.0046
2273	0.0046
2274	0.0046
2275	0.0115
2276	0.0115
2277	0.0115
2278	0.0115
2279	0.0077
228	0.1779
2280	0.0077
2281	0.0115
2282	0.0192
2283	0.0269
2284	0.0077
2285	0.0046
2286	0.0046
2287	0.0046
2288	0.0046
2289	0.0046
229	0.2538
2290	0.0231
2291	0.0058
2292	0.0058
2293	0.0058
2294	0.0115
2295	0.0115
2296	0.0115
2297	0.0115
2298	0.0029
2299	0.0029
23	0.1674
230	0.1779
2300	0.0029
2301	0.0029
2302	0.0029
2303	0.0029
2304	0.0029
2305	0.0029
2306	0.0013
2307	0.0013
2308	0.0013
2309	0.0013
231	0.4986
2310	4.0E-4
2311	4.0E-4
2312	4.0E-4
2313	4.0E-4
2314	4.0E-4
2315	4.0E-4
2316	4.0E-4
2317	4.0E-4
2318	4.0E-4
2319	4.0E-4
232	0.3808
2320	4.0E-4
2321	4.0E-4
2322	4.0E-4
2323	4.0E-4
2324	4.0E-4
2325	4.0E-4
2326	4.0E-4
2327	4.0E-4
2328	7.0E-4
2329	4.0E-4
233	0.3808
2330	7.0E-4
2331	4.0E-4
2332	4.0E-4
2333	4.0E-4
2334	4.0E-4
2335	4.0E-4
2336	4.0E-4
2337	8.0E-4
2338	4.0E-4
2339	4.0E-4
234	0.3808
2340	4.0E-4
2341	4.0E-4
2342	4.0E-4
2343	4.0E-4
2344	8.0E-4
2345	2.0E-4
2346	2.0E-4
2347	2.0E-4
2348	5.0E-4
2349	5.0E-4
235	0.6701
2350	5.0E-4
2351	5.0E-4
2352	6.0E-4
2353	1.0E-4
2354	0.0069
2355	0.0013
2356	0.0013
2357	0.0013
2358	0.0013
2359	5.0E-4
236	0.7071
2360	4.0E-4
2361	4.0E-4
2362	0.187
2363	0.1688
2364	3.0E-4
2365	0.0016
2366	0.0016
2367	1.0E-4
2368	1.0E-4
2369	1.0E-4
237	0.3808
2370	0.0073
2371	0.0073
2372	5.0E-4
2373	5.0E-4
2374	5.0E-4
2375	5.0E-4
2376	5.0E-4
2377	0.0026
2378	0.0018
2379	0.0018
238	0.3808
2380	0.0018
2381	0.0018
2382	0.0018
2383	0.0018
2384	0.0018
2385	0.0023
2386	7.0E-4
2387	7.0E-4
2388	7.0E-4
2389	7.0E-4
239	0.3808
2390	7.0E-4
2391	7.0E-4
2392	7.0E-4
2393	7.0E-4
2394	7.0E-4
2395	7.0E-4
2396	7.0E-4
2397	7.0E-4
2398	7.0E-4
2399	7.0E-4
24	0.0483
240	0.9153
2400	7.0E-4
2401	7.0E-4
2402	0.1503
2403	9.0E-4
2404	9.0E-4
2405	9.0E-4
2406	9.0E-4
2407	9.0E-4
2408	9.0E-4
2409	9.0E-4
241	0.3975
2410	9.0E-4
2411	9.0E-4
2412	9.0E-4
2413	9.0E-4
2414	9.0E-4
2415	9.0E-4
2416	9.0E-4
2417	0.0042
2418	0.0042
2419	0.0042
242	0.6678
2420	0.0018
2421	0.0018
2422	0.0018
2423	0.0018
2424	0.0018
2425	0.0018
2426	0.0018
2427	5.0E-4
2428	5.0E-4
2429	5.0E-4
243	0.3808
2430	5.0E-4
2431	5.0E-4
2432	5.0E-4
2433	5.0E-4
2434	5.0E-4
2435	5.0E-4
2436	5.0E-4
2437	5.0E-4
2438	5.0E-4
2439	5.0E-4
244	0.5704
2440	5.0E-4
2441	4.0E-4
2442	4.0E-4
2443	4.0E-4
2444	4.0E-4
2445	4.0E-4
2446	4.0E-4
2447	4.0E-4
2448	4.0E-4
2449	4.0E-4
245	0.5704
2450	4.0E-4
2451	4.0E-4
2452	0.0699
2453	0.0424
2454	0.0424
2455	0.0177
2456	0.0424
2457	0.0451
2458	0.0424
2459	0.0177
246	0.5493
2460	0.0088
2461	0.0088
2462	0.0088
2463	0.0088
2464	0.0088
2465	0.0088
2466	0.0088
2467	0.0088
2468	0.0088
2469	0.0088
247	0.3808
2470	0.0088
2471	0.0088
2472	0.0088
2473	0.0088
2474	0.0088
2475	0.0088
2476	0.0088
2477	0.0088
2478	0.0088
2479	0.0088
248	2.9189
2480	0.0088
2481	0.0088
2482	0.0495
2483	0.0275
2484	0.0275
2485	0.1276
2486	0.1276
2487	0.0103
2488	0.0103
2489	0.0103
249	1.4133
2490	0.0103
2491	0.0103
2492	0.0103
2493	0.0103
2494	0.0103
2495	0.0103
2496	0.0103
2497	0.0103
2498	0.0103
2499	0.0103
25	0.0321
250	0.5348
2500	0.0103
2501	0.0103
2502	0.0103
2503	0.0103
2504	0.0103
2505	0.0103
2506	0.0103
2507	0.0103
2508	0.0103
2509	0.0103
251	0.5534
2510	0.0471
2511	0.0362
2512	0.0362
2513	0.0362
2514	0.0362
2515	0.0109
2516	0.0109
2517	0.0109
2518	0.0114
2519	0.0114
252	0.9991
2520	0.0114
2521	0.0114
2522	0.0114
2523	0.0114
2524	0.0351
2525	0.0114
2526	0.0114
2527	0.0114
2528	0.0114
2529	0.0114
253	0.3994
2530	0.0114
2531	0.0114
2532	0.0118
2533	0.0118
2534	0.0118
2535	0.0047
2536	0.4596
2537	0.8625
2538	0.8625
2539	0.4596
254	0.5666
2540	0.0039
2541	0.0039
2542	0.0039
2543	0.0039
2544	0.0017
2545	0.0017
2546	0.0028
2547	0.0034
2548	0.0034
2549	0.0034
255	0.6973
2550	0.0034
2551	1.0167
2552	1.0167
2553	1.0167
2554	1.0167
2555	9.0E-4
2556	9.0E-4
2557	9.0E-4
2558	9.0E-4
2559	9.0E-4
256	0.6435
2560	9.0E-4
2561	9.0E-4
2562	9.0E-4
2563	0.0409
2564	0.0064
2565	0.0064
2566	0.0064
2567	0.0064
2568	0.0064
2569	0.0019
257	0.7903
2570	0.0019
2571	0.0019
2572	0.0019
2573	0.0019
2574	0.0019
2575	0.0019
2576	0.0019
2577	0.0019
2578	0.0019
2579	0.0019
258	1.6411
2580	0.0019
2581	0.0019
2582	0.0019
2583	0.0019
2584	0.0019
2585	0.0019
2586	0.0159
2587	0.0159
2588	0.2512
2589	0.0447
259	1.6411
2590	0.0447
2591	0.0447
2592	0.0349
2593	0.0349
2594	0.0349
2595	0.0349
2596	0.0349
2597	0.0349
2598	0.1906
2599	0.0101
26	2.037
260	1.6411
2600	0.0101
2601	0.0101
2602	0.0101
2603	0.0101
2604	0.005
2605	0.005
2606	0.005
2607	0.005
2608	0.005
2609	0.005
261	0.2044
2610	0.0044
2611	0.0044
2612	0.0044
2613	0.0044
2614	0.0044
2615	0.0025
2616	0.0025
2617	0.0027
2618	0.0025
2619	0.0027
262	0.2696
2620	0.0025
2621	0.0025
2622	0.0025
2623	0.0025
2624	0.0029
2625	0.0029
2626	0.0029
2627	0.0029
2628	0.0029
2629	0.0029
263	0.2078
2630	4.0E-4
2631	4.0E-4
2632	4.0E-4
2633	4.0E-4
2634	4.0E-4
2635	4.0E-4
2636	4.0E-4
2637	4.0E-4
2638	4.0E-4
2639	4.0E-4
264	0.253
2640	4.0E-4
2641	4.0E-4
2642	4.0E-4
2643	3.0E-4
2644	3.0E-4
2645	3.0E-4
2646	3.0E-4
2647	3.0E-4
2648	3.0E-4
2649	3.0E-4
265	0.2124
2650	0.0038
2651	0.0038
2652	0.0038
2653	0.0038
2654	0.0038
2655	0.0038
2656	0.0038
2657	0.0038
2658	0.0038
2659	0.0038
266	0.2102
2660	0.0038
2661	0.0038
2662	0.0038
2663	0.0303
2664	0.0176
2665	0.0176
2666	0.0176
2667	0.0105
2668	0.0105
2669	0.0105
267	0.2497
2670	0.0105
2671	1.0717
2672	1.0717
2673	1.0717
2674	1.0717
2675	1.0717
2676	0.0346
2677	0.0012
2678	0.004
2679	0.004
268	0.2384
2680	0.0067
2681	0.0035
2682	0.0035
2683	0.0035
2684	0.0035
2685	5.0E-4
2686	5.0E-4
2687	5.0E-4
2688	5.0E-4
2689	5.0E-4
269	0.2078
2690	5.0E-4
2691	5.0E-4
2692	5.0E-4
2693	5.0E-4
2694	5.0E-4
2695	5.0E-4
2696	5.0E-4
2697	5.0E-4
2698	5.0E-4
2699	5.0E-4
27	23.0119
270	0.2384
2700	5.0E-4
2701	5.0E-4
2702	5.0E-4
2703	8.0E-4
2704	5.0E-4
2705	8.0E-4
2706	5.0E-4
2707	5.0E-4
2708	5.0E-4
2709	5.0E-4
271	0.1934
2710	0.0017
2711	5.0E-4
2712	5.0E-4
2713	5.0E-4
2714	9.0E-4
2715	0.001
2716	0.001
2717	0.0019
2718	8.0E-4
2719	8.0E-4
272	0.2616
2720	8.0E-4
2721	0.0012
2722	0.0012
2723	0.0012
2724	0.0012
2725	0.0015
2726	0.0035
2727	0.0116
2728	0.0014
2729	0.0014
273	0.2098
2730	0.0014
2731	0.0014
2732	0.0015
2733	0.0014
2734	0.0014
2735	0.2142
2736	0.0037
2737	0.0012
2738	0.0012
2739	0.0012
274	0.2022
2740	0.0012
2741	0.0012
2742	0.0012
2743	0.0012
2744	0.0012
2745	0.0012
2746	0.0012
2747	0.0012
2748	0.0037
2749	0.0042
275	0.24
2750	0.0294
2751	0.0294
2752	0.0333
2753	0.0697
2754	0.5
2755	0.5
2756	0.5
2757	1.0
2758	1.0
2759	1.0
276	0.2568
2760	1.0
2761	1.0
2762	1.0
2763	0.0016
2764	0.0016
2765	0.0016
2766	0.0016
2767	0.0016
2768	0.0016
2769	0.0016
277	0.2135
2770	0.0016
2771	0.798
2772	0.798
2773	0.798
2774	0.798
2775	0.798
2776	0.798
2777	0.798
2778	0.798
2779	0.798
278	0.2734
2780	0.798
2781	0.798
2782	0.798
2783	0.0022
2784	0.0158
2785	0.0158
2786	0.0818
2787	0.3607
2788	0.3607
2789	0.0069
279	0.2093
2790	0.0069
2791	0.0069
2792	0.0069
2793	0.0069
2794	0.008
2795	0.008
2796	0.009
2797	0.0117
2798	0.1522
2799	0.0083
28	19.9188
280	3.0125
2800	0.0083
2801	0.0083
2802	0.0083
2803	0.0083
2804	0.0083
2805	0.0083
2806	0.0083
2807	0.0083
2808	0.0083
2809	0.0083
281	0.2098
2810	0.0083
2811	0.0083
2812	0.0083
2813	0.0083
2814	0.0083
2815	0.0083
2816	0.0083
2817	0.0083
2818	0.0083
2819	0.0083
282	0.2221
2820	0.0083
2821	0.0083
2822	0.0083
2823	0.0083
2824	0.0083
2825	0.0083
2826	0.0083
2827	0.0083
2828	0.0083
2829	0.0083
283	0.2102
2830	0.0083
2831	0.0083
2832	0.0083
2833	0.0083
2834	0.0083
2835	0.0083
2836	0.0083
2837	0.0083
2838	0.0083
2839	0.0083
284	0.2128
2840	0.0083
2841	0.0083
2842	0.0083
2843	0.0083
2844	0.0083
2845	0.0083
2846	0.0083
2847	0.0083
2848	0.0083
2849	0.0083
285	0.2154
2850	0.0083
2851	0.0083
2852	0.0083
2853	0.0083
2854	0.0083
2855	0.0083
2856	0.0083
2857	0.0083
2858	0.0083
2859	0.0083
286	0.2078
2860	0.0083
2861	0.0083
2862	0.0083
2863	0.0083
2864	0.0083
2865	0.0083
2866	0.0083
2867	0.0083
2868	0.0083
2869	0.0083
287	0.2078
2870	0.0083
2871	0.0083
2872	0.0083
2873	0.0083
2874	0.0083
2875	0.0083
2876	0.0083
2877	0.0083
2878	0.0083
2879	0.0083
288	0.2142
2880	0.0083
2881	0.0083
2882	0.0083
2883	0.0083
2884	0.0083
2885	0.0083
2886	0.0083
2887	0.0083
2888	0.0083
2889	0.0083
289	0.2102
2890	0.0083
2891	0.0083
2892	0.0083
2893	0.0083
2894	0.0083
2895	0.0083
2896	0.0083
2897	0.0083
2898	0.0083
2899	0.0083
29	16.3062
290	0.2115
2900	0.0083
2901	0.0083
2902	0.0083
2903	0.0083
2904	0.0083
2905	0.0083
2906	0.0083
2907	0.0083
2908	0.0083
2909	0.0083
291	0.2577
2910	0.0083
2911	0.0083
2912	0.0083
2913	0.0083
2914	0.0083
2915	0.0083
2916	0.0083
2917	0.0083
2918	0.0083
2919	0.0083
292	0.2165
2920	0.0083
2921	0.0083
2922	0.0083
2923	0.0083
2924	0.0083
2925	0.0083
2926	0.0083
2927	0.0083
2928	0.0083
2929	0.0083
293	0.2117
2930	0.0083
2931	0.0083
2932	0.0083
2933	0.0083
2934	0.0083
2935	0.0083
2936	0.0083
2937	0.0083
2938	0.0083
2939	0.0083
294	0.3244
2940	0.0083
2941	0.0083
2942	0.0083
2943	0.0083
2944	0.0083
2945	0.0083
2946	0.0083
2947	0.0083
2948	0.0083
2949	0.0083
295	0.3253
2950	0.0083
2951	0.0083
2952	0.0083
2953	0.0083
2954	0.0083
2955	0.0083
2956	0.0083
2957	0.0083
2958	0.0083
2959	0.0083
296	0.3234
2960	0.0083
2961	0.0083
2962	0.0083
2963	0.0083
2964	0.0083
2965	0.0083
2966	0.0083
2967	0.0083
2968	0.0083
2969	0.0083
297	0.3361
2970	0.0083
2971	0.0083
2972	0.0083
2973	0.0083
2974	0.0083
2975	0.0083
2976	0.0083
2977	0.0083
2978	0.0083
2979	0.0083
298	0.3372
2980	0.0083
2981	0.0083
2982	0.0083
2983	0.0774
2984	0.0054
2985	0.0054
2986	0.0054
2987	0.0054
2988	0.0054
2989	0.0054
299	0.3234
2990	0.131
2991	0.0795
2992	0.0795
2993	0.0795
2994	0.0331
2995	0.0795
2996	0.0846
2997	0.0795
2998	0.0331
2999	0.016
3	0.0435
30	5.2766
300	0.7764
3000	0.016
3001	0.016
3002	0.016
3003	0.016
3004	0.016
3005	0.016
3006	0.016
3007	0.016
3008	0.016
3009	0.016
301	0.3234
3010	0.016
3011	0.016
3012	0.016
3013	0.016
3014	0.016
3015	0.016
3016	0.016
3017	0.016
3018	0.016
3019	0.016
302	0.6306
3020	0.016
3021	0.016
3022	0.016
3023	0.016
3024	0.016
3025	0.016
3026	0.0927
3027	0.0927
3028	0.0515
3029	0.0515
303	1.4058
3030	0.1896
3031	0.1896
3032	0.0193
3033	0.0193
3034	0.0193
3035	0.0193
3036	0.0193
3037	0.0193
3038	0.0193
3039	0.0193
304	0.0167
3040	0.0193
3041	0.0193
3042	0.0193
3043	0.0193
3044	0.0193
3045	0.0193
3046	0.0193
3047	0.0193
3048	0.0193
3049	0.0193
305	0.0811
3050	0.0193
3051	0.0193
3052	0.0193
3053	0.0193
3054	0.0193
3055	0.1834
3056	0.0691
3057	0.1834
3058	0.0691
3059	0.0179
306	0.1521
3060	0.0179
3061	0.0179
3062	0.0179
3063	0.0179
3064	0.0179
3065	0.1684
3066	0.1684
3067	0.0179
3068	0.1322
3069	0.0455
307	0.0988
3070	0.0455
3071	0.0455
3072	0.0363
3073	0.0363
3074	0.0363
3075	0.0363
3076	0.0363
3077	0.0363
3078	0.0019
3079	0.0019
308	0.0171
3080	0.0019
3081	0.0019
3082	0.0019
3083	0.0019
3084	0.0019
3085	0.0019
3086	0.0019
3087	0.0019
3088	1.1056
3089	4.5329
309	1.0527
3090	0.3318
3091	0.3318
3092	0.3318
3093	0.3318
3094	0.3929
3095	0.7666
3096	0.3318
3097	0.3501
3098	0.6481
3099	0.6114
31	3.1166
310	0.7292
3100	0.6114
3101	0.6114
3102	0.4227
3103	0.4227
3104	0.4594
3105	0.6114
3106	0.6114
3107	0.6212
3108	0.6114
3109	0.788
311	0.7315
3110	0.6114
3111	2.3303
3112	0.6562
3113	0.5646
3114	0.1098
3115	0.1228
3116	0.1098
3117	1.1098
3118	0.1098
3119	0.6034
312	0.7557
3120	0.2577
3121	0.0027
3122	6.0E-4
3123	9.0E-4
3124	6.0E-4
3125	0.0192
3126	0.0015
3127	0.0015
3128	0.0018
3129	1.0063
313	0.7292
3130	0.0583
3131	0.0583
3132	0.0583
3133	0.0457
3134	0.0457
3135	0.0457
3136	0.0457
3137	0.0457
3138	0.0457
3139	0.2103
314	0.7292
3140	0.7987
3141	0.7987
3142	0.7987
3143	0.7987
3144	0.7987
3145	0.7987
3146	0.7987
3147	0.7987
3148	0.7987
3149	0.7987
315	0.7292
3150	0.7987
3151	0.7987
3152	0.0092
3153	0.0031
3154	0.0031
3155	0.0031
3156	0.6532
3157	0.0871
3158	0.0222
3159	0.1992
316	0.7292
3160	0.0222
3161	0.1249
3162	0.0222
3163	2.0133
3164	2.1084
3165	0.0222
3166	0.0222
3167	0.0963
3168	0.0963
3169	0.0472
317	0.7292
3170	0.1733
3171	0.1916
3172	0.1916
3173	0.1733
3174	0.0019
3175	0.0019
3176	0.0019
3177	0.28
3178	0.28
3179	0.28
318	0.7292
3180	0.3656
3181	1.4988
3182	2.0574
3183	0.5368
3184	1.4832
3185	0.28
3186	2.6891
3187	0.5416
3188	2.0572
3189	1.542
319	0.7292
3190	1.542
3191	0.3429
3192	0.28
3193	0.28
3194	0.28
3195	0.28
3196	0.3055
3197	3.0E-4
3198	0.0016
3199	0.0016
32	5.0795
320	0.8967
3200	3.0E-4
3201	3.0E-4
3202	3.0E-4
3203	0.0015
3204	0.0015
3205	0.0015
3206	0.0015
3207	0.0015
3208	5.0E-4
3209	5.0E-4
321	0.0724
3210	5.0E-4
3211	5.0E-4
3212	5.0E-4
3213	4.0E-4
3214	4.0E-4
3215	4.0E-4
3216	4.0E-4
3217	5.0E-4
3218	4.0E-4
3219	0.0032
322	0.0729
3220	8.7972
3221	6.8558
3222	2.3211
3223	4.914
3224	7.5032
3225	3.8346
3226	6.2087
3227	11.6017
3228	5.5615
3229	3.4025
323	0.0729
3230	0.0052
3231	0.002
3232	0.002
3233	0.0694
3234	0.0694
3235	0.0694
3236	0.0178
3237	0.0178
3238	0.322
3239	0.2275
324	0.0553
3240	0.2275
3241	0.019
3242	0.019
3243	0.019
3244	0.019
3245	0.019
3246	0.019
3247	0.019
3248	0.019
3249	0.019
325	0.0555
3250	0.019
3251	0.019
3252	0.019
3253	0.019
3254	0.019
3255	0.019
3256	0.019
3257	0.019
3258	0.019
3259	0.019
326	0.0555
3260	0.019
3261	0.019
3262	0.019
3263	0.019
3264	0.019
3265	0.019
3266	0.019
3267	0.002
3268	4.0E-4
3269	4.0E-4
327	0.0555
3270	4.0E-4
3271	2.0E-4
3272	2.0E-4
3273	2.0E-4
3274	3.4658
3275	2.0E-4
3276	0.1127
3277	0.1127
3278	0.1127
3279	1.0E-4
328	0.0555
3280	1.0E-4
3281	1.0E-4
3282	1.0E-4
3283	1.0E-4
3284	1.0E-4
3285	1.0E-4
3286	1.0E-4
3287	1.0E-4
3288	1.0E-4
3289	1.0E-4
329	0.0555
3290	1.0E-4
3291	1.0E-4
3292	1.0E-4
3293	1.0E-4
3294	1.0E-4
3295	1.0E-4
3296	1.0E-4
3297	1.0E-4
3298	1.0E-4
3299	0.0011
33	6.9723
330	0.0555
3300	0.0318
3301	0.0318
3302	0.0318
3303	0.0106
3304	0.0106
3305	0.0106
3306	0.0106
3307	0.0106
3308	0.0106
3309	0.0106
331	0.1208
3310	0.0106
3311	0.0106
3312	0.0106
3313	0.0076
3314	0.0076
3315	0.0076
3316	0.0076
3317	0.0076
3318	0.0076
3319	0.0088
332	0.1789
3320	0.0088
3321	0.0089
3322	0.0351
3323	0.0351
3324	0.0351
3325	0.0351
3326	0.0351
3327	0.0351
3328	0.0351
3329	0.0011
333	0.0145
3330	0.0011
3331	0.0011
3332	0.0011
3333	0.0011
3334	0.0011
3335	0.0011
3336	0.0011
3337	0.0011
3338	0.0015
3339	0.0031
334	0.2355
3340	0.0028
3341	7.0E-4
3342	7.0E-4
3343	7.0E-4
3344	7.0E-4
3345	7.0E-4
3346	7.0E-4
3347	7.0E-4
3348	7.0E-4
3349	7.0E-4
335	0.2355
3350	7.0E-4
3351	0.0018
3352	0.0018
3353	0.0018
3354	0.0018
3355	0.0018
3356	0.0054
3357	1.0E-4
3358	1.0E-4
3359	1.0E-4
336	0.2355
3360	1.0E-4
3361	1.0E-4
3362	0.0
3363	0.0
3364	0.0
3365	4.0E-4
3366	4.0E-4
3367	4.0E-4
3368	4.0E-4
3369	4.0E-4
337	1.2789
3370	4.0E-4
3371	4.0E-4
3372	4.0E-4
3373	4.0E-4
3374	4.0E-4
3375	4.0E-4
3376	4.0E-4
3377	4.0E-4
3378	4.0E-4
3379	4.0E-4
338	1.2789
3380	4.0E-4
3381	4.0E-4
3382	4.0E-4
3383	4.0E-4
3384	4.0E-4
3385	4.0E-4
3386	4.0E-4
3387	4.0E-4
3388	4.0E-4
3389	4.0E-4
339	1.2789
3390	4.0E-4
3391	4.0E-4
3392	0.0013
3393	4.0E-4
3394	4.0E-4
3395	4.0E-4
3396	4.0E-4
3397	4.0E-4
3398	4.0E-4
3399	4.0E-4
34	3.5351
340	0.1779
3400	0.0013
3401	4.0E-4
3402	4.0E-4
3403	4.0E-4
3404	4.0E-4
3405	4.0E-4
3406	4.0E-4
3407	4.0E-4
3408	4.0E-4
3409	4.0E-4
341	0.225
3410	4.0E-4
3411	4.0E-4
3412	4.0E-4
3413	4.0E-4
3414	4.0E-4
3415	4.0E-4
3416	4.0E-4
3417	4.0E-4
3418	4.0E-4
3419	4.0E-4
342	0.0127
3420	4.0E-4
3421	4.0E-4
3422	4.0E-4
3423	4.0E-4
3424	4.0E-4
3425	4.0E-4
3426	4.0E-4
3427	4.0E-4
3428	4.0E-4
3429	4.0E-4
343	0.0127
3430	4.0E-4
3431	4.0E-4
3432	4.0E-4
3433	4.0E-4
3434	4.0E-4
3435	4.0E-4
3436	4.0E-4
3437	4.0E-4
3438	4.0E-4
3439	4.0E-4
344	0.3932
3440	4.0E-4
3441	4.0E-4
3442	4.0E-4
3443	4.0E-4
3444	4.0E-4
3445	4.0E-4
3446	4.0E-4
3447	4.0E-4
3448	4.0E-4
3449	4.0E-4
345	0.0015
3450	4.0E-4
3451	4.0E-4
3452	4.0E-4
3453	4.0E-4
3454	4.0E-4
3455	4.0E-4
3456	4.0E-4
3457	4.0E-4
3458	4.0E-4
3459	4.0E-4
346	0.0029
3460	4.0E-4
3461	4.0E-4
3462	4.0E-4
3463	4.0E-4
3464	4.0E-4
3465	4.0E-4
3466	4.0E-4
3467	4.0E-4
3468	4.0E-4
3469	4.0E-4
347	0.0029
3470	4.0E-4
3471	0.0084
3472	0.0084
3473	0.0084
3474	0.0084
3475	0.0084
3476	0.0084
3477	0.0084
3478	0.0084
3479	1.0642
348	0.0042
3480	1.0642
3481	1.0642
3482	1.0642
3483	1.0642
3484	1.0642
3485	1.0642
3486	1.0642
3487	1.0642
3488	1.0642
3489	3.0E-4
349	0.0029
3490	0.0016
3491	0.0016
3492	1.0E-4
3493	1.0E-4
3494	1.0E-4
3495	5.0E-4
3496	5.0E-4
3497	5.0E-4
3498	5.0E-4
3499	5.0E-4
35	3.4771
350	0.0024
3500	4.0E-4
3501	4.0E-4
3502	4.0E-4
3503	4.0E-4
3504	4.0E-4
3505	3.0E-4
3506	3.0E-4
3507	3.0E-4
3508	3.0E-4
3509	4.0E-4
351	0.0025
3510	3.0E-4
3511	0.0688
3512	0.2575
3513	0.0029
3514	1.0063
3515	0.0435
3516	0.0435
3517	0.0247
3518	0.0247
3519	0.0247
352	0.0015
3520	0.008
3521	0.0022
3522	0.008
3523	0.0022
3524	0.0022
3525	0.0022
3526	0.0022
3527	0.0022
3528	0.0022
3529	0.0022
353	0.0015
3530	0.0022
3531	0.0022
3532	0.0104
3533	0.0022
3534	0.0104
3535	0.0022
3536	0.0022
3537	0.0022
3538	0.0022
3539	0.0022
354	0.0015
3540	0.0022
3541	0.0022
3542	0.0022
3543	0.0022
3544	0.0022
3545	0.0022
3546	0.0022
3547	0.0022
3548	0.0022
3549	0.0022
355	0.0015
3550	0.0022
3551	0.0022
3552	0.0022
3553	0.0022
3554	0.0022
3555	0.008
3556	0.0022
3557	0.0022
3558	0.0022
3559	0.0022
356	2.9102
3560	0.0022
3561	0.0022
3562	0.0022
3563	0.0022
3564	0.0082
3565	0.0082
3566	0.0082
3567	0.0082
3568	0.0082
3569	0.0082
357	2.7212
3570	0.0082
3571	0.0082
3572	0.0082
3573	0.0082
3574	0.0059
3575	0.0059
3576	0.0059
3577	0.0059
3578	0.0059
3579	0.0059
358	0.7412
3580	0.0066
3581	0.0066
3582	0.0067
3583	0.1923
3584	1.9652
3585	2.247
3586	2.9504
3587	2.247
3588	0.0546
3589	0.0546
359	0.9146
3590	0.2867
3591	0.0988
3592	0.0988
3593	0.0988
3594	0.1073
3595	0.1073
3596	0.1073
3597	0.0608
3598	0.1073
3599	0.1073
36	7.3306
360	0.7412
3600	0.6872
3601	0.0704
3602	0.5065
3603	0.0925
3604	0.155
3605	0.3236
3606	0.3236
3607	0.0241
3608	0.0411
3609	0.0241
361	0.7412
3610	0.0411
3611	0.0299
3612	0.0299
3613	0.4459
3614	0.0411
3615	0.1742
3616	0.2251
3617	0.0405
3618	0.0405
3619	0.0405
362	1.2187
3620	0.0405
3621	0.0405
3622	0.0405
3623	0.0405
3624	0.0913
3625	0.0405
3626	0.1037
3627	0.0509
3628	0.0509
3629	0.0509
363	0.0908
3630	0.0509
3631	0.0509
3632	0.0509
3633	0.0509
3634	0.0647
3635	0.0647
3636	0.0647
3637	0.048
3638	0.0244
3639	0.0244
364	0.0908
3640	0.0244
3641	0.0244
3642	0.0244
3643	2.0108
3644	2.0108
3645	1.8855
3646	1.8855
3647	1.8855
3648	1.8855
3649	0.0953
365	0.1379
3650	0.0953
3651	0.0953
3652	0.0953
3653	0.0953
3654	0.0953
3655	0.0953
3656	0.0953
3657	0.0953
3658	0.0953
3659	0.0156
366	0.0908
3660	0.0096
3661	0.0096
3662	0.0096
3663	0.0096
3664	0.8673
3665	0.0
3666	0.0
3667	0.0
3668	0.0
3669	0.0
367	0.0908
3670	0.0
3671	0.0
3672	0.0
3673	0.0
3674	0.0
3675	0.0
3676	0.0
3677	0.0
3678	0.0
3679	0.0
368	0.0908
3680	0.0
3681	0.0
3682	0.0
3683	0.0
3684	0.0
3685	0.0
3686	0.0
3687	0.0
3688	0.0
3689	0.0
369	1.4468
3690	0.0
3691	0.0
3692	0.0
3693	0.0
3694	0.0
3695	0.0
3696	0.0
3697	0.0
3698	0.0
3699	0.0
37	33.4538
370	0.0012
3700	0.0012
3701	0.0036
3702	0.2574
3703	0.0111
3704	0.1775
3705	0.5702
3706	0.3212
3707	0.1723
3708	0.1723
3709	0.0974
371	0.0594
3710	0.0873
3711	0.1723
3712	0.0882
3713	0.1192
3714	0.1192
3715	0.1192
3716	0.0739
3717	0.0739
3718	0.1252
3719	0.1193
372	0.0021
3720	0.1572
3721	0.0507
3722	0.0507
3723	0.0053
3724	0.0053
3725	0.0053
3726	0.088
3727	0.088
3728	0.088
3729	1.1609
373	0.0021
3730	0.0053
3731	0.0053
3732	0.0053
3733	1.8128
3734	3.3978
3735	1.8445
3736	1.8128
3737	0.1654
3738	0.5609
3739	0.6756
374	0.0019
3740	1.8561
3741	0.3977
3742	1.4824
3743	0.1654
3744	0.1654
3745	0.1654
3746	0.1654
3747	0.1654
3748	0.038
3749	0.0426
375	0.0019
3750	0.038
3751	0.0192
3752	0.0192
3753	0.0192
3754	0.0192
3755	0.0192
3756	0.0192
3757	0.0192
3758	0.0192
3759	0.1004
376	0.0021
3760	0.1004
3761	0.1004
3762	0.5138
3763	0.5138
3764	0.5138
3765	0.5138
3766	1.1102
3767	1.1102
3768	0.0856
3769	0.0856
377	0.0019
3770	0.0856
3771	0.0856
3772	0.0856
3773	1.1986
3774	1.1986
3775	1.1986
3776	1.1986
3777	0.0432
3778	0.0432
3779	0.0432
378	0.0021
3780	0.0432
3781	1.0013
3782	1.3158
3783	1.0013
3784	1.0013
3785	1.0013
3786	1.0013
3787	0.0629
3788	0.106
3789	1.0735
379	0.0021
3790	1.0735
3791	1.0735
3792	0.6822
3793	0.6822
3794	0.6822
3795	0.6822
3796	0.6822
3797	0.6822
3798	0.6822
3799	0.6822
38	30.7662
380	0.0011
3800	0.0032
3801	0.0092
3802	4.0E-4
3803	4.0E-4
3804	4.0E-4
3805	2.0E-4
3806	2.0E-4
3807	2.0E-4
3808	3.4658
3809	2.0E-4
381	0.0011
3810	0.1127
3811	0.1127
3812	0.1127
3813	1.0E-4
3814	1.0E-4
3815	1.0E-4
3816	1.0E-4
3817	1.0E-4
3818	1.0E-4
3819	1.0E-4
382	0.1122
3820	1.0E-4
3821	1.0E-4
3822	1.0E-4
3823	1.0E-4
3824	1.0E-4
3825	1.0E-4
3826	1.0E-4
3827	1.0E-4
3828	1.0E-4
3829	1.0E-4
383	0.1122
3830	1.0E-4
3831	1.0E-4
3832	1.0E-4
3833	0.0011
3834	11.1075
3835	4.5138
3836	1.7609
3837	0.5219
3838	0.4448
3839	0.4407
384	0.2112
3840	0.4406
3841	0.4406
3842	0.4406
3843	0.4406
3844	0.4406
3845	0.4406
3846	0.4406
3847	0.4406
3848	0.4406
3849	0.4406
385	0.2112
3850	0.4406
3851	0.4406
3852	0.4406
3853	0.4406
3854	0.4406
3855	0.4406
3856	0.4406
3857	0.4406
3858	0.4406
3859	0.4406
386	0.2112
3860	0.4406
3861	0.4406
3862	0.4406
3863	0.4406
3864	0.4406
3865	0.4406
3866	0.4406
3867	0.4406
3868	0.4407
3869	0.4416
387	0.4642
3870	0.5039
3871	0.7503
3872	2.5875
3873	7.6088
3874	0.2062
3875	8.6831
3876	3.6173
3877	1.4748
3878	0.5108
3879	0.4461
388	0.1264
3880	0.442
3881	0.4419
3882	0.4419
3883	0.4419
3884	0.4419
3885	0.4419
3886	0.4419
3887	0.4419
3888	0.4419
3889	0.4419
389	0.3039
3890	0.4419
3891	0.4419
3892	0.4419
3893	0.4419
3894	0.4419
3895	0.4419
3896	0.4419
3897	0.4419
3898	0.4419
3899	0.4419
39	8.2536
390	0.0544
3900	0.442
3901	0.4429
3902	0.4928
3903	0.6891
3904	2.111
3905	5.9786
3906	0.2064
3907	3.0196
3908	1.5341
3909	0.8151
391	2.9446
3910	0.4925
3911	0.4569
3912	0.4537
3913	0.4745
3914	0.554
3915	1.006
3916	2.1705
3917	0.2074
3918	6.2577
3919	2.7219
392	0.0419
3920	1.1897
3921	0.5006
3922	0.4484
3923	0.4443
3924	0.4441
3925	0.4441
3926	0.4441
3927	0.4441
3928	0.4441
3929	0.4441
393	0.0419
3930	0.4441
3931	0.4441
3932	0.4441
3933	0.4441
3934	0.4443
3935	0.4452
3936	0.4826
3937	0.6289
3938	1.6354
3939	4.3481
394	0.0419
3940	0.2067
3941	9.4913
3942	3.9161
3943	1.5701
3944	0.5144
3945	0.4456
3946	0.4415
3947	0.4414
3948	0.4414
3949	0.4414
395	0.0419
3950	0.4414
3951	0.4414
3952	0.4414
3953	0.4414
3954	0.4414
3955	0.4414
3956	0.4414
3957	0.4414
3958	0.4414
3959	0.4414
396	0.0544
3960	0.4414
3961	0.4414
3962	0.4414
3963	0.4414
3964	0.4414
3965	0.4414
3966	0.4414
3967	0.4414
3968	0.4414
3969	0.4415
397	0.0419
3970	0.4424
3971	0.4964
3972	0.7095
3973	2.2698
3974	6.5222
3975	0.2063
3976	4.9097
3977	2.2255
3978	1.0323
3979	0.4959
398	0.0419
3980	0.4506
3981	0.4465
3982	0.4463
3983	0.4463
3984	0.4463
3985	0.4463
3986	0.4463
3987	0.4465
3988	0.4474
3989	0.4779
399	0.168
3990	0.5964
3991	1.3721
3992	3.4417
3993	0.2069
3994	7.8747
3995	3.3186
3996	1.3796
3997	0.5072
3998	0.4467
3999	0.4426
4	0.0321
40	12.9978
400	0.0419
4000	0.4425
4001	0.4425
4002	0.4425
4003	0.4425
4004	0.4425
4005	0.4425
4006	0.4425
4007	0.4425
4008	0.4425
4009	0.4425
401	0.0416
4010	0.4425
4011	0.4425
4012	0.4425
4013	0.4425
4014	0.4425
4015	0.4425
4016	0.4426
4017	0.4435
4018	0.4892
4019	0.6689
402	0.0419
4020	1.9523
4021	5.4353
4022	0.2065
4023	14.6105
4024	5.8097
4025	2.1751
4026	0.5389
4027	0.4437
4028	0.4397
4029	0.4395
403	0.0419
4030	0.4395
4031	0.4395
4032	0.4395
4033	0.4395
4034	0.4395
4035	0.4395
4036	0.4395
4037	0.4395
4038	0.4395
4039	0.4395
404	0.0544
4040	0.4395
4041	0.4395
4042	0.4395
4043	0.4395
4044	0.4395
4045	0.4395
4046	0.4395
4047	0.4395
4048	0.4395
4049	0.4395
405	0.0419
4050	0.4395
4051	0.4395
4052	0.4395
4053	0.4395
4054	0.4395
4055	0.4395
4056	0.4395
4057	0.4395
4058	0.4395
4059	0.4395
406	0.0544
4060	0.4395
4061	0.4395
4062	0.4395
4063	0.4395
4064	0.4395
4065	0.4395
4066	0.4395
4067	0.4395
4068	0.4395
4069	0.4395
407	0.0416
4070	0.4397
4071	0.4405
4072	0.5209
4073	0.8396
4074	3.2766
4075	9.9639
4076	0.206
4077	7.0664
4078	3.0202
4079	1.2845
408	0.0416
4080	0.5038
4081	0.4475
4082	0.4434
4083	0.4432
4084	0.4432
4085	0.4432
4086	0.4432
4087	0.4432
4088	0.4432
4089	0.4432
409	0.1383
4090	0.4432
4091	0.4432
4092	0.4432
4093	0.4432
4094	0.4432
4095	0.4432
4096	0.4434
4097	0.4443
4098	0.4858
4099	0.6488
41	8.066
410	0.1383
4100	1.7938
4101	4.8918
4102	0.2066
4103	4.3702
4104	2.0274
4105	0.9697
4106	0.4944
4107	0.4519
4108	0.4477
4109	0.4476
411	0.1383
4110	0.4476
4111	0.4476
4112	0.4477
4113	0.4486
4114	0.4764
4115	0.5838
4116	1.267
4117	3.0789
4118	0.2071
4119	8.0E-4
412	0.1383
4120	8.0E-4
4121	0.1377
4122	0.1281
4123	0.1281
4124	3.0E-4
4125	3.0E-4
4126	3.0E-4
4127	3.0E-4
4128	3.0E-4
4129	3.0E-4
413	0.1383
4130	3.0E-4
4131	3.0E-4
4132	3.0E-4
4133	3.0E-4
4134	3.0E-4
4135	3.0E-4
4136	3.0E-4
4137	3.0E-4
4138	3.0E-4
4139	4.4428
414	0.1383
4140	2.0606
4141	0.9935
4142	0.517
4143	0.4744
4144	0.4703
4145	0.4701
4146	0.4701
4147	0.4701
4148	0.4703
4149	0.4712
415	0.0989
4150	0.499
4151	0.6077
4152	1.2999
4153	3.1492
4154	0.0508
4155	0.0508
4156	0.0508
4157	0.0508
4158	0.0508
4159	0.0508
416	0.5121
4160	0.0
4161	0.0
4162	0.0
4163	0.0
4164	0.0
4165	0.0
4166	0.0
4167	0.0
4168	0.0
4169	0.0
417	0.0027
4170	0.0
4171	0.0
4172	0.0
4173	0.0
4174	0.0
4175	0.0
4176	0.0
4177	0.0
4178	0.0
4179	0.0
418	0.0027
4180	0.0
4181	0.0
4182	0.0
4183	0.0
4184	0.0
4185	0.0
4186	0.0
4187	0.0
4188	0.0
4189	0.0
419	0.0027
4190	0.0
4191	0.0
4192	0.0
4193	0.0
4194	0.0
4195	0.0
4196	0.0
4197	0.0
4198	0.0
4199	0.0
42	10.3256
420	0.0027
4200	0.0
4201	0.0
4202	0.0
4203	0.0
4204	0.0
4205	0.0
4206	0.0
4207	0.0
4208	0.0
4209	0.0
421	0.0027
4210	0.0
4211	0.0
4212	0.0
4213	0.0
4214	0.0
4215	0.0
4216	0.0
4217	0.0
4218	0.0
4219	0.0
422	0.0027
4220	0.0
4221	0.0
4222	0.0
4223	0.0
4224	0.0
4225	0.0
4226	0.0
4227	0.0
4228	0.0
4229	0.0
423	0.0027
4230	0.0
4231	0.0
4232	0.0
4233	0.0
4234	0.0
4235	0.0
4236	0.0
4237	0.0
4238	0.0
4239	0.0
424	0.0027
4240	0.0
4241	0.0
4242	0.0
4243	0.0
4244	0.0
4245	0.0
4246	0.0
4247	0.0
4248	0.0
4249	0.0
425	2.2385
4250	0.0
4251	0.0
4252	0.0
4253	0.0
4254	0.0
4255	0.0
4256	0.0
4257	0.0
4258	0.0
4259	0.0
426	1.4592
4260	0.0
4261	0.0
4262	0.0
4263	0.0
4264	0.0
4265	0.0
4266	0.0
4267	0.0
4268	0.0
4269	0.0
427	1.245
4270	0.0
4271	0.0
4272	0.0
4273	0.0
4274	0.0
4275	0.0
4276	0.0
4277	0.0
4278	0.0
4279	0.0
428	0.2202
4280	0.0
4281	0.0
4282	0.0
4283	0.0
4284	0.0
4285	0.0
4286	0.0
4287	0.0
4288	0.0
4289	0.0
429	0.5312
4290	0.0
4291	0.0
4292	0.0
4293	0.0
4294	0.0
4295	0.0
4296	0.0
4297	0.0
4298	0.0
4299	0.0
43	24.7257
430	2.8065
4300	0.0
4301	0.0
4302	0.0
4303	0.0
4304	0.0
4305	0.0
4306	0.0
4307	0.0
4308	0.0
4309	0.0
431	0.0803
4310	0.0
4311	0.0
4312	0.0
4313	0.0
4314	0.0
4315	0.0
4316	0.0
4317	0.0
4318	0.0
4319	0.0
432	0.023
4320	0.0
4321	0.0
4322	0.0
4323	0.0
4324	0.0
4325	0.0
4326	0.0
4327	0.0
4328	0.0
4329	0.0
433	0.0881
4330	0.0
4331	0.0
4332	0.0
4333	0.0
4334	0.0
4335	0.0
4336	0.0
4337	0.0
4338	0.0
4339	0.0
434	0.0881
4340	0.0
4341	0.0
4342	0.0
4343	0.0
4344	0.0
4345	0.0
4346	0.0
4347	0.0
4348	0.0
4349	0.0
435	0.0825
4350	0.0
4351	0.0
4352	0.0
4353	0.0
4354	0.0
4355	0.0
4356	0.0
4357	0.0
4358	0.0
4359	0.0
436	0.0825
4360	0.0
4361	0.0
4362	0.0
4363	0.0
4364	0.0
4365	0.0
4366	0.0
4367	0.0
4368	0.0
4369	0.0
437	0.0825
4370	0.0
4371	0.0
4372	0.0
4373	0.0
4374	0.0
4375	0.0
4376	0.0
4377	0.0
4378	0.0
4379	0.0
438	0.0825
4380	0.0
4381	0.0
4382	0.0
4383	0.0
4384	0.0
4385	0.0
4386	0.0
4387	0.0
4388	0.0
4389	0.0
439	0.0825
4390	0.0
4391	0.0
4392	0.0
4393	0.0
4394	0.0
4395	0.0
4396	0.0
4397	0.0
4398	0.0
4399	0.0
44	7.5019
440	0.0831
4400	0.0
4401	0.0
4402	0.0
4403	0.0
4404	0.0
4405	0.0
4406	0.0
4407	0.0
4408	0.0
4409	0.0
441	0.0133
4410	0.0
4411	0.0
4412	0.0
4413	0.0
4414	0.0
4415	0.0
4416	0.0
4417	0.0
4418	0.0
4419	0.0
442	0.0219
4420	0.0
4421	0.0
4422	0.0
4423	0.0
4424	0.0
4425	0.0
4426	0.0
4427	0.0
4428	0.0
4429	0.0
443	0.0219
4430	0.0
4431	0.0
4432	0.0
4433	0.0
4434	0.0
4435	0.0
4436	3.0E-4
4437	3.0E-4
4438	1.0E-4
4439	3.0E-4
444	0.0219
4440	3.0E-4
4441	3.0E-4
4442	3.0E-4
4443	1.0E-4
4444	1.0E-4
4445	1.0E-4
4446	2.0E-4
4447	0.0032
4448	0.0104
4449	0.009
445	0.1192
4450	0.0032
4451	0.0052
4452	4.0E-4
4453	4.0E-4
4454	4.0E-4
4455	2.0E-4
4456	2.0E-4
4457	2.0E-4
4458	3.4658
4459	2.0E-4
446	0.1207
4460	0.1127
4461	0.1127
4462	0.1127
4463	1.0E-4
4464	1.0E-4
4465	1.0E-4
4466	1.0E-4
4467	1.0E-4
4468	1.0E-4
4469	1.0E-4
447	0.1192
4470	1.0E-4
4471	1.0E-4
4472	1.0E-4
4473	1.0E-4
4474	1.0E-4
4475	1.0E-4
4476	1.0E-4
4477	1.0E-4
4478	1.0E-4
4479	1.0E-4
448	0.2252
4480	1.0E-4
4481	1.0E-4
4482	1.0E-4
4483	0.0011
4484	0.8673
4485	2.0018
4486	0.0
4487	0.0
4488	0.0
4489	0.0
449	0.1621
4490	0.0
4491	0.0
4492	0.0
4493	0.0
4494	0.0
4495	0.0
4496	0.0
4497	0.0
4498	0.0
4499	0.0
45	4.1618
450	0.1147
4500	0.0
4501	0.0
4502	0.0
4503	0.0
4504	0.0
4505	0.0
4506	0.0
4507	0.0
4508	0.0
4509	0.0
451	0.1061
4510	0.0
4511	0.0
4512	0.0
4513	0.0
4514	0.0
4515	0.0
4516	0.0
4517	0.0
4518	0.0
4519	0.0
452	0.0713
4520	0.0
4521	0.0
4522	0.0
4523	0.0
4524	0.0
4525	0.0
4526	0.0
4527	0.0
4528	0.0
4529	0.0
453	0.0597
4530	0.0
4531	0.0
4532	0.0
4533	0.0
4534	0.0
4535	0.0
4536	0.0
4537	0.0
4538	0.0
4539	0.0
454	0.0597
4540	0.0
4541	0.0
4542	0.0
4543	0.0
4544	0.0
4545	0.0
4546	0.0
4547	0.0
4548	0.0
4549	0.0
455	0.0597
4550	0.0
4551	0.0
4552	0.0
4553	0.0
4554	0.0
4555	0.0
4556	0.0
4557	0.0
4558	0.0
4559	0.0
456	0.0597
4560	0.0
4561	0.0
4562	0.0
4563	0.0
4564	0.0
4565	0.0
4566	0.0
4567	0.0
4568	0.0
4569	0.0
457	0.6331
4570	0.0
4571	0.0
4572	0.0
4573	0.0
4574	0.0
4575	0.0
4576	0.0
4577	0.0
4578	0.0
4579	0.0
458	0.6331
4580	0.0
4581	0.0
4582	0.0
4583	0.0
4584	0.0
4585	0.0
4586	0.0
4587	0.0
4588	0.0
4589	0.0
459	0.6331
4590	0.0
4591	0.0
4592	0.0
4593	0.0
4594	0.0
4595	0.0
4596	0.0
4597	0.0
4598	0.0
4599	0.0
46	7.9968
460	0.5768
4600	0.0
4601	0.0
4602	0.0
4603	0.0
4604	0.0
4605	0.0
4606	0.0
4607	0.0
4608	0.0
4609	0.0
461	0.6331
4610	0.0
4611	0.0
4612	0.0
4613	0.0
4614	0.0
4615	0.0
4616	0.0
4617	0.0
4618	0.0
4619	0.0
462	0.6371
4620	0.0
4621	0.0
4622	0.0
4623	0.0
4624	0.0
4625	0.0
4626	0.0
4627	0.0
4628	0.0
4629	0.0
463	0.6371
4630	0.0
4631	0.0
4632	0.0
4633	0.0
4634	0.0
4635	0.0
4636	0.0
4637	0.0
4638	0.0
4639	0.0
464	0.6371
4640	0.0
4641	0.0
4642	0.0
4643	0.0
4644	0.0
4645	0.0
4646	0.0
4647	0.0
4648	0.0
4649	0.0
465	0.6331
4650	0.0
4651	0.0
4652	0.0
4653	0.0
4654	0.0
4655	0.0
4656	0.0
4657	0.0
4658	0.0
4659	0.0
466	0.6331
4660	0.0
4661	0.0
4662	0.0
4663	0.0
4664	0.0
4665	0.0
4666	0.0
4667	0.0
4668	0.0
4669	0.0
467	0.6943
4670	0.0
4671	0.0
4672	0.0
4673	0.0
4674	0.0
4675	0.0
4676	0.0
4677	0.0
4678	0.0
4679	0.0
468	0.6943
4680	0.0
4681	0.0
4682	0.0
4683	0.0
4684	0.0
4685	0.0
4686	0.0
4687	0.0
4688	0.0
4689	0.0
469	0.1815
4690	0.0
4691	0.0
4692	0.0
4693	0.0
4694	0.0
4695	0.0
4696	0.0
4697	0.0
4698	0.0
4699	0.0
47	2.0413
470	0.1338
4700	0.0
4701	0.0
4702	0.0
4703	0.0
4704	0.0
4705	0.0
4706	0.0
4707	0.0
4708	0.0
4709	0.0
471	0.1338
4710	0.0
4711	0.0
4712	0.0
4713	0.0
4714	0.0
4715	0.0
4716	0.0
4717	0.0
4718	0.0
4719	0.0
472	0.1338
4720	0.0
4721	0.0
4722	0.0
4723	0.0
4724	0.0
4725	0.0
4726	0.0
4727	0.0
4728	0.0
4729	0.0
473	0.1211
4730	0.0
4731	0.0
4732	0.0
4733	0.0
4734	0.0
4735	0.0
4736	0.0
4737	0.0
4738	0.0
4739	0.0
474	0.5144
4740	0.0
4741	0.0
4742	0.0
4743	0.0
4744	0.0
4745	0.0
4746	0.0
4747	0.0
4748	0.0
4749	0.0
475	0.1886
4750	0.0
4751	0.0
4752	0.0
4753	0.0
4754	0.0
4755	0.0
4756	0.0
4757	0.0
4758	0.0
4759	0.0
476	0.1872
4760	0.0
4761	0.0
4762	3.0E-4
4763	3.0E-4
4764	1.0E-4
4765	3.0E-4
4766	3.0E-4
4767	3.0E-4
4768	3.0E-4
4769	1.0E-4
477	0.1877
4770	1.0E-4
4771	1.0E-4
4772	2.0E-4
4773	0.0032
4774	0.3346
4775	0.2818
4776	1.1551
4777	1.1551
4778	0.2294
4779	0.2294
478	0.1877
4780	0.2294
4781	0.1766
4782	0.1766
4783	0.1766
4784	0.1864
4785	0.2286
4786	0.2286
4787	0.2368
4788	0.2368
4789	0.1766
479	0.2158
4790	0.1949
4791	0.1766
4792	0.1949
4793	0.0094
4794	0.002
4795	0.002
4796	0.002
4797	0.002
4798	0.002
4799	0.4557
48	4.1558
480	0.3252
4800	0.002
4801	0.0611
4802	0.0098
4803	0.0098
4804	0.0098
4805	0.0564
4806	1.742
4807	0.0282
4808	0.0282
4809	0.0564
481	0.215
4810	3.5089
4811	0.0388
4812	0.3577
4813	0.0058
4814	0.0203
4815	0.2738
4816	0.017
4817	0.017
4818	0.017
4819	1.0587
482	0.6091
4820	0.017
4821	0.002
4822	0.002
4823	0.002
4824	0.002
4825	0.002
4826	0.002
4827	0.002
4828	0.0118
4829	0.0118
483	0.5113
4830	0.0056
4831	0.0037
4832	0.0037
4833	0.3901
4834	0.3901
4835	0.3901
4836	0.3901
4837	0.3901
4838	0.0139
4839	0.0069
484	0.5113
4840	0.0099
4841	0.0099
4842	0.0099
4843	0.013
4844	0.0325
4845	0.0065
4846	0.0065
4847	0.0065
4848	0.3339
4849	0.3339
485	0.4669
4850	0.3339
4851	0.2501
4852	0.2501
4853	0.2501
4854	0.0936
4855	0.0936
4856	0.0936
4857	0.2021
4858	0.2021
4859	0.2021
486	0.4492
4860	0.6064
4861	0.6064
4862	0.8673
4863	0.0851
4864	0.0851
4865	0.2182
4866	0.0851
4867	0.166
4868	0.1431
4869	0.2182
487	0.4492
4870	0.2182
4871	0.0059
4872	0.0059
4873	0.0059
4874	0.0059
4875	0.0059
4876	0.0059
4877	0.0059
4878	0.0059
4879	0.0059
488	0.4492
4880	0.0059
4881	0.0059
4882	0.0059
4883	0.0059
4884	0.0059
4885	0.0059
4886	0.0059
4887	0.0059
4888	0.0059
4889	0.0059
489	0.4492
4890	0.0059
4891	0.0059
4892	0.0059
4893	0.0059
4894	0.0059
4895	0.0059
4896	0.0059
4897	0.0059
4898	0.0059
4899	0.0059
49	2.037
490	0.4492
4900	0.0059
4901	0.0059
4902	0.0059
4903	0.0059
4904	0.0059
4905	0.0059
4906	0.0059
4907	0.0059
4908	0.0059
4909	0.0059
491	0.4492
4910	0.0059
4911	0.0059
4912	0.0059
4913	0.0059
4914	0.0059
4915	0.0059
4916	0.0059
4917	0.0059
4918	0.0059
4919	0.0059
492	0.6317
4920	0.0059
4921	0.0059
4922	0.0059
4923	0.0059
4924	0.019
4925	0.019
4926	0.019
4927	0.019
4928	0.019
4929	0.0019
493	0.4492
4930	1.032
4931	1.032
4932	1.032
4933	1.032
4934	1.032
4935	1.032
4936	1.032
4937	0.2216
4938	0.2216
4939	0.2216
494	0.0013
4940	0.2216
4941	0.2216
4942	0.2216
4943	0.2216
4944	0.2216
4945	0.2216
4946	0.2216
4947	0.2216
4948	0.2216
4949	0.2216
495	0.0013
4950	0.2216
4951	0.2216
4952	0.2216
4953	0.2216
4954	0.2216
4955	0.2216
4956	0.2216
4957	0.2216
4958	0.2216
4959	0.2216
496	0.0734
4960	0.2216
4961	0.2216
4962	0.2216
4963	0.2533
4964	0.2216
4965	0.2216
4966	0.2216
4967	0.2216
4968	0.2216
4969	0.2216
497	0.0013
4970	0.2216
4971	0.2216
4972	0.0311
4973	0.0311
4974	0.0311
4975	0.0311
4976	0.0311
4977	0.0311
4978	0.0311
4979	0.0311
498	0.035
4980	0.0311
4981	0.0311
4982	0.0311
4983	0.0311
4984	0.0311
4985	0.0311
4986	0.0311
4987	0.0311
4988	0.0311
4989	0.0311
499	0.1616
4990	0.0311
4991	0.0311
4992	0.0311
4993	0.0311
4994	0.0311
4995	0.0311
4996	0.0311
4997	0.0311
4998	0.0311
4999	0.0311
5	0.0321
50	2.037
500	0.3833
5000	0.0311
5001	0.2208
5002	0.2208
5003	0.2208
5004	0.2208
5005	0.2208
5006	0.2208
5007	0.2208
5008	1.0817
5009	1.0817
501	0.3654
5010	1.0817
5011	1.0817
5012	1.0817
5013	0.0663
5014	0.0663
5015	0.0663
5016	0.0663
5017	0.0663
5018	0.0663
5019	0.0663
502	0.3622
5020	0.0663
5021	0.0663
5022	0.0663
5023	0.0663
5024	0.0663
5025	0.0663
5026	0.0663
5027	0.0663
5028	0.0663
5029	0.0663
503	0.1198
5030	0.0663
5031	0.0663
5032	0.0663
5033	0.0046
5034	0.0046
5035	0.2661
5036	3.0E-4
5037	3.0E-4
5038	3.0E-4
5039	3.0E-4
504	0.1198
5040	3.0E-4
5041	3.0E-4
5042	3.0E-4
5043	3.0E-4
5044	3.0E-4
5045	3.0E-4
5046	3.0E-4
5047	3.0E-4
5048	3.0E-4
5049	3.0E-4
505	0.3504
5050	3.0E-4
5051	4.4428
5052	2.0606
5053	0.9935
5054	0.517
5055	0.4744
5056	0.4703
5057	0.4701
5058	0.4701
5059	0.4701
506	0.1197
5060	0.4703
5061	0.4712
5062	0.499
5063	0.6077
5064	1.2999
5065	3.1492
5066	0.0508
5067	0.0508
5068	0.0508
5069	0.0508
507	0.1197
5070	0.0508
5071	0.0508
5072	8.2192
5073	6.1125
5074	1.8608
5075	0.666
5076	0.2425
5077	0.2337
5078	0.2324
5079	0.2324
508	0.1197
5080	0.2324
5081	0.2324
5082	0.2324
5083	0.2324
5084	0.2324
5085	0.2324
5086	0.2324
5087	0.2324
5088	0.2324
5089	0.2324
509	0.1197
5090	0.2324
5091	0.2324
5092	0.2324
5093	0.2324
5094	0.2324
5095	0.2324
5096	0.2324
5097	0.2324
5098	0.2324
5099	0.2324
510	0.1197
5100	0.2324
5101	0.2324
5102	0.2324
5103	0.2324
5104	0.2324
5105	0.2324
5106	0.2324
5107	0.235
5108	0.2373
5109	0.5217
511	0.1197
5110	1.0105
5111	2.2418
5112	6.4038
5113	4.7947
5114	1.5122
5115	0.5734
5116	0.2435
5117	0.2347
5118	0.2334
5119	0.2334
512	0.1197
5120	0.2334
5121	0.2334
5122	0.2334
5123	0.2334
5124	0.2334
5125	0.2334
5126	0.2334
5127	0.2334
5128	0.2334
5129	0.2334
513	0.1197
5130	0.2334
5131	0.2334
5132	0.2334
5133	0.2334
5134	0.2334
5135	0.2334
5136	0.2334
5137	0.2334
5138	0.236
5139	0.2383
514	0.1197
5140	0.4604
5141	0.8446
5142	1.7772
5143	2.1669
5144	1.7237
5145	0.7075
5146	0.3636
5147	0.252
5148	0.2458
5149	0.2471
515	0.1197
5150	0.3245
5151	0.4627
5152	0.6964
5153	4.5879
5154	3.4771
5155	1.1646
5156	0.4814
5157	0.2453
5158	0.2365
5159	0.2352
516	0.1197
5160	0.2352
5161	0.2352
5162	0.2352
5163	0.2352
5164	0.2352
5165	0.2352
5166	0.2352
5167	0.2352
5168	0.2352
5169	0.2352
517	0.12
5170	0.2377
5171	0.2401
5172	0.3999
5173	0.6793
5174	1.313
5175	7.0088
5176	5.2339
5177	1.6283
5178	0.6042
5179	0.2431
518	0.1197
5180	0.2343
5181	0.233
5182	0.233
5183	0.233
5184	0.233
5185	0.233
5186	0.233
5187	0.233
5188	0.233
5189	0.233
519	0.1309
5190	0.233
5191	0.233
5192	0.233
5193	0.233
5194	0.233
5195	0.233
5196	0.233
5197	0.233
5198	0.233
5199	0.233
52	29.5241
520	0.1309
5200	0.233
5201	0.233
5202	0.233
5203	0.233
5204	0.2356
5205	0.2379
5206	0.4807
5207	0.8998
5208	1.932
5209	3.5792
521	0.118
5210	2.7457
5211	0.9726
5212	0.4312
5213	0.247
5214	0.2382
5215	0.2369
5216	0.2369
5217	0.2369
5218	0.2369
5219	0.2369
522	0.1218
5220	0.2369
5221	0.2394
5222	0.2419
5223	0.3672
5224	0.5882
5225	1.0555
5226	5.7984
5227	4.3553
5228	1.3962
5229	0.5426
523	0.3379
5230	0.244
5231	0.2352
5232	0.2339
5233	0.2339
5234	0.2339
5235	0.2339
5236	0.2339
5237	0.2339
5238	0.2339
5239	0.2339
524	0.1218
5240	0.2339
5241	0.2339
5242	0.2339
5243	0.2339
5244	0.2339
5245	0.2339
5246	0.2339
5247	0.2339
5248	0.2339
5249	0.2364
525	0.1218
5250	0.2388
5251	0.44
5252	0.7894
5253	1.6223
5254	10.8429
5255	8.0173
5256	2.3652
5257	0.8006
5258	0.2418
5259	0.2329
526	4.1186
5260	0.2316
5261	0.2316
5262	0.2316
5263	0.2316
5264	0.2316
5265	0.2316
5266	0.2316
5267	0.2316
5268	0.2316
5269	0.2316
527	0.1589
5270	0.2316
5271	0.2316
5272	0.2316
5273	0.2316
5274	0.2316
5275	0.2316
5276	0.2316
5277	0.2316
5278	0.2316
5279	0.2316
528	0.1489
5280	0.2316
5281	0.2316
5282	0.2316
5283	0.2316
5284	0.2316
5285	0.2316
5286	0.2316
5287	0.2316
5288	0.2316
5289	0.2316
529	0.1087
5290	0.2316
5291	0.2316
5292	0.2316
5293	0.2316
5294	0.2316
5295	0.2316
5296	0.2316
5297	0.2316
5298	0.2316
5299	0.2316
53	2.6645
530	0.1087
5300	0.2316
5301	0.2316
5302	0.2342
5303	0.2365
5304	0.611
5305	1.2506
5306	2.9133
5307	5.1933
5308	3.9163
5309	1.2803
531	0.0076
5310	0.5119
5311	0.2446
5312	0.2358
5313	0.2345
5314	0.2345
5315	0.2345
5316	0.2345
5317	0.2345
5318	0.2345
5319	0.2345
532	0.2659
5320	0.2345
5321	0.2345
5322	0.2345
5323	0.2345
5324	0.2345
5325	0.2345
5326	0.2345
5327	0.237
5328	0.2394
5329	0.4199
533	0.0076
5330	0.7343
5331	1.4676
5332	3.1758
5333	2.4534
5334	0.8962
5335	0.4114
5336	0.248
5337	0.2392
5338	0.2379
5339	0.2379
534	0.0076
5340	0.2379
5341	0.2379
5342	0.2404
5343	0.2429
5344	0.3545
5345	0.552
5346	0.9526
5347	3.2006
5348	2.4626
5349	0.9011
535	0.0076
5350	0.4157
5351	0.2522
5352	0.2434
5353	0.2421
5354	0.2421
5355	0.2421
5356	0.2421
5357	0.2446
5358	0.2472
5359	0.359
536	1.7497
5360	0.5588
5361	0.9664
5362	0.0225
5363	0.0225
5364	0.0225
5365	0.0225
5366	0.0225
5367	0.0225
5368	0.0225
5369	0.0225
537	1.7497
5370	0.0225
5371	0.0225
5372	0.0225
5373	0.0225
5374	0.0225
5375	0.0225
5376	0.0225
5377	0.001
5378	0.0381
5379	0.0398
538	1.7495
5380	0.0371
5381	0.0384
5382	3.0E-4
5383	3.0E-4
5384	3.0E-4
5385	3.0E-4
5386	3.0E-4
5387	3.0E-4
5388	3.0E-4
5389	3.0E-4
539	1.7878
5390	3.0E-4
5391	3.0E-4
5392	3.0E-4
5393	3.0E-4
5394	3.0E-4
5395	3.0E-4
5396	3.0E-4
5397	4.4428
5398	2.0606
5399	0.9935
54	2.5477
540	1.7497
5400	0.517
5401	0.4744
5402	0.4703
5403	0.4701
5404	0.4701
5405	0.4701
5406	0.4703
5407	0.4712
5408	0.499
5409	0.6077
541	1.7878
5410	1.2999
5411	3.1492
5412	0.0508
5413	0.0508
5414	0.0508
5415	0.0508
5416	0.0508
5417	0.0508
5418	0.2021
5419	0.2021
542	1.7497
5420	0.2021
5421	0.001
5422	0.1726
5423	0.1726
5424	0.0691
5425	0.0691
5426	0.0185
5427	0.0185
5428	0.0185
5429	0.0077
543	1.7492
5430	0.0077
5431	0.0077
5432	0.0114
5433	0.0114
5434	0.0114
5435	0.7237
5436	7.0E-4
5437	7.0E-4
5438	0.0014
5439	3.0E-4
544	1.7497
5440	3.0E-4
5441	3.0E-4
5442	0.2972
5443	0.2972
5444	5.0E-4
5445	5.0E-4
5446	5.0E-4
5447	0.0138
5448	0.0138
5449	1.7096
545	1.8053
5450	1.7096
5451	1.7096
5452	1.7096
5453	2.0037
5454	1.7968
5455	0.8414
5456	2.5003
5457	0.3637
5458	0.3637
5459	0.0159
546	1.7497
5460	0.0528
5461	0.0528
5462	0.0528
5463	0.0528
5464	7.0E-4
5465	7.0E-4
5466	0.0098
5467	0.0098
5468	2.1453
5469	0.0042
547	0.2158
5470	1.0875
5471	0.0042
5472	9.0E-4
5473	9.0E-4
5474	9.0E-4
5475	9.0E-4
5476	9.0E-4
5477	9.0E-4
5478	9.0E-4
5479	9.0E-4
548	0.0941
5480	0.0024
5481	0.0024
5482	0.0024
5483	0.7797
5484	0.0297
5485	0.0057
5486	0.0019
5487	0.0019
5488	0.0019
5489	0.0019
549	0.1343
5490	0.0096
5491	0.0063
5492	0.0104
5493	0.0128
5494	0.0324
5495	0.0096
5496	0.0096
5497	0.0785
5498	0.0198
5499	0.0198
55	2.5252
550	0.2161
5500	0.0198
5501	0.0198
5502	0.1126
5503	0.1049
5504	0.1049
5505	0.1049
5506	0.2021
5507	0.2021
5508	0.2021
5509	0.0809
551	0.2271
5510	0.0524
5511	0.0464
5512	0.058
5513	0.0059
5514	0.002
5515	0.002
5516	0.0029
5517	0.0029
5518	0.002
5519	0.002
552	0.2161
5520	0.002
5521	0.0059
5522	0.0059
5523	3.2006
5524	2.4626
5525	0.9011
5526	0.4157
5527	0.2522
5528	0.2434
5529	0.2421
553	0.2263
5530	0.2421
5531	0.2421
5532	0.2421
5533	0.2446
5534	0.2472
5535	0.359
5536	0.5588
5537	0.9664
5538	0.0225
5539	0.0225
554	0.2945
5540	0.0225
5541	0.0225
5542	0.0225
5543	0.0225
5544	0.0225
5545	0.0225
5546	0.0225
5547	0.0225
5548	0.0225
5549	0.0225
555	0.2954
5550	0.0225
5551	0.0225
5552	0.0225
5553	0.0017
5554	0.0017
5555	0.0017
5556	0.0017
5557	0.0017
5558	0.0017
5559	0.0017
556	0.2954
5560	0.0017
5561	0.0017
5562	0.0017
5563	0.0017
5564	0.0017
5565	0.0017
5566	0.0017
5567	0.0017
5568	0.0017
5569	0.0017
557	0.8949
5570	0.0017
5571	0.0017
5572	0.0017
5573	0.0017
5574	0.0017
5575	0.0017
5576	0.0017
5577	0.0017
5578	0.0017
5579	0.0017
558	0.159
5580	0.0017
5581	0.0017
5582	0.0017
5583	0.0017
5584	0.0017
5585	0.0017
5586	0.0017
5587	0.0017
5588	0.0017
5589	0.0017
559	0.159
5590	0.0017
5591	0.0017
5592	0.0017
5593	0.0017
5594	0.0017
5595	0.0017
5596	0.0017
5597	0.0017
5598	0.0017
5599	0.0017
56	2.3643
560	0.159
5600	0.0017
5601	0.0017
5602	0.0017
5603	0.0017
5604	0.0017
5605	0.0017
5606	0.0017
5607	0.0017
5608	0.0017
5609	0.0017
561	0.1492
5610	0.0017
5611	0.0017
5612	0.0017
5613	0.0017
5614	0.0017
5615	0.0017
5616	0.0017
5617	0.0017
5618	0.0017
5619	0.0017
562	0.1492
5620	0.0017
5621	0.0017
5622	0.0017
5623	0.0017
5624	0.0017
5625	0.0017
5626	0.0017
5627	0.0017
5628	0.0017
5629	0.0017
563	0.1492
5630	0.0017
5631	0.0017
5632	0.0017
5633	0.0017
5634	0.0017
5635	0.0017
5636	0.0017
5637	0.0017
5638	0.0017
5639	0.0017
564	0.1492
5640	0.0017
5641	0.0017
5642	0.0017
5643	0.0017
5644	0.0017
5645	0.0017
5646	0.0017
5647	0.0017
5648	0.0017
5649	0.0017
565	0.1553
5650	0.0017
5651	0.0017
5652	0.0017
5653	0.0017
5654	0.0017
5655	0.0013
5656	0.0013
5657	0.0013
5658	0.0013
5659	0.0013
566	0.1299
5660	0.0013
5661	0.0013
5662	0.0013
5663	0.0013
5664	0.0013
5665	0.0013
5666	0.0013
5667	0.0013
5668	0.0013
5669	0.0013
567	0.1304
5670	0.0013
5671	0.0013
5672	0.0013
5673	0.0013
5674	0.0013
5675	0.0013
5676	0.0013
5677	0.0013
5678	0.0013
5679	0.0013
568	0.1304
5680	0.0013
5681	0.0013
5682	0.0013
5683	0.0013
5684	0.0013
5685	0.0013
5686	0.0013
5687	0.0013
5688	0.0013
5689	0.0013
569	0.2906
5690	0.0013
5691	0.0013
5692	0.0013
5693	0.0013
5694	0.0013
5695	0.0013
5696	0.0013
5697	0.0013
5698	0.0013
5699	0.0013
57	2.3004
570	0.1304
5700	0.0013
5701	0.0013
5702	0.0013
5703	0.0013
5704	0.0013
5705	0.0013
5706	0.0013
5707	0.0013
5708	0.0013
5709	0.0013
571	0.1299
5710	0.0013
5711	0.0013
5712	0.0013
5713	0.0013
5714	0.0013
5715	0.0013
5716	0.0013
5717	0.0013
5718	0.0013
5719	0.0013
572	0.1299
5720	0.0013
5721	0.0013
5722	0.0013
5723	0.0013
5724	0.0013
5725	0.0013
5726	0.0013
5727	0.0013
5728	0.0013
5729	0.0013
573	0.1299
5730	0.0013
5731	0.0013
5732	0.0013
5733	0.0013
5734	0.0013
5735	0.0013
5736	0.0013
5737	0.0013
5738	0.0013
5739	0.0013
574	0.1299
5740	0.0013
5741	0.0013
5742	0.0013
5743	0.0013
5744	0.0013
5745	0.0013
5746	0.0013
5747	0.0013
5748	0.0013
5749	0.0013
575	0.1299
5750	0.0013
5751	0.0013
5752	0.0013
5753	0.0013
5754	0.0013
5755	0.0013
5756	0.0013
5757	0.0013
5758	0.0013
5759	0.0013
576	0.1299
5760	0.0013
5761	0.0013
5762	0.0013
5763	0.0013
5764	0.0013
5765	0.0013
5766	0.0013
5767	0.0013
5768	0.0013
5769	0.0013
577	0.1299
5770	0.0013
5771	0.0013
5772	0.0013
5773	0.0013
5774	0.0013
5775	0.0013
5776	0.0013
5777	0.0013
5778	0.0013
5779	0.0013
578	1.8652
5780	0.0013
5781	0.0013
5782	0.0013
5783	0.0013
5784	0.0013
5785	3.2006
5786	2.4626
5787	0.9011
5788	0.4157
5789	0.2522
579	0.2254
5790	0.2434
5791	0.2421
5792	0.2421
5793	0.2421
5794	0.2421
5795	0.2446
5796	0.2472
5797	0.359
5798	0.5588
5799	0.9664
58	2.5304
580	0.2254
5800	0.0225
5801	0.0225
5802	0.0225
5803	0.0225
5804	0.0225
5805	0.0225
5806	0.0225
5807	0.0225
5808	0.0225
5809	0.0225
581	0.233
5810	0.0225
5811	0.0225
5812	0.0225
5813	0.0225
5814	0.0225
5815	0.0519
5816	0.0519
5817	0.0037
5818	0.0079
5819	0.1058
582	0.1602
5820	1.0469
5821	1.0469
5822	0.2069
5823	1.2612
5824	0.2142
5825	0.7731
5826	0.7872
5827	0.7872
5828	0.9441
5829	0.7872
583	0.1602
5830	0.7872
5831	0.7872
5832	0.9211
5833	0.9211
5834	0.1131
5835	0.6386
5836	0.6386
5837	0.6386
5838	0.6386
5839	0.6386
584	0.1374
5840	0.6386
5841	0.6386
5842	0.5417
5843	0.5417
5844	0.0177
5845	0.0261
5846	0.0261
5847	0.0261
5848	0.0326
5849	0.0261
585	0.1609
5850	0.0261
5851	0.0261
5852	0.0261
5853	0.0261
5854	0.0261
5855	0.0261
5856	0.0326
5857	0.0261
5858	0.0302
5859	0.0261
586	0.1602
5860	0.0302
5861	0.0261
5862	0.0326
5863	0.0261
5864	0.0261
5865	0.0261
5866	0.0326
5867	0.0909
5868	0.0165
5869	0.0165
587	0.1663
5870	0.0165
5871	0.0165
5872	0.0165
5873	0.0165
5874	0.0165
5875	0.0288
5876	0.0165
5877	1.0288
5878	0.0165
5879	0.0165
588	0.1374
5880	0.0165
5881	0.0165
5882	0.0165
5883	0.0165
5884	0.0165
5885	0.0165
5886	0.0165
5887	0.0165
5888	0.0165
5889	0.0165
589	0.1796
5890	0.0165
5891	0.0165
5892	0.005
5893	0.0074
5894	0.005
5895	0.005
5896	0.005
5897	0.005
5898	0.005
5899	0.005
59	2.5133
590	0.1796
5900	0.005
5901	0.005
5902	0.005
5903	0.005
5904	0.005
5905	0.005
5906	0.005
5907	0.005
5908	0.005
5909	0.005
591	0.1796
5910	0.005
5911	0.005
5912	0.005
5913	0.0041
5914	0.005
5915	0.005
5916	0.005
5917	0.005
5918	0.005
5919	0.0041
592	0.1796
5920	0.0714
5921	0.1336
5922	0.1448
5923	0.1448
5924	0.1448
5925	0.1448
5926	0.1448
5927	0.1448
5928	0.1448
5929	0.1448
593	10.6902
5930	1.0869
5931	1.0869
5932	1.0869
5933	1.0869
5934	1.0869
5935	1.0869
5936	0.1253
5937	0.1181
5938	0.4777
5939	1.0
594	0.1962
5940	0.0033
5941	0.0033
5942	0.0033
5943	0.0033
5944	0.0033
5945	0.0033
5946	0.0033
5947	0.0041
5948	0.0323
5949	0.0041
595	0.1299
5950	0.0041
5951	1.0
5952	0.0021
5953	0.0031
5954	0.0041
5955	1.2162
5956	1.0411
5957	0.0041
5958	9.0E-4
5959	9.0E-4
596	0.1299
5960	9.0E-4
5961	9.0E-4
5962	9.0E-4
5963	9.0E-4
5964	9.0E-4
5965	9.0E-4
5966	9.0E-4
5967	9.0E-4
5968	6.0E-4
5969	6.0E-4
597	0.1299
5970	6.0E-4
5971	6.0E-4
5972	6.0E-4
5973	6.0E-4
5974	1.0
5975	0.0173
5976	0.0749
5977	0.0749
5978	0.0073
5979	0.0073
598	0.0767
5980	0.0073
5981	0.0073
5982	0.0073
5983	0.0073
5984	0.0073
5985	0.0073
5986	0.0073
5987	0.0073
5988	0.0073
5989	0.0073
599	0.0384
5990	0.0073
5991	0.0073
5992	1.0
5993	0.0065
5994	0.0065
5995	0.0065
5996	0.001
5997	0.001
5998	0.001
5999	0.001
6	0.0321
60	2.3599
600	0.1209
6000	0.001
6001	0.0041
6002	0.0041
6003	0.0059
6004	1.547
6005	1.7098
6006	0.0018
6007	0.0018
6008	0.0018
6009	0.0018
601	0.1209
6010	0.0018
6011	0.0018
6012	0.5062
602	0.1209
603	0.1209
604	0.1209
605	0.1209
606	0.1209
607	0.1209
608	0.1209
609	0.1209
61	30.0607
610	0.1209
611	1.7333
612	2.7047
613	0.0465
614	0.3334
615	0.0411
616	0.0957
617	0.0462
618	0.0462
619	0.0462
62	0.3597
620	1.7544
621	4.025
622	0.0554
623	0.0552
624	0.0548
625	0.0938
626	0.0938
627	1.4935
628	0.0716
629	0.0716
63	2.2257
630	3.0358
631	0.6413
632	0.0
633	0.0
634	0.0
635	0.0
636	0.0
637	0.0
638	0.0
639	0.0
64	1.7252
640	0.0
641	0.0
642	0.0
643	0.0
644	0.0
645	0.0
646	0.0
647	0.0
648	0.0692
649	0.0692
65	1.8828
650	0.0692
651	0.0694
652	0.0692
653	0.0692
654	0.0692
655	0.0692
656	0.0699
657	0.0694
658	0.0
659	0.0
66	1.7289
660	0.0
661	0.0
662	0.0
663	0.0
664	0.0
665	0.0
666	0.0
667	0.0487
668	0.0297
669	0.0737
67	1.6817
670	0.0735
671	0.0707
672	0.0707
673	0.2046
674	0.3578
675	0.0621
676	0.0622
677	0.1515
678	0.3485
679	0.0
68	2.2414
680	0.0
681	0.0
682	0.0
683	0.0
684	0.0
685	0.0
686	0.0606
687	0.082
688	0.082
689	0.082
69	2.3627
690	0.0
691	0.0
692	0.0
693	0.0
694	0.0
695	0.0
696	0.0
697	0.0
698	0.0
699	0.0
7	3.1118
70	1.8762
700	0.0
701	0.0
702	0.0
703	0.0
704	0.0
705	0.0
706	0.0
707	0.0
708	0.0
709	0.0443
71	2.5477
710	0.0133
711	0.0073
712	0.0133
713	0.0073
714	0.0073
715	0.0073
716	0.0073
717	0.0073
718	0.0073
719	0.0073
72	2.6351
720	0.0073
721	0.0073
722	0.0179
723	0.0073
724	0.0179
725	0.0073
726	0.0073
727	0.0073
728	0.0073
729	0.0073
73	11.8123
730	0.0073
731	0.0073
732	0.0073
733	0.0073
734	0.0073
735	0.0073
736	0.0073
737	0.0073
738	0.0073
739	0.0073
74	3.6825
740	0.0073
741	0.0073
742	0.0073
743	0.0073
744	0.0073
745	0.0133
746	0.0073
747	0.0073
748	0.0073
749	0.0073
75	2.2138
750	0.0073
751	0.1987
752	0.0073
753	0.0073
754	0.0073
755	0.058
756	0.058
757	0.058
758	0.058
759	0.058
76	2.5593
760	0.058
761	0.058
762	0.058
763	0.0454
764	0.0452
765	0.0455
766	0.0535
767	0.0486
768	0.0323
769	0.0454
77	0.8186
770	0.0454
771	0.0
772	0.0363
773	0.0363
774	0.0343
775	0.0368
776	0.0368
777	0.0343
778	0.0243
779	0.0243
78	2.6344
780	0.0363
781	0.0363
782	2.0E-4
783	0.0299
784	0.0389
785	0.0387
786	0.0387
787	0.0387
788	0.0341
789	0.0341
79	1.721
790	0.0341
791	0.0365
792	0.0365
793	0.0365
794	0.0367
795	0.0367
796	0.0344
797	0.0341
798	0.0341
799	0.0341
8	0.1973
80	8.3135
800	0.0299
801	0.1323
802	0.0912
803	0.0891
804	0.154
805	0.154
806	0.154
807	0.154
808	0.1726
809	0.1726
81	12.366
810	0.0631
811	0.0632
812	0.0631
813	0.0631
814	0.0631
815	0.0631
816	0.066
817	0.0636
818	0.1008
819	0.1005
82	5.0131
820	0.1005
821	0.1005
822	9.8888
823	1.997
824	0.428
825	0.179
826	0.6311
827	0.4624
828	1.3772
829	0.0075
83	3.808
830	0.1118
831	0.0331
832	0.0331
833	0.0331
834	0.0331
835	0.0331
836	7.0E-4
837	0.5101
838	0.2417
839	0.4144
84	4.9114
840	0.5877
841	0.2669
842	0.42
843	0.1469
844	0.1469
845	0.1469
846	0.1469
847	0.1469
848	0.1469
849	0.1469
85	2.2696
850	0.1469
851	0.1469
852	0.1469
853	0.1469
854	0.1469
855	0.1469
856	0.1469
857	0.1469
858	0.1469
859	0.1469
86	1.96
860	0.1469
861	0.1469
862	0.1469
863	0.1469
864	0.1469
865	0.1469
866	0.1469
867	0.1469
868	0.1469
869	0.1177
87	2.1974
870	0.0186
871	0.0186
872	0.0258
873	0.13
874	0.0819
875	0.3827
876	0.8136
877	0.6983
878	0.6983
879	0.6327
88	2.2696
880	4.1003
881	0.6076
882	0.6076
883	0.6076
884	0.6076
885	0.6076
886	0.6076
887	0.8953
888	0.6076
889	0.0228
89	1.9829
890	0.0646
891	0.0228
892	0.8281
893	1.0634
894	0.8281
895	0.8281
896	0.0493
897	0.0493
898	0.0493
899	0.0493
9	0.0341
90	2.3995
900	0.0072
901	0.0072
902	0.0072
903	0.0072
904	0.0072
905	0.0072
906	0.0072
907	0.0072
908	0.0072
909	0.0072
91	2.3995
910	0.0072
911	0.0072
912	0.0072
913	0.0072
914	0.0072
915	0.0072
916	0.0072
917	0.0072
918	0.0156
919	0.0072
92	2.435
920	0.0156
921	0.0072
922	0.0072
923	0.0181
924	0.0072
925	0.0072
926	0.0072
927	0.0072
928	0.0072
929	0.0072
93	2.1038
930	0.0072
931	0.0246
932	0.0072
933	0.0072
934	0.0072
935	0.0114
936	0.0122
937	0.0121
938	0.0483
939	0.0174
94	0.0012
940	0.0174
941	0.0174
942	0.0174
943	0.1438
944	0.1438
945	0.0756
946	0.0762
947	0.0266
948	0.0265
949	0.0244
95	0.0012
950	0.0264
951	0.0265
952	0.0575
953	0.069
954	0.069
955	0.0687
956	0.0711
957	0.0837
958	0.0314
959	0.0314
96	0.0012
960	0.0316
961	0.0451
962	0.0451
963	0.0507
964	0.0448
965	0.0448
966	0.0448
967	0.0448
968	0.0551
969	0.0551
97	0.0012
970	0.6602
971	0.0308
972	0.069
973	0.0693
974	0.0687
975	0.0687
976	0.069
977	0.0687
978	0.0687
979	0.0973
98	0.0012
980	0.0287
981	0.5321
982	0.051
983	0.0507
984	0.0512
985	0.1185
986	0.0507
987	0.0252
988	0.0251
989	0.0225
99	0.0012
990	0.1139
991	1.4126
992	0.2655
993	0.7432
994	0.1139
995	1.1366
996	0.0263
997	0.0263
998	0.0373
999	0.0371
