1	0.6711
10	1.3878
100	0.0017
1000	0.0939
1001	0.0939
1002	0.012
1003	0.0171
1004	0.0602
1005	0.0171
1006	0.0359
1007	0.0352
1008	0.012
1009	0.0257
101	0.0017
1010	0.0138
1011	0.0138
1012	0.0648
1013	0.0641
1014	0.0641
1015	0.0633
1016	0.0622
1017	0.0622
1018	0.0272
1019	0.0282
102	0.1647
1020	1.0736
1021	0.8701
1022	0.0151
1023	0.0103
1024	0.0461
1025	0.0763
1026	0.0763
1027	0.0511
1028	0.0209
1029	0.0031
103	0.0017
1030	0.004
1031	0.2465
1032	0.02
1033	0.004
1034	0.5
1035	0.1791
1036	0.1798
1037	0.1791
1038	0.2267
1039	1.0221
104	0.0017
1040	1.0221
1041	1.0221
1042	1.0221
1043	1.0221
1044	1.0221
1045	1.0221
1046	1.0221
1047	1.0221
1048	1.0221
1049	1.0221
105	0.0017
1050	1.0221
1051	1.0221
1052	1.0221
1053	1.0221
1054	1.0221
1055	1.0221
1056	1.0221
1057	1.0221
1058	1.0221
1059	1.0221
106	2.3482
1060	1.0221
1061	1.0221
1062	1.0221
1063	1.0221
1064	1.0221
1065	1.0221
1066	0.0078
1067	0.0078
1068	0.0078
1069	0.0078
107	1.7447
1070	0.0078
1071	0.0078
1072	0.0078
1073	0.0078
1074	0.0078
1075	0.0078
1076	0.0078
1077	0.0078
1078	0.0078
1079	0.0078
108	1.5058
1080	0.0078
1081	0.0078
1082	0.0078
1083	0.0078
1084	0.0078
1085	0.0078
1086	0.0078
1087	0.0078
1088	0.0078
1089	0.0078
109	0.7653
1090	0.0078
1091	0.0078
1092	0.0078
1093	0.0078
1094	0.0078
1095	0.0078
1096	0.0078
1097	0.0018
1098	0.0021
1099	0.0021
11	0.0044
110	0.7653
1100	0.8698
1101	1.2662
1102	0.7518
1103	0.7518
1104	0.7518
1105	0.7518
1106	0.7518
1107	0.7518
1108	0.7518
1109	0.7518
111	1.3209
1110	0.7518
1111	0.7518
1112	0.7518
1113	0.7518
1114	0.7518
1115	0.7518
1116	0.7518
1117	0.7518
1118	0.7518
1119	0.7518
112	1.7636
1120	0.7518
1121	0.7518
1122	0.7518
1123	0.7518
1124	0.7518
1125	0.7518
1126	0.7518
1127	0.7518
1128	0.7518
1129	0.7518
113	0.8786
1130	0.7518
1131	0.7518
1132	0.7518
1133	0.7518
1134	0.7518
1135	0.7518
1136	0.7518
1137	0.7518
1138	0.7518
1139	0.7518
114	0.7841
1140	0.7518
1141	0.7518
1142	0.7518
1143	0.7518
1144	0.7518
1145	0.7518
1146	0.7518
1147	0.7518
1148	0.7518
1149	0.7518
115	1.1226
1150	0.7518
1151	0.7518
1152	0.7518
1153	0.7518
1154	0.7518
1155	0.7518
1156	0.7518
1157	0.7518
1158	0.7518
1159	0.003
116	1.2014
1160	0.0553
1161	0.0716
1162	0.046
1163	0.0454
1164	0.0553
1165	0.0438
1166	0.0553
1167	0.0553
1168	0.003
1169	0.003
117	0.8308
1170	0.002
1171	0.002
1172	0.002
1173	0.002
1174	0.002
1175	0.002
1176	0.002
1177	0.0161
1178	0.3505
1179	0.1388
118	1.2026
1180	0.1388
1181	0.0388
1182	0.0388
1183	0.0388
1184	0.0388
1185	0.0388
1186	0.0388
1187	0.0226
1188	0.0238
1189	0.0238
119	3.9708
1190	0.0226
1191	0.0585
1192	0.0585
1193	0.0213
1194	0.0235
1195	0.0491
1196	0.0191
1197	0.0191
1198	0.0698
1199	0.125
12	4.7719
120	1.3016
1200	0.2893
1201	0.2893
1202	0.292
1203	0.2893
1204	0.2893
1205	0.2893
1206	0.2893
1207	0.0489
1208	0.0595
1209	0.0587
121	1.1844
1210	0.0514
1211	0.0478
1212	0.0478
1213	0.1798
1214	0.0023
1215	0.8614
1216	0.9864
1217	0.8614
1218	0.8614
1219	0.0068
122	1.3016
1220	0.0068
1221	0.0465
1222	0.0465
1223	0.0465
1224	0.0465
1225	0.0055
1226	0.0055
1227	0.0091
1228	0.0091
1229	0.0091
123	3.0664
1230	0.0091
1231	0.0091
1232	0.0091
1233	0.0091
1234	0.0059
1235	0.0059
1236	0.0059
1237	0.0059
1238	0.0059
1239	0.0059
124	2.0909
1240	0.0059
1241	0.0059
1242	0.0059
1243	0.0059
1244	0.0059
1245	0.0059
1246	0.0059
1247	0.0059
1248	0.0059
1249	0.0059
125	2.1007
1250	0.0059
1251	0.0059
1252	0.0176
1253	0.0059
1254	0.0176
1255	0.0059
1256	0.0059
1257	0.0059
1258	0.0059
1259	0.0059
126	2.1098
1260	0.0059
1261	0.0059
1262	0.0059
1263	0.0059
1264	0.0059
1265	0.0223
1266	0.0059
1267	0.0059
1268	0.0059
1269	0.0106
127	0.3936
1270	0.0106
1271	0.0106
1272	0.0106
1273	0.0106
1274	0.0106
1275	0.0106
1276	0.0106
1277	0.0106
1278	0.0106
1279	0.0098
128	0.3936
1280	0.0098
1281	0.0098
1282	0.0098
1283	0.0098
1284	0.0137
1285	0.0168
1286	0.0167
1287	0.0424
1288	0.0104
1289	0.0104
129	0.3686
1290	0.0104
1291	0.015
1292	0.0028
1293	0.125
1294	0.125
1295	0.0906
1296	0.0906
1297	0.0099
1298	0.0099
1299	0.0099
13	0.0065
130	0.3604
1300	0.0232
1301	0.0164
1302	0.0164
1303	0.0164
1304	0.0164
1305	0.0214
1306	0.0214
1307	0.0214
1308	0.0199
1309	0.0552
131	0.2614
1310	0.0096
1311	0.0057
1312	0.0131
1313	0.0435
1314	0.0435
1315	0.0435
1316	0.0435
1317	0.0435
1318	0.0435
1319	0.0435
132	9.2974
1320	0.0435
1321	0.0435
1322	0.0435
1323	0.0435
1324	0.0107
1325	0.0107
1326	0.0107
1327	0.0107
1328	0.0107
1329	0.0107
133	0.1609
1330	0.0107
1331	0.0107
1332	0.0107
1333	0.0107
1334	0.0107
1335	0.0107
1336	0.0107
1337	0.0107
1338	0.0107
1339	0.0107
134	0.1308
1340	0.0045
1341	0.0036
1342	4.7452
1343	4.7452
1344	0.0081
1345	0.0312
1346	0.0049
1347	0.0049
1348	0.0049
1349	0.0049
135	0.1848
1350	0.0049
1351	0.0049
1352	0.0049
1353	0.0049
1354	0.0049
1355	0.0049
1356	0.0049
1357	0.0049
1358	0.0049
1359	0.0049
136	0.1938
1360	0.0049
1361	0.0049
1362	0.0384
1363	0.1565
1364	0.1565
1365	0.0152
1366	0.0111
1367	0.0126
1368	0.0126
1369	0.0126
137	0.2007
1370	16.4717
1371	1.9566
1372	0.5344
1373	0.701
1374	1.103
1375	0.5172
1376	0.2672
1377	0.2672
1378	0.0358
1379	2.3619
138	0.7339
1380	0.0188
1381	0.1158
1382	0.0424
1383	0.0424
1384	0.0424
1385	0.0424
1386	0.0424
1387	0.0424
1388	0.0424
1389	0.0424
139	0.0944
1390	0.0357
1391	0.0634
1392	0.0157
1393	0.0157
1394	0.0157
1395	0.0157
1396	0.0277
1397	0.0277
1398	0.2777
1399	0.0277
14	1.1792
140	0.1583
1400	0.0277
1401	0.0277
1402	0.0071
1403	0.0214
1404	0.02
1405	0.02
1406	0.0067
1407	0.0067
1408	0.0447
1409	0.7427
141	0.0902
1410	0.7427
1411	0.7427
1412	0.7427
1413	0.7427
1414	0.7427
1415	0.7427
1416	0.7541
1417	0.774
1418	0.7427
1419	0.7729
142	0.6307
1420	0.7729
1421	0.7427
1422	0.3023
1423	0.3023
1424	0.3562
1425	0.9331
1426	0.2827
1427	0.6294
1428	0.3562
1429	0.3562
143	0.2319
1430	0.313
1431	0.3023
1432	0.3023
1433	0.0345
1434	0.0345
1435	0.0345
1436	0.0345
1437	0.0345
1438	0.05
1439	0.05
144	0.2502
1440	0.0059
1441	0.45
1442	0.0076
1443	1.1225
1444	0.0413
1445	0.0165
1446	0.0145
1447	0.0145
1448	0.0145
1449	0.0145
145	1.2249
1450	0.0145
1451	0.0145
1452	0.0145
1453	0.0145
1454	0.0145
1455	0.0145
1456	0.0145
1457	0.0386
1458	0.0218
1459	0.0496
146	0.0902
1460	0.036
1461	0.2815
1462	0.2801
1463	0.2815
1464	0.2801
1465	0.2801
1466	0.2815
1467	1.0194
1468	0.0194
1469	0.0746
147	0.0902
1470	0.0746
1471	0.0746
1472	0.0799
1473	0.3663
1474	0.3663
1475	0.3663
1476	0.3663
1477	0.3663
1478	0.3663
1479	0.3663
148	1.4061
1480	0.3663
1481	0.3663
1482	0.3663
1483	0.0917
1484	0.0917
1485	0.0917
1486	0.0917
1487	0.4563
1488	0.1229
1489	0.4563
149	0.1748
1490	0.1229
1491	0.0383
1492	0.0383
1493	0.1054
1494	0.1404
1495	0.0096
1496	0.0096
1497	0.0096
1498	0.0096
1499	0.1054
15	0.1119
150	0.4205
1500	0.0096
1501	0.0096
1502	0.204
1503	0.204
1504	0.0096
1505	0.1054
1506	0.3429
1507	0.1334
1508	0.0958
1509	0.1798
151	0.1872
1510	0.1798
1511	0.1798
1512	0.1798
1513	0.1798
1514	0.1798
1515	0.1798
1516	0.1798
1517	0.1264
1518	0.3594
1519	0.46
152	0.0903
1520	0.0112
1521	0.0112
1522	0.0112
1523	0.0112
1524	0.0112
1525	0.0112
1526	0.0112
1527	0.1376
1528	0.1376
1529	0.08
153	0.1748
1530	0.0381
1531	0.0182
1532	0.0112
1533	0.0514
1534	0.0058
1535	0.0034
1536	0.0034
1537	0.0275
1538	0.7045
1539	1.6145
154	0.0062
1540	1.8145
1541	1.3045
1542	0.7045
1543	0.0264
1544	0.0054
1545	0.002
1546	0.002
1547	0.002
1548	0.002
1549	0.002
155	0.9684
1550	0.002
1551	0.0108
1552	0.2231
1553	0.1005
1554	0.1005
1555	0.1005
1556	0.1005
1557	0.1005
1558	0.1005
1559	0.1005
156	0.1986
1560	0.1005
1561	0.0077
1562	0.0077
1563	0.0077
1564	0.008
1565	0.0038
1566	0.0015
1567	0.0015
1568	0.0015
1569	0.0015
157	0.9886
1570	0.0015
1571	0.0015
1572	0.0015
1573	0.0015
1574	0.0015
1575	0.0015
1576	0.0015
1577	0.0015
1578	0.0015
1579	0.0015
158	1.2243
1580	0.0015
1581	0.0015
1582	0.0015
1583	0.0015
1584	0.0015
1585	0.0015
1586	0.0015
1587	0.0015
1588	0.0015
1589	0.0311
159	0.9886
1590	0.0037
1591	0.0037
1592	0.0024
1593	0.0024
1594	0.0024
1595	0.0024
1596	0.0024
1597	0.0024
1598	0.0024
1599	0.0024
16	4.8334
160	1.061
1600	0.0024
1601	0.0024
1602	0.1
1603	0.1
1604	0.1
1605	0.1
1606	0.1
1607	0.0306
1608	0.1425
1609	0.1425
161	1.0555
1610	0.1425
1611	0.1425
1612	0.1425
1613	0.1425
1614	0.1
1615	0.1
1616	0.1
1617	0.1
1618	0.1
1619	0.0015
162	0.9886
1620	0.1581
1621	0.1242
1622	0.1242
1623	0.1242
1624	0.1242
1625	0.1242
1626	0.0022
1627	0.0022
1628	0.0022
1629	0.0022
163	0.9684
1630	0.0022
1631	0.0022
1632	0.0022
1633	0.0022
1634	0.03
1635	0.0022
1636	0.0022
1637	0.0022
1638	0.0022
1639	0.0015
164	0.6362
1640	0.0539
1641	0.0539
1642	0.0446
1643	0.044
1644	0.0539
1645	0.0424
1646	0.0539
1647	0.0539
1648	0.0015
1649	0.0015
165	0.9684
1650	0.0021
1651	0.0021
1652	0.0021
1653	0.0021
1654	0.0021
1655	0.0021
1656	0.0021
1657	0.0317
1658	0.0317
1659	0.0317
166	1.052
1660	0.0317
1661	0.0317
1662	0.0317
1663	0.0317
1664	0.0317
1665	0.8714
1666	0.9964
1667	0.8714
1668	0.8714
1669	0.025
167	0.9684
1670	0.025
1671	0.275
1672	0.025
1673	0.025
1674	0.025
1675	0.025
1676	0.025
1677	0.025
1678	1.328
1679	0.0089
168	0.41
1680	0.1167
1681	0.0171
1682	0.0171
1683	0.1357
1684	0.0171
1685	0.0171
1686	0.0171
1687	0.0074
1688	0.0734
1689	0.0074
169	0.41
1690	0.0074
1691	0.0074
1692	0.0074
1693	0.0074
1694	0.0074
1695	0.0074
1696	0.0096
1697	0.0096
1698	0.0096
1699	0.0096
17	0.1733
170	0.41
1700	0.0083
1701	0.0083
1702	0.0083
1703	0.0083
1704	0.0083
1705	0.0083
1706	0.0042
1707	0.0096
1708	0.0096
1709	0.0096
171	0.4115
1710	0.0096
1711	0.0096
1712	0.0096
1713	0.0096
1714	0.0096
1715	0.0096
1716	0.0096
1717	0.0096
1718	0.0096
1719	0.0096
172	0.41
1720	0.0096
1721	0.0096
1722	0.0096
1723	0.0017
1724	0.0017
1725	0.0017
1726	0.0017
1727	0.0017
1728	0.0017
1729	0.0017
173	0.4115
1730	0.0017
1731	0.0017
1732	0.0017
1733	0.0017
1734	0.0017
1735	0.0017
1736	0.0017
1737	0.0096
1738	0.0096
1739	0.0096
174	1.4849
1740	0.0096
1741	0.0017
1742	0.0017
1743	0.0017
1744	0.0017
1745	0.0017
1746	0.0017
1747	0.0017
1748	0.0017
1749	0.0017
175	1.7522
1750	0.0027
1751	0.0027
1752	0.0027
1753	0.0027
1754	0.0027
1755	0.0027
1756	0.0027
1757	0.0027
1758	0.0027
1759	0.0027
176	1.6525
1760	0.0147
1761	0.0647
1762	0.0647
1763	0.0647
1764	0.0595
1765	0.0595
1766	0.0024
1767	0.0024
1768	0.0024
1769	0.0024
177	1.6759
1770	0.0024
1771	0.0024
1772	0.002
1773	0.002
1774	0.002
1775	0.002
1776	0.002
1777	0.002
1778	0.002
1779	0.002
178	0.1903
1780	0.002
1781	0.002
1782	0.0019
1783	0.0019
1784	0.0019
1785	0.0019
1786	0.0019
1787	0.0019
1788	0.0019
1789	0.005
179	0.7866
1790	0.005
1791	0.0023
1792	0.0023
1793	0.0023
1794	0.0023
1795	0.0023
1796	0.0023
1797	0.0023
1798	0.0026
1799	0.0026
18	2.1533
180	0.6315
1800	0.0026
1801	0.0026
1802	0.0026
1803	0.0026
1804	0.0026
1805	0.0026
1806	0.0026
1807	0.0026
1808	0.0026
1809	0.0026
181	0.64
1810	0.0026
1811	0.0026
1812	0.0026
1813	0.0026
1814	0.0026
1815	0.0033
1816	0.0033
1817	0.0031
1818	0.0435
1819	0.1667
182	0.2277
1820	0.0985
1821	0.2651
1822	0.0985
1823	0.5768
1824	0.5768
1825	0.5768
1826	0.5768
1827	0.5768
1828	0.5768
1829	0.5768
183	0.6263
1830	0.5882
1831	0.6081
1832	0.5768
1833	0.607
1834	0.607
1835	0.5768
1836	0.6
1837	0.4
1838	1.2957
1839	1.2916
184	0.6836
1840	1.2916
1841	1.1803
1842	1.1707
1843	1.1707
1844	1.1707
1845	1.1707
1846	1.1707
1847	1.1707
1848	1.1707
1849	0.1304
185	0.6258
1850	0.1304
1851	0.1654
1852	0.1304
1853	0.1208
1854	0.0042
1855	0.0455
1856	0.0455
1857	0.0455
1858	0.0455
1859	0.0455
186	0.6312
1860	0.2213
1861	0.0495
1862	0.0495
1863	0.0798
1864	0.0526
1865	0.0526
1866	0.0588
1867	0.0294
1868	0.0294
1869	0.0769
187	0.643
1870	1.0
1871	3.6473
1872	4.1693
1873	4.6245
1874	2.2409
1875	6.4727
1876	5.5732
1877	6.4727
1878	6.5089
1879	0.0739
188	0.6258
1880	0.0739
1881	0.0739
1882	0.0739
1883	4.2467
1884	0.8954
1885	0.8954
1886	0.8954
1887	0.8954
1888	0.8954
1889	0.8954
189	0.4839
1890	0.8954
1891	0.8954
1892	0.8954
1893	0.8954
1894	0.8954
1895	0.8954
1896	0.0018
1897	0.0018
1898	0.0018
1899	0.0018
19	5.2981
190	0.0209
1900	0.0018
1901	0.0018
1902	0.0018
1903	0.0018
1904	0.0018
1905	0.0018
1906	0.0018
1907	0.0018
1908	0.0018
1909	0.0018
191	0.1875
1910	0.0018
1911	0.0018
1912	0.0018
1913	0.0018
1914	0.0018
1915	0.0018
1916	0.0018
1917	0.0018
1918	0.0018
1919	0.0018
192	0.1317
1920	0.0018
1921	0.0018
1922	0.0018
1923	0.0018
1924	0.0018
1925	0.0018
1926	0.0018
1927	0.0018
1928	0.0018
1929	0.0018
193	3.5587
1930	0.0018
1931	0.0018
1932	0.0018
1933	0.0018
1934	0.0018
1935	0.0018
1936	0.0018
1937	0.0018
1938	0.0018
1939	0.0018
194	0.6838
1940	0.0018
1941	0.0018
1942	0.0018
1943	0.0018
1944	0.0018
1945	0.0018
1946	0.0018
1947	0.0018
1948	0.0018
1949	0.0018
195	1.1921
1950	0.0018
1951	0.0018
1952	0.0018
1953	0.0018
1954	0.0018
1955	0.0018
1956	0.0018
1957	0.0018
1958	0.0018
1959	0.0018
196	0.7144
1960	0.0018
1961	0.0018
1962	0.0018
1963	0.0018
1964	0.0018
1965	0.0018
1966	0.0018
1967	0.0018
1968	0.0018
1969	0.0018
197	0.6337
1970	0.0018
1971	0.0018
1972	0.0018
1973	0.0018
1974	0.0018
1975	0.0018
1976	0.0018
1977	0.0018
1978	0.0018
1979	0.0018
198	0.7498
1980	0.0018
1981	0.0018
1982	0.0018
1983	0.0018
1984	0.0018
1985	0.0018
1986	0.0018
1987	0.0018
1988	0.0018
1989	0.0018
199	0.712
1990	0.0018
1991	0.0018
1992	0.0018
1993	0.0018
1994	0.0018
1995	1.0018
1996	0.0018
1997	0.0018
1998	0.0018
1999	0.0018
2	61.7648
20	2.8894
200	1.7883
2000	0.0018
2001	0.0018
2002	0.0018
2003	0.0018
2004	0.0018
2005	0.0018
2006	0.0018
2007	0.0018
2008	0.0018
2009	0.0018
201	2.1047
2010	0.0018
2011	0.0018
2012	0.0018
2013	0.0018
2014	0.0018
2015	0.0018
2016	0.0018
2017	0.0018
2018	0.0018
2019	0.0018
202	2.1412
2020	0.0018
2021	0.0018
2022	0.0018
2023	0.0018
2024	0.0018
2025	0.0018
2026	0.0018
2027	0.0018
2028	0.0018
2029	0.0018
203	0.9731
2030	0.0018
2031	0.0018
2032	0.0018
2033	0.0018
2034	0.0018
2035	0.0018
2036	0.0018
2037	0.0018
2038	0.0018
2039	0.0018
204	1.2739
2040	0.0018
2041	0.0018
2042	0.0018
2043	0.0018
2044	0.0018
2045	0.0018
2046	0.0018
2047	0.0018
2048	0.0018
2049	0.0018
205	0.9829
2050	0.0018
2051	0.0018
2052	0.0018
2053	0.0018
2054	0.0018
2055	0.0018
2056	0.0018
2057	0.0018
2058	0.0018
2059	0.0018
206	0.8885
2060	0.0018
2061	0.0018
2062	0.0018
2063	0.0018
2064	0.0018
2065	0.0018
2066	0.0018
2067	0.0018
2068	0.0018
2069	0.0018
207	0.6182
2070	0.0018
2071	0.0018
2072	0.0018
2073	0.0018
2074	0.0018
2075	0.0018
2076	0.0018
2077	0.0018
2078	0.0018
2079	0.0018
208	0.6243
2080	0.4719
2081	0.1386
2082	0.4719
2083	0.1386
2084	0.1414
2085	0.1764
2086	0.0127
2087	0.0127
2088	0.0127
2089	0.0127
209	1.2127
2090	0.1414
2091	0.0127
2092	0.0127
2093	0.2071
2094	0.2071
2095	0.0127
2096	0.1414
2097	0.346
2098	0.1292
2099	0.1286
21	5.0093
210	1.195
2100	1.3278
2101	0.0087
2102	0.1164
2103	0.125
2104	0.0333
2105	0.0294
2106	0.0294
2107	0.0332
2108	0.0332
2109	0.0332
211	0.0514
2110	0.0332
2111	0.0332
2112	0.0332
2113	0.0332
2114	0.0332
2115	0.0449
2116	0.0332
2117	0.0332
2118	0.0332
2119	0.0332
212	2.846
2120	0.0332
2121	0.0332
2122	0.0332
2123	0.0332
2124	0.0332
2125	0.0333
2126	0.0333
2127	0.3418
2128	1.2403
2129	0.3418
213	2.8868
2130	0.3418
2131	0.3418
2132	0.2
2133	0.2
2134	0.2
2135	0.2
2136	0.2
2137	0.56
2138	0.56
2139	0.66
214	2.8848
2140	0.56
2141	0.56
2142	0.56
2143	0.56
2144	1.1701
2145	1.1884
2146	1.1465
2147	1.1465
2148	1.1701
2149	0.0061
215	2.8293
2150	0.0061
2151	0.0061
2152	0.0061
2153	0.0061
2154	0.0061
2155	0.0061
2156	0.0061
2157	0.0061
2158	0.0061
2159	0.0485
216	2.8741
2160	0.0485
2161	0.0485
2162	0.0485
2163	0.0485
2164	0.0485
2165	0.0485
2166	0.0485
2167	0.0119
2168	0.0119
2169	0.0119
217	6.6783
2170	0.0119
2171	0.7892
2172	3.6295
2173	0.0119
2174	0.0119
2175	0.0119
2176	0.0119
2177	0.0119
2178	0.0119
2179	0.0119
218	1.5344
2180	0.0064
2181	0.0064
2182	0.0064
2183	0.0064
2184	0.0064
2185	0.0064
2186	0.0064
2187	0.0064
2188	0.0064
2189	0.0064
219	0.3186
2190	0.0064
2191	0.0064
2192	0.0064
2193	1.0842
2194	1.0615
2195	1.0615
2196	1.0842
2197	1.0842
2198	1.0417
2199	0.8438
22	0.0044
220	0.3233
2200	0.8438
2201	0.8438
2202	0.8438
2203	0.8438
2204	0.8438
2205	0.8438
2206	0.8438
2207	0.8438
2208	0.8438
2209	0.7857
221	0.9124
2210	0.004
2211	0.0148
2212	0.0363
2213	0.0121
2214	0.0073
2215	0.0105
2216	0.004
2217	0.004
2218	0.0046
2219	0.0127
222	0.9124
2220	0.0046
2221	0.01
2222	0.0208
2223	0.0046
2224	0.0046
2225	0.0081
2226	0.0081
2227	0.0081
2228	0.0081
2229	0.0162
223	0.0117
2230	0.0108
2231	0.0054
2232	0.0054
2233	0.0054
2234	0.0054
2235	0.0108
2236	0.0269
2237	0.0108
2238	0.0162
2239	0.0162
224	1.8822
2240	0.0162
2241	0.0108
2242	0.0108
2243	0.0108
2244	0.0162
2245	0.0162
2246	0.0081
2247	0.0081
2248	0.0081
2249	0.0113
225	0.4605
2250	0.0032
2251	0.0032
2252	0.0032
2253	0.0032
2254	0.0032
2255	0.0032
2256	0.0032
2257	0.0032
2258	0.0242
2259	0.0081
226	0.5855
2260	0.0108
2261	0.0162
2262	0.0108
2263	0.0162
2264	0.0065
2265	0.0065
2266	0.0065
2267	0.0118
2268	0.0242
2269	0.0054
227	0.4512
2270	0.0065
2271	0.0065
2272	0.0065
2273	0.0065
2274	0.0065
2275	0.0162
2276	0.0162
2277	0.0162
2278	0.0162
2279	0.0108
228	0.4605
2280	0.0108
2281	0.0162
2282	0.0269
2283	0.0377
2284	0.0108
2285	0.0065
2286	0.0065
2287	0.0065
2288	0.0065
2289	0.0065
229	0.9058
2290	0.0323
2291	0.0081
2292	0.0081
2293	0.0081
2294	0.0162
2295	0.0162
2296	0.0162
2297	0.0162
2298	0.004
2299	0.004
23	0.0946
230	0.4605
2300	0.004
2301	0.004
2302	0.004
2303	0.004
2304	0.004
2305	0.004
2306	0.0465
2307	0.0465
2308	0.0465
2309	0.0465
231	0.2643
2310	0.0071
2311	0.0071
2312	0.0071
2313	0.0071
2314	0.0071
2315	0.0071
2316	0.0071
2317	0.0071
2318	0.0071
2319	0.0071
232	0.1784
2320	0.0071
2321	0.0071
2322	0.0071
2323	0.0071
2324	0.0071
2325	0.0071
2326	0.0071
2327	0.0071
2328	0.0188
2329	0.0071
233	0.1784
2330	0.0188
2331	0.0071
2332	0.0071
2333	0.0071
2334	0.0071
2335	0.0071
2336	0.0071
2337	0.0235
2338	0.0071
2339	0.0071
234	0.1784
2340	0.0071
2341	0.0137
2342	0.0168
2343	0.0167
2344	0.0424
2345	0.0099
2346	0.0099
2347	0.0099
2348	0.0164
2349	0.0164
235	0.4662
2350	0.0164
2351	0.0164
2352	0.0199
2353	0.0096
2354	0.118
2355	0.0275
2356	0.0275
2357	0.0275
2358	0.0275
2359	0.0071
236	0.4764
2360	0.0067
2361	0.0067
2362	1.5
2363	0.125
2364	0.0117
2365	0.0294
2366	0.0294
2367	0.0833
2368	0.0833
2369	0.0833
237	0.1784
2370	0.1071
2371	0.1071
2372	0.0196
2373	0.0196
2374	0.0196
2375	0.0196
2376	0.0196
2377	0.0588
2378	0.043
2379	0.043
238	0.1784
2380	0.043
2381	0.043
2382	0.043
2383	0.043
2384	0.043
2385	0.0765
2386	0.0177
2387	0.0177
2388	0.0177
2389	0.0177
239	0.1784
2390	0.0177
2391	0.0177
2392	0.0177
2393	0.0177
2394	0.0177
2395	0.0177
2396	0.0177
2397	0.0177
2398	0.0177
2399	0.0177
24	0.4772
240	0.6119
2400	0.0177
2401	0.0177
2402	0.5508
2403	0.0215
2404	0.0215
2405	0.0215
2406	0.0215
2407	0.0215
2408	0.0215
2409	0.0215
241	0.1837
2410	0.0215
2411	0.0215
2412	0.0215
2413	0.0215
2414	0.0215
2415	0.0215
2416	0.0215
2417	0.1003
2418	0.1003
2419	0.1003
242	0.4346
2420	0.043
2421	0.043
2422	0.043
2423	0.043
2424	0.043
2425	0.043
2426	0.043
2427	0.0143
2428	0.0143
2429	0.0143
243	0.1784
2430	0.0143
2431	0.0143
2432	0.0143
2433	0.0143
2434	0.0143
2435	0.0143
2436	0.0143
2437	0.0143
2438	0.0143
2439	0.0143
244	0.3971
2440	0.0143
2441	0.0133
2442	0.0133
2443	0.0133
2444	0.0133
2445	0.0133
2446	0.0111
2447	0.0111
2448	0.0111
2449	0.0111
245	0.3971
2450	0.0191
2451	0.0111
2452	0.0177
2453	0.0107
2454	0.0107
2455	0.0045
2456	0.0107
2457	0.0114
2458	0.0107
2459	0.0045
246	0.5424
2460	0.0022
2461	0.0022
2462	0.0022
2463	0.0022
2464	0.0022
2465	0.0022
2466	0.0022
2467	0.0022
2468	0.0022
2469	0.0022
247	0.1784
2470	0.0022
2471	0.0022
2472	0.0022
2473	0.0022
2474	0.0022
2475	0.0022
2476	0.0022
2477	0.0022
2478	0.0022
2479	0.0022
248	4.7769
2480	0.0022
2481	0.0022
2482	0.0125
2483	0.0069
2484	0.0069
2485	0.0817
2486	0.0817
2487	0.0026
2488	0.0026
2489	0.0026
249	0.5523
2490	0.0026
2491	0.0026
2492	0.0026
2493	0.0026
2494	0.0026
2495	0.0026
2496	0.0026
2497	0.0026
2498	0.0026
2499	0.0026
25	0.0044
250	0.5405
2500	0.0026
2501	0.0026
2502	0.0026
2503	0.0026
2504	0.0026
2505	0.0026
2506	0.0026
2507	0.0026
2508	0.0026
2509	0.0026
251	0.5419
2510	0.3495
2511	0.2732
2512	0.2732
2513	0.2732
2514	0.2732
2515	0.0763
2516	0.0763
2517	0.0763
2518	0.0426
2519	0.0426
252	0.5405
2520	0.0426
2521	0.0426
2522	0.0426
2523	0.0426
2524	0.1093
2525	0.0426
2526	0.0426
2527	0.0426
2528	0.0426
2529	0.0426
253	0.1798
2530	0.0426
2531	0.0426
2532	0.046
2533	0.046
2534	0.046
2535	0.2
2536	0.6755
2537	1.0505
2538	1.0505
2539	0.6755
254	0.0838
2540	0.0192
2541	0.0192
2542	0.0192
2543	0.0192
2544	0.0118
2545	0.0118
2546	0.0119
2547	0.031
2548	0.031
2549	0.031
255	0.1262
2550	0.031
2551	1.0147
2552	1.0147
2553	1.0147
2554	1.0147
2555	0.0065
2556	0.0065
2557	0.0065
2558	0.0065
2559	0.0065
256	0.1208
2560	0.0065
2561	0.0065
2562	0.0065
2563	0.0455
2564	0.0118
2565	0.0118
2566	0.0118
2567	0.0118
2568	0.0118
2569	0.0035
257	0.1939
2570	0.0035
2571	0.0035
2572	0.0035
2573	0.0035
2574	0.0035
2575	0.0035
2576	0.0035
2577	0.0035
2578	0.0035
2579	0.0035
258	1.5776
2580	0.0035
2581	0.0035
2582	0.0035
2583	0.0035
2584	0.0035
2585	0.0035
2586	0.0294
2587	0.0294
2588	0.2
2589	0.035
259	1.5776
2590	0.035
2591	0.035
2592	0.0536
2593	0.0536
2594	0.0536
2595	0.0536
2596	0.0536
2597	0.0536
2598	0.3833
2599	0.1171
26	6.535
260	1.5776
2600	0.1171
2601	0.1171
2602	0.1171
2603	0.1171
2604	0.0576
2605	0.0576
2606	0.0576
2607	0.0576
2608	0.0576
2609	0.0576
261	0.3262
2610	0.042
2611	0.042
2612	0.042
2613	0.042
2614	0.042
2615	0.0129
2616	0.0129
2617	0.0199
2618	0.0129
2619	0.0199
262	0.4951
2620	0.0129
2621	0.0129
2622	0.0129
2623	0.0129
2624	0.007
2625	0.007
2626	0.007
2627	0.007
2628	0.007
2629	0.007
263	0.2451
2630	0.0021
2631	0.0021
2632	0.0021
2633	0.0021
2634	0.0021
2635	0.0021
2636	0.0021
2637	0.0021
2638	0.0299
2639	0.0021
264	0.4323
2640	0.0021
2641	0.0021
2642	0.0021
2643	0.002
2644	0.002
2645	0.002
2646	0.002
2647	0.002
2648	0.002
2649	0.002
265	0.2742
2650	0.0034
2651	0.0034
2652	0.0034
2653	0.0034
2654	0.0034
2655	0.0034
2656	0.0034
2657	0.0034
2658	0.0034
2659	0.0034
266	0.2542
2660	0.0034
2661	0.0034
2662	0.0034
2663	0.0923
2664	0.0159
2665	0.0159
2666	0.0159
2667	0.0095
2668	0.0095
2669	0.0095
267	0.4014
2670	0.0095
2671	1.0556
2672	1.0556
2673	1.0556
2674	1.0556
2675	1.0556
2676	0.1429
2677	0.0071
2678	0.0111
2679	0.0111
268	0.4757
2680	0.0185
2681	0.0465
2682	0.0465
2683	0.0465
2684	0.0465
2685	0.0059
2686	0.0059
2687	0.0059
2688	0.0059
2689	0.0059
269	0.2451
2690	0.0059
2691	0.0059
2692	0.0059
2693	0.0059
2694	0.0059
2695	0.0059
2696	0.0059
2697	0.0059
2698	0.0059
2699	0.0059
27	20.116
270	0.2553
2700	0.0059
2701	0.0059
2702	0.0059
2703	0.0176
2704	0.0059
2705	0.0176
2706	0.0059
2707	0.0059
2708	0.0059
2709	0.0059
271	0.2432
2710	0.0223
2711	0.0059
2712	0.0059
2713	0.0059
2714	0.0137
2715	0.0168
2716	0.0167
2717	0.0424
2718	0.0099
2719	0.0099
272	0.467
2720	0.0099
2721	0.0164
2722	0.0164
2723	0.0164
2724	0.0164
2725	0.0199
2726	0.0096
2727	0.0634
2728	0.0157
2729	0.0157
273	0.2527
2730	0.0157
2731	0.0157
2732	0.0071
2733	0.0067
2734	0.0067
2735	0.125
2736	0.5
2737	0.0083
2738	0.0083
2739	0.0083
274	0.2677
2740	0.0083
2741	0.0083
2742	0.0083
2743	0.0083
2744	0.0083
2745	0.0083
2746	0.0083
2747	0.0083
2748	0.5
2749	0.5
275	0.3821
2750	1.0
2751	1.0
2752	1.0
2753	0.3
2754	1.0
2755	1.0
2756	1.0
2757	1.0
2758	1.0
2759	1.0
276	0.3089
2760	1.0
2761	1.0
2762	1.0
2763	0.0111
2764	0.0111
2765	0.0111
2766	0.0111
2767	0.0111
2768	0.0111
2769	0.0111
277	0.2835
2770	0.0111
2771	0.8954
2772	0.8954
2773	0.8954
2774	0.8954
2775	0.8954
2776	0.8954
2777	0.8954
2778	0.8954
2779	0.8954
278	0.2889
2780	0.8954
2781	0.8954
2782	0.8954
2783	0.0071
2784	0.05
2785	0.05
2786	0.45
2787	0.4
2788	0.4
2789	0.0455
279	0.2511
2790	0.0455
2791	0.0455
2792	0.0455
2793	0.0455
2794	0.0526
2795	0.0526
2796	0.0588
2797	0.0769
2798	1.0
2799	0.0018
28	19.2796
280	5.0818
2800	0.0018
2801	0.0018
2802	0.0018
2803	0.0018
2804	0.0018
2805	0.0018
2806	0.0018
2807	0.0018
2808	0.0018
2809	0.0018
281	0.2527
2810	0.0018
2811	0.0018
2812	0.0018
2813	0.0018
2814	0.0018
2815	0.0018
2816	0.0018
2817	0.0018
2818	0.0018
2819	0.0018
282	0.3368
2820	0.0018
2821	0.0018
2822	0.0018
2823	0.0018
2824	0.0018
2825	0.0018
2826	0.0018
2827	0.0018
2828	0.0018
2829	0.0018
283	0.2542
2830	0.0018
2831	0.0018
2832	0.0018
2833	0.0018
2834	0.0018
2835	0.0018
2836	0.0018
2837	0.0018
2838	0.0018
2839	0.0018
284	0.268
2840	0.0018
2841	0.0018
2842	0.0018
2843	0.0018
2844	0.0018
2845	0.0018
2846	0.0018
2847	0.0018
2848	0.0018
2849	0.0018
285	0.2754
2850	0.0018
2851	0.0018
2852	0.0018
2853	0.0018
2854	0.0018
2855	0.0018
2856	0.0018
2857	0.0018
2858	0.0018
2859	0.0018
286	0.2451
2860	0.0018
2861	0.0018
2862	0.0018
2863	0.0018
2864	0.0018
2865	0.0018
2866	0.0018
2867	0.0018
2868	0.0018
2869	0.0018
287	0.2451
2870	0.0018
2871	0.0018
2872	0.0018
2873	0.0018
2874	0.0018
2875	0.0018
2876	0.0018
2877	0.0018
2878	0.0018
2879	0.0018
288	0.2855
2880	0.0018
2881	0.0018
2882	0.0018
2883	0.0018
2884	0.0018
2885	0.0018
2886	0.0018
2887	0.0018
2888	0.0018
2889	0.0018
289	0.2542
2890	0.0018
2891	0.0018
2892	0.0018
2893	0.0018
2894	0.0018
2895	0.0018
2896	0.0018
2897	0.0018
2898	0.0018
2899	0.0018
29	16.5975
290	0.2634
2900	0.0018
2901	0.0018
2902	0.0018
2903	0.0018
2904	0.0018
2905	0.0018
2906	0.0018
2907	0.0018
2908	0.0018
2909	0.0018
291	0.3251
2910	0.0018
2911	0.0018
2912	0.0018
2913	0.0018
2914	0.0018
2915	0.0018
2916	0.0018
2917	0.0018
2918	0.0018
2919	0.0018
292	0.3049
2920	0.0018
2921	0.0018
2922	0.0018
2923	0.0018
2924	0.0018
2925	0.0018
2926	0.0018
2927	0.0018
2928	0.0018
2929	0.0018
293	0.2699
2930	0.0018
2931	0.0018
2932	0.0018
2933	0.0018
2934	0.0018
2935	0.0018
2936	0.0018
2937	0.0018
2938	0.0018
2939	0.0018
294	0.1245
2940	0.0018
2941	0.0018
2942	0.0018
2943	0.0018
2944	0.0018
2945	0.0018
2946	0.0018
2947	0.0018
2948	0.0018
2949	0.0018
295	0.1251
2950	0.0018
2951	0.0018
2952	0.0018
2953	0.0018
2954	0.0018
2955	0.0018
2956	0.0018
2957	0.0018
2958	0.0018
2959	0.0018
296	0.1239
2960	0.0018
2961	0.0018
2962	0.0018
2963	0.0018
2964	0.0018
2965	0.0018
2966	0.0018
2967	0.0018
2968	0.0018
2969	0.0018
297	0.1256
2970	0.0018
2971	0.0018
2972	0.0018
2973	0.0018
2974	0.0018
2975	0.0018
2976	0.0018
2977	0.0018
2978	0.0018
2979	0.0018
298	0.1262
2980	0.0018
2981	0.0018
2982	0.0018
2983	0.8333
2984	0.1666
2985	0.1666
2986	0.1666
2987	0.1666
2988	0.1666
2989	0.1666
299	0.1239
2990	0.0177
2991	0.0107
2992	0.0107
2993	0.0107
2994	0.0045
2995	0.0107
2996	0.0114
2997	0.0107
2998	0.0045
2999	0.0022
3	0.1588
30	9.0062
300	0.5149
3000	0.0022
3001	0.0022
3002	0.0022
3003	0.0022
3004	0.0022
3005	0.0022
3006	0.0022
3007	0.0022
3008	0.0022
3009	0.0022
301	0.1239
3010	0.0022
3011	0.0022
3012	0.0022
3013	0.0022
3014	0.0022
3015	0.0022
3016	0.0022
3017	0.0022
3018	0.0022
3019	0.0022
302	0.3618
3020	0.0022
3021	0.0299
3022	0.0022
3023	0.0022
3024	0.0022
3025	0.0022
3026	0.0125
3027	0.0125
3028	0.0069
3029	0.0069
303	1.5584
3030	0.0817
3031	0.0817
3032	0.0026
3033	0.0026
3034	0.0026
3035	0.0026
3036	0.0026
3037	0.0026
3038	0.0026
3039	0.0026
304	0.0053
3040	0.0026
3041	0.0026
3042	0.0026
3043	0.0026
3044	0.0026
3045	0.0026
3046	0.0026
3047	0.0026
3048	0.0026
3049	0.0026
305	0.2449
3050	0.0026
3051	0.0026
3052	0.0026
3053	0.0026
3054	0.0026
3055	0.4563
3056	0.1229
3057	0.4563
3058	0.1229
3059	0.0096
306	0.5858
3060	0.0096
3061	0.0096
3062	0.0096
3063	0.0096
3064	0.0096
3065	0.204
3066	0.204
3067	0.0096
3068	0.3429
3069	0.035
307	0.2919
3070	0.035
3071	0.035
3072	0.0536
3073	0.0536
3074	0.0536
3075	0.0536
3076	0.0536
3077	0.0536
3078	0.0303
3079	0.0303
308	0.0145
3080	0.0303
3081	0.0303
3082	0.0303
3083	0.0303
3084	0.0303
3085	0.0303
3086	0.0303
3087	0.0303
3088	0.6801
3089	4.9348
309	0.3762
3090	0.1965
3091	0.1965
3092	0.1965
3093	0.1965
3094	0.2511
3095	0.685
3096	0.1965
3097	0.037
3098	0.4149
3099	0.407
31	7.6984
310	0.2899
3100	0.407
3101	0.407
3102	0.2245
3103	0.2245
3104	0.2325
3105	0.407
3106	0.407
3107	0.4213
3108	0.407
3109	0.6621
311	0.2915
3110	0.407
3111	2.5693
3112	0.4834
3113	0.4181
3114	0.0298
3115	0.1298
3116	0.0298
3117	1.0298
3118	0.0298
3119	0.4292
312	0.3104
3120	0.4861
3121	0.0162
3122	0.0036
3123	0.0054
3124	0.0036
3125	0.2054
3126	0.009
3127	0.009
3128	0.0108
3129	1.0054
313	0.2899
3130	0.035
3131	0.035
3132	0.035
3133	0.0536
3134	0.0536
3135	0.0536
3136	0.0536
3137	0.0536
3138	0.0536
3139	0.3833
314	0.2899
3140	0.8954
3141	0.8954
3142	0.8954
3143	0.8954
3144	0.8954
3145	0.8954
3146	0.8954
3147	0.8954
3148	0.8954
3149	0.8954
315	0.2899
3150	0.8954
3151	0.8954
3152	0.0526
3153	0.0175
3154	0.0175
3155	0.0175
3156	1.1267
3157	0.2596
3158	0.0096
3159	0.6667
316	0.2899
3160	0.0096
3161	0.3429
3162	0.0096
3163	1.1072
3164	4.312
3165	0.0096
3166	0.0096
3167	0.0417
3168	0.0417
3169	0.05
317	0.2899
3170	0.1516
3171	0.2762
3172	0.2762
3173	0.1516
3174	0.0312
3175	0.0312
3176	0.0312
3177	0.7773
3178	0.7773
3179	0.7773
318	0.2899
3180	1.0332
3181	1.7
3182	1.7773
3183	1.0273
3184	1.7773
3185	0.7773
3186	2.1941
3187	1.2059
3188	1.7772
3189	1.5773
319	0.2899
3190	1.5773
3191	0.9626
3192	0.7773
3193	0.7773
3194	0.7773
3195	0.7773
3196	0.3197
3197	0.0117
3198	0.0294
3199	0.0294
32	9.6434
320	0.4584
3200	0.0833
3201	0.0833
3202	0.0833
3203	0.0196
3204	0.0196
3205	0.0196
3206	0.0196
3207	0.0196
3208	0.0133
3209	0.0133
321	0.1062
3210	0.0133
3211	0.0133
3212	0.0133
3213	0.0111
3214	0.0111
3215	0.0111
3216	0.0111
3217	0.0191
3218	0.0111
3219	0.3333
322	0.1074
3220	7.546
3221	5.9216
3222	2.1338
3223	4.2973
3224	6.463
3225	3.3954
3226	5.38
3227	9.8933
3228	4.8387
3229	3.0347
323	0.1074
3230	0.3334
3231	0.1
3232	0.1
3233	0.25
3234	0.25
3235	0.25
3236	0.0367
3237	0.0367
3238	0.9349
3239	0.5914
324	0.0349
3240	0.5914
3241	0.0392
3242	0.0392
3243	0.0392
3244	0.0392
3245	0.0392
3246	0.0392
3247	0.0392
3248	0.0392
3249	0.0392
325	0.0935
3250	0.0392
3251	0.0392
3252	0.0392
3253	0.0392
3254	0.0392
3255	0.0392
3256	0.0392
3257	0.0392
3258	0.0392
3259	0.0392
326	0.0935
3260	0.0392
3261	0.0392
3262	0.0392
3263	0.0392
3264	0.0392
3265	0.0392
3266	0.0392
3267	0.0714
3268	0.0667
3269	0.0667
327	0.0935
3270	0.0667
3271	0.025
3272	0.025
3273	0.025
3274	3.0211
3275	0.025
3276	0.225
3277	0.225
3278	0.225
3279	0.0079
328	0.0935
3280	0.0079
3281	0.0079
3282	0.0079
3283	0.0079
3284	0.0079
3285	0.0079
3286	0.0079
3287	0.0079
3288	0.0079
3289	0.0079
329	0.0935
3290	0.0079
3291	0.0079
3292	0.0079
3293	0.0079
3294	0.0079
3295	0.0079
3296	0.0079
3297	0.0079
3298	0.0079
3299	0.1667
33	10.8018
330	0.0935
3300	0.0428
3301	0.0428
3302	0.0428
3303	0.0143
3304	0.0143
3305	0.0143
3306	0.0143
3307	0.0143
3308	0.0143
3309	0.0143
331	0.0768
3310	0.0143
3311	0.0143
3312	0.0143
3313	0.0102
3314	0.0102
3315	0.0102
3316	0.0102
3317	0.0102
3318	0.0102
3319	0.0119
332	0.1425
3320	0.0119
3321	0.0397
3322	0.0312
3323	0.0312
3324	0.0312
3325	0.0312
3326	0.0312
3327	0.0312
3328	0.0312
3329	0.0278
333	0.0019
3330	0.0278
3331	0.0278
3332	0.0278
3333	0.0278
3334	0.0278
3335	0.0278
3336	0.0278
3337	0.0278
3338	0.0667
3339	0.0714
334	0.0533
3340	0.0704
3341	0.0143
3342	0.0143
3343	0.0143
3344	0.0143
3345	0.0143
3346	0.0143
3347	0.0143
3348	0.0143
3349	0.0143
335	0.0533
3350	0.0143
3351	0.05
3352	0.05
3353	0.05
3354	0.05
3355	0.05
3356	0.0588
3357	0.007
3358	0.007
3359	0.007
336	0.0533
3360	0.007
3361	0.007
3362	0.0111
3363	0.0111
3364	0.0185
3365	0.0136
3366	0.0136
3367	0.0136
3368	0.0136
3369	0.0136
337	0.04
3370	0.0136
3371	0.0136
3372	0.0136
3373	0.0136
3374	0.0136
3375	0.0136
3376	0.0136
3377	0.0136
3378	0.0136
3379	0.0136
338	0.04
3380	0.0136
3381	0.0136
3382	0.0136
3383	0.0136
3384	0.0136
3385	0.0136
3386	0.0136
3387	0.0136
3388	0.0136
3389	0.0136
339	0.04
3390	0.0136
3391	0.0136
3392	0.023
3393	0.0136
3394	0.0136
3395	0.0136
3396	0.0136
3397	0.0136
3398	0.0136
3399	0.0136
34	8.7631
340	0.4605
3400	0.023
3401	0.0136
3402	0.0136
3403	0.0136
3404	0.0136
3405	0.0136
3406	0.0136
3407	0.0136
3408	0.0136
3409	0.0136
341	0.7368
3410	0.0136
3411	0.0136
3412	0.0136
3413	0.0136
3414	0.0136
3415	0.0136
3416	0.0136
3417	0.0136
3418	0.0136
3419	0.0136
342	0.0117
3420	0.0136
3421	0.0136
3422	0.0136
3423	0.0136
3424	0.0136
3425	0.0136
3426	0.0136
3427	0.0136
3428	0.0136
3429	0.0136
343	0.0117
3430	0.0136
3431	0.0136
3432	0.0136
3433	0.0136
3434	0.0136
3435	0.0136
3436	0.0136
3437	0.0136
3438	0.0136
3439	0.0136
344	0.7159
3440	0.0136
3441	0.0136
3442	0.0136
3443	0.0136
3444	0.0136
3445	0.0136
3446	0.0136
3447	0.0136
3448	0.0136
3449	0.0136
345	0.0093
3450	0.0136
3451	0.0136
3452	0.0136
3453	0.0136
3454	0.0136
3455	0.0136
3456	0.0136
3457	0.0136
3458	0.0136
3459	0.0136
346	0.0184
3460	0.0136
3461	0.0136
3462	0.0136
3463	0.0136
3464	0.0136
3465	0.0136
3466	0.0136
3467	0.0136
3468	0.0136
3469	0.0136
347	0.0184
3470	0.0136
3471	0.0833
3472	0.0833
3473	0.0833
3474	0.0833
3475	0.0833
3476	0.0833
3477	0.0833
3478	0.0833
3479	1.0595
348	0.0204
3480	1.0595
3481	1.0595
3482	1.0595
3483	1.0595
3484	1.0595
3485	1.0595
3486	1.0595
3487	1.0595
3488	1.0595
3489	0.0117
349	0.0184
3490	0.0294
3491	0.0294
3492	0.0833
3493	0.0833
3494	0.0833
3495	0.0196
3496	0.0196
3497	0.0196
3498	0.0196
3499	0.0196
35	7.0598
350	0.0147
3500	0.0133
3501	0.0133
3502	0.0133
3503	0.0133
3504	0.0133
3505	0.0111
3506	0.0111
3507	0.0111
3508	0.0111
3509	0.0191
351	0.0113
3510	0.0111
3511	0.25
3512	0.4861
3513	0.2
3514	1.0054
3515	0.5
3516	0.5
3517	0.0428
3518	0.0428
3519	0.0428
352	0.0093
3520	0.212
3521	0.0037
3522	0.212
3523	0.0037
3524	0.0037
3525	0.0037
3526	0.0037
3527	0.0037
3528	0.0037
3529	0.0037
353	0.0093
3530	0.0037
3531	0.0037
3532	0.018
3533	0.0037
3534	0.018
3535	0.0037
3536	0.0037
3537	0.0037
3538	0.0037
3539	0.0037
354	0.0093
3540	0.0037
3541	0.0037
3542	0.0037
3543	0.0037
3544	0.0037
3545	0.0037
3546	0.0037
3547	0.0037
3548	0.0037
3549	0.0037
355	0.0093
3550	0.0037
3551	0.0037
3552	0.0037
3553	0.0037
3554	0.0037
3555	0.212
3556	0.0037
3557	0.0037
3558	0.0037
3559	0.0037
356	2.4067
3560	0.0037
3561	0.0037
3562	0.0037
3563	0.0037
3564	0.0143
3565	0.0143
3566	0.0143
3567	0.0143
3568	0.0143
3569	0.0143
357	2.3985
3570	0.0143
3571	0.0143
3572	0.0143
3573	0.0143
3574	0.0102
3575	0.0102
3576	0.0102
3577	0.0102
3578	0.0102
3579	0.0102
358	0.9188
3580	0.0115
3581	0.0115
3582	0.0393
3583	0.3833
3584	2.3642
3585	2.7616
3586	3.0013
3587	2.7616
3588	0.0203
3589	0.0203
359	1.0438
3590	1.4532
3591	0.3464
3592	0.3464
3593	0.3464
3594	0.0275
3595	0.0275
3596	0.0275
3597	0.0192
3598	0.0275
3599	0.0275
36	11.2596
360	0.9188
3600	0.3909
3601	0.0159
3602	0.1738
3603	0.0143
3604	0.2643
3605	0.05
3606	0.05
3607	0.0088
3608	0.0505
3609	0.0088
361	0.9188
3610	0.0505
3611	0.0231
3612	0.0231
3613	0.6648
3614	0.0505
3615	0.0607
3616	0.0704
3617	0.0063
3618	0.0063
3619	0.0063
362	1.1908
3620	0.0063
3621	0.0063
3622	0.0063
3623	0.0063
3624	0.016
3625	0.0063
3626	0.2218
3627	0.0097
3628	0.0097
3629	0.0097
363	0.162
3630	0.0097
3631	0.0097
3632	0.0097
3633	0.0097
3634	0.01
3635	0.01
3636	0.01
3637	0.2381
3638	0.1476
3639	0.1476
364	0.162
3640	0.1476
3641	0.1476
3642	0.1476
3643	2.002
3644	2.002
3645	1.8695
3646	1.8695
3647	1.8695
3648	1.8695
3649	0.1126
365	0.2201
3650	0.1126
3651	0.1126
3652	0.1126
3653	0.1126
3654	0.1126
3655	0.1126
3656	0.1126
3657	0.1126
3658	0.1126
3659	0.2476
366	0.162
3660	0.0476
3661	0.0476
3662	0.0476
3663	0.0476
3664	0.9444
3665	0.0213
3666	0.0213
3667	0.0213
3668	0.0213
3669	0.0213
367	0.162
3670	0.0213
3671	0.0213
3672	0.0213
3673	0.0213
3674	0.0213
3675	0.0213
3676	0.0213
3677	0.0213
3678	0.0213
3679	0.0213
368	0.162
3680	0.0213
3681	0.0213
3682	0.0213
3683	0.0213
3684	0.0213
3685	0.0213
3686	0.0213
3687	0.0213
3688	0.0213
3689	0.0213
369	1.3504
3690	0.0213
3691	0.0213
3692	0.0213
3693	0.0213
3694	0.0213
3695	0.0213
3696	0.0213
3697	0.0213
3698	0.0213
3699	0.0213
37	31.1019
370	0.0158
3700	0.6667
3701	2.0
3702	0.4861
3703	0.3333
3704	0.3693
3705	1.0321
3706	0.6315
3707	0.4163
3708	0.4163
3709	0.2309
371	0.0405
3710	0.2187
3711	0.4163
3712	0.2401
3713	0.2565
3714	0.2565
3715	0.2565
3716	0.2692
3717	0.2692
3718	0.3315
3719	0.3126
372	0.0539
3720	0.6459
3721	0.1538
3722	0.1538
3723	0.0154
3724	0.0154
3725	0.0154
3726	0.2906
3727	0.2906
3728	0.2906
3729	1.1242
373	0.0539
3730	0.0154
3731	0.0154
3732	0.0154
3733	2.9619
3734	3.4252
3735	2.9712
3736	2.9619
3737	0.3172
3738	0.8178
3739	1.1589
374	0.0447
3740	4.119
3741	0.4524
3742	1.3172
3743	0.3172
3744	0.3172
3745	0.3172
3746	0.3172
3747	0.3172
3748	0.1111
3749	0.2222
375	0.044
3750	0.1111
3751	0.0053
3752	0.0053
3753	0.0053
3754	0.0053
3755	0.0053
3756	0.0053
3757	0.0053
3758	0.0053
3759	0.0575
376	0.0539
3760	0.0575
3761	0.0575
3762	0.6954
3763	0.6954
3764	0.6954
3765	0.6954
3766	1.0238
3767	1.0238
3768	0.256
3769	0.256
377	0.0424
3770	0.256
3771	0.256
3772	0.256
3773	1.0119
3774	1.0119
3775	1.0119
3776	1.0119
3777	0.0119
3778	0.0119
3779	0.0119
378	0.0539
3780	0.0119
3781	1.0079
3782	1.2579
3783	1.0079
3784	1.0079
3785	1.0079
3786	1.0079
3787	0.1854
3788	0.2211
3789	1.0159
379	0.0539
3790	1.0159
3791	1.0159
3792	0.8095
3793	0.8095
3794	0.8095
3795	0.8095
3796	0.8095
3797	0.8095
3798	0.8095
3799	0.8095
38	28.4569
380	0.0016
3800	0.3333
3801	0.3334
3802	0.0667
3803	0.0667
3804	0.0667
3805	0.025
3806	0.025
3807	0.025
3808	3.0211
3809	0.025
381	0.0016
3810	0.225
3811	0.225
3812	0.225
3813	0.0079
3814	0.0079
3815	0.0079
3816	0.0079
3817	0.0079
3818	0.0079
3819	0.0079
382	0.1047
3820	0.0079
3821	0.0079
3822	0.0079
3823	0.0079
3824	0.0079
3825	0.0079
3826	0.0079
3827	0.0079
3828	0.0079
3829	0.0079
383	0.1047
3830	0.0079
3831	0.0079
3832	0.0079
3833	0.1667
3834	10.9564
3835	2.3878
3836	0.6144
3837	0.5455
3838	0.54
3839	0.54
384	0.2398
3840	0.54
3841	0.54
3842	0.54
3843	0.54
3844	0.54
3845	0.54
3846	0.54
3847	0.54
3848	0.54
3849	0.54
385	0.2398
3850	0.54
3851	0.54
3852	0.54
3853	0.54
3854	0.54
3855	0.54
3856	0.54
3857	0.54
3858	0.54
3859	0.54
386	0.2398
3860	0.54
3861	0.54
3862	0.54
3863	0.54
3864	0.54
3865	0.54
3866	0.54
3867	0.54
3868	0.54
3869	0.54
387	0.4888
3870	0.5455
3871	0.5769
3872	2.2253
3873	6.0814
3874	0.1707
3875	8.5815
3876	2.0168
3877	0.618
3878	0.549
3879	0.5434
388	0.1074
3880	0.5434
3881	0.5434
3882	0.5434
3883	0.5434
3884	0.5434
3885	0.5434
3886	0.5434
3887	0.5434
3888	0.5434
3889	0.5434
389	0.4146
3890	0.5434
3891	0.5434
3892	0.5434
3893	0.5434
3894	0.5434
3895	0.5434
3896	0.5434
3897	0.5434
3898	0.5434
3899	0.5434
39	10.0788
390	0.103
3900	0.5434
3901	0.5434
3902	0.549
3903	0.5806
3904	1.8543
3905	4.8315
3906	0.1719
3907	3.0388
3908	1.1766
3909	0.6499
391	3.8052
3910	0.5788
3911	0.5732
3912	0.5732
3913	0.5788
3914	0.6124
3915	1.0141
3916	1.9137
3917	0.1818
3918	6.2062
3919	1.649
392	0.0987
3920	0.6246
3921	0.5551
3922	0.5495
3923	0.5495
3924	0.5495
3925	0.5495
3926	0.5495
3927	0.5495
3928	0.5495
3929	0.5495
393	0.0987
3930	0.5495
3931	0.5495
3932	0.5495
3933	0.5495
3934	0.5495
3935	0.5495
3936	0.5551
3937	0.5871
3938	1.4865
3939	3.5812
394	0.0987
3940	0.1739
3941	9.3731
3942	2.1403
3943	0.6166
3944	0.5476
3945	0.5421
3946	0.5421
3947	0.5421
3948	0.5421
3949	0.5421
395	0.0987
3950	0.5421
3951	0.5421
3952	0.5421
3953	0.5421
3954	0.5421
3955	0.5421
3956	0.5421
3957	0.5421
3958	0.5421
3959	0.5421
396	0.103
3960	0.5421
3961	0.5421
3962	0.5421
3963	0.5421
3964	0.5421
3965	0.5421
3966	0.5421
3967	0.5421
3968	0.5421
3969	0.5421
397	0.0987
3970	0.5421
3971	0.5476
3972	0.5791
3973	1.9778
3974	5.2481
3975	0.1714
3976	4.8866
3977	1.4477
3978	0.631
3979	0.5611
398	0.0987
3980	0.5556
3981	0.5556
3982	0.5556
3983	0.5556
3984	0.5556
3985	0.5556
3986	0.5556
3987	0.5556
3988	0.5556
3989	0.5611
399	0.1562
3990	0.5935
3991	1.2852
3992	2.8866
3993	0.1759
3994	7.7896
3995	1.8937
3996	0.6198
3997	0.5506
3998	0.545
3999	0.545
4	0.0044
40	13.725
400	0.0987
4000	0.545
4001	0.545
4002	0.545
4003	0.545
4004	0.545
4005	0.545
4006	0.545
4007	0.545
4008	0.545
4009	0.545
401	0.0338
4010	0.545
4011	0.545
4012	0.545
4013	0.545
4014	0.545
4015	0.545
4016	0.545
4017	0.545
4018	0.5506
4019	0.5823
402	0.0987
4020	1.7312
4021	4.4146
4022	0.1724
4023	14.3876
4024	2.9261
4025	0.6113
4026	0.5426
4027	0.5371
4028	0.5371
4029	0.5371
403	0.0987
4030	0.5371
4031	0.5371
4032	0.5371
4033	0.5371
4034	0.5371
4035	0.5371
4036	0.5371
4037	0.5371
4038	0.5371
4039	0.5371
404	0.103
4040	0.5371
4041	0.5371
4042	0.5371
4043	0.5371
4044	0.5371
4045	0.5371
4046	0.5371
4047	0.5371
4048	0.5371
4049	0.5371
405	0.0987
4050	0.5371
4051	0.5371
4052	0.5371
4053	0.5371
4054	0.5371
4055	0.5371
4056	0.5371
4057	0.5371
4058	0.5371
4059	0.5371
406	0.103
4060	0.5371
4061	0.5371
4062	0.5371
4063	0.5371
4064	0.5371
4065	0.5371
4066	0.5371
4067	0.5371
4068	0.5371
4069	0.5371
407	0.0338
4070	0.5371
4071	0.5371
4072	0.5426
4073	0.5738
4074	2.7636
4075	7.8876
4076	0.1698
4077	6.998
4078	1.7711
4079	0.6219
408	0.0338
4080	0.5526
4081	0.547
4082	0.547
4083	0.547
4084	0.547
4085	0.547
4086	0.547
4087	0.547
4088	0.547
4089	0.547
409	0.1179
4090	0.547
4091	0.547
4092	0.547
4093	0.547
4094	0.547
4095	0.547
4096	0.547
4097	0.547
4098	0.5526
4099	0.5844
41	10.0498
410	0.1179
4100	1.6085
4101	3.998
4102	0.1731
4103	4.3587
4104	1.3684
4105	0.6347
4106	0.5646
4107	0.559
4108	0.559
4109	0.559
411	0.1179
4110	0.559
4111	0.559
4112	0.559
4113	0.559
4114	0.5646
4115	0.5972
4116	1.2059
4117	2.6086
4118	0.1771
4119	0.0143
412	0.1179
4120	0.0143
4121	0.25
4122	0.4108
4123	0.4108
4124	0.0222
4125	0.0222
4126	0.0222
4127	0.0222
4128	0.0222
4129	0.0222
413	0.1179
4130	0.0222
4131	0.0222
4132	0.0222
4133	0.0222
4134	0.0222
4135	0.0222
4136	0.0222
4137	0.0222
4138	0.0222
4139	4.3825
414	0.1179
4140	1.3836
4141	0.6497
4142	0.5794
4143	0.5739
4144	0.5739
4145	0.5739
4146	0.5739
4147	0.5739
4148	0.5739
4149	0.5739
415	0.0827
4150	0.5794
4151	0.6122
4152	1.2211
4153	2.6325
4154	0.5625
4155	0.5625
4156	0.5625
4157	0.5625
4158	0.5625
4159	0.5625
416	0.6601
4160	0.0029
4161	0.0029
4162	0.0029
4163	0.0029
4164	0.0029
4165	0.0029
4166	0.0029
4167	0.0029
4168	0.0029
4169	0.0029
417	0.0337
4170	0.0029
4171	0.0029
4172	0.0029
4173	0.0029
4174	0.0029
4175	0.0029
4176	0.0029
4177	0.0029
4178	0.0029
4179	0.0029
418	0.0337
4180	0.0029
4181	0.0029
4182	0.0029
4183	0.0029
4184	0.0029
4185	0.0029
4186	0.0029
4187	0.0029
4188	0.0029
4189	0.0029
419	0.0337
4190	0.0029
4191	0.0029
4192	0.0029
4193	0.0029
4194	0.0029
4195	0.0029
4196	0.0029
4197	0.0029
4198	0.0029
4199	0.0029
42	11.3634
420	0.0337
4200	0.0029
4201	0.0029
4202	0.0029
4203	0.0029
4204	0.0029
4205	0.0029
4206	0.0029
4207	0.0029
4208	0.0025
4209	0.0025
421	0.0337
4210	0.0025
4211	0.0025
4212	0.0025
4213	0.0025
4214	0.0025
4215	0.0025
4216	0.0025
4217	0.0025
4218	0.0025
4219	0.0025
422	0.0337
4220	0.0025
4221	0.0025
4222	0.0025
4223	0.0025
4224	0.0025
4225	0.0025
4226	0.0025
4227	0.0025
4228	0.0025
4229	0.0025
423	0.0337
4230	0.0025
4231	0.0025
4232	0.0025
4233	0.0025
4234	0.0025
4235	0.0025
4236	0.0025
4237	0.0025
4238	0.0025
4239	0.0025
424	0.0337
4240	0.0025
4241	0.0025
4242	0.0025
4243	0.0025
4244	0.0025
4245	0.0025
4246	0.0025
4247	0.0025
4248	0.0025
4249	0.0025
425	1.9813
4250	0.0025
4251	0.0025
4252	0.0025
4253	0.0025
4254	0.0025
4255	0.0025
4256	0.0025
4257	0.0025
4258	0.0025
4259	0.0025
426	2.1789
4260	0.0025
4261	0.0025
4262	0.0025
4263	0.0025
4264	0.0025
4265	0.0025
4266	0.0025
4267	0.0025
4268	0.0025
4269	0.0025
427	1.9166
4270	0.0025
4271	0.0025
4272	0.0025
4273	0.0025
4274	0.0025
4275	0.0025
4276	0.0025
4277	0.0025
4278	0.0025
4279	0.0025
428	0.3262
4280	0.0025
4281	0.0025
4282	0.0025
4283	0.0025
4284	0.0025
4285	0.0025
4286	0.0025
4287	0.0025
4288	0.0025
4289	0.0025
429	0.6442
4290	0.0025
4291	0.0025
4292	0.0025
4293	0.0025
4294	0.0025
4295	0.0025
4296	0.0025
4297	0.0025
4298	0.0025
4299	0.0025
43	25.8761
430	3.9562
4300	0.0025
4301	0.0025
4302	0.0025
4303	0.0025
4304	0.0025
4305	0.0025
4306	0.0025
4307	0.0025
4308	0.0025
4309	0.0025
431	0.0875
4310	0.0025
4311	0.0025
4312	0.0025
4313	0.0025
4314	0.0025
4315	0.0025
4316	0.0025
4317	0.0025
4318	0.0025
4319	0.0025
432	0.0686
4320	0.0025
4321	0.0025
4322	0.0025
4323	0.0025
4324	0.0025
4325	0.0025
4326	0.0025
4327	0.0025
4328	0.0025
4329	0.0025
433	0.0847
4330	0.0025
4331	0.0025
4332	0.0025
4333	0.0025
4334	0.0025
4335	0.0025
4336	0.0025
4337	0.0025
4338	0.0025
4339	0.0025
434	0.0847
4340	0.0025
4341	0.0025
4342	0.0025
4343	0.0025
4344	0.0025
4345	0.0025
4346	0.0025
4347	0.0025
4348	0.0025
4349	0.0025
435	0.0738
4350	0.0025
4351	0.0025
4352	0.0025
4353	0.0025
4354	0.0025
4355	0.0025
4356	0.0025
4357	0.0025
4358	0.0025
4359	0.0025
436	0.0738
4360	0.0025
4361	0.0025
4362	0.0025
4363	0.0025
4364	0.0025
4365	0.0025
4366	0.0025
4367	0.0025
4368	0.0025
4369	0.0025
437	0.0738
4370	0.0025
4371	0.0025
4372	0.0025
4373	0.0025
4374	0.0025
4375	0.0025
4376	0.0025
4377	0.0025
4378	0.0024
4379	0.0024
438	0.0738
4380	0.0024
4381	0.0024
4382	0.0024
4383	0.0024
4384	0.0024
4385	0.0024
4386	0.0024
4387	0.0024
4388	0.0024
4389	0.0024
439	0.0738
4390	0.0024
4391	0.0024
4392	0.0024
4393	0.0024
4394	0.0024
4395	0.0024
4396	0.0024
4397	0.0024
4398	0.0024
4399	0.0024
44	11.9376
440	0.0774
4400	0.0024
4401	0.0024
4402	0.0024
4403	0.0024
4404	0.0024
4405	0.0024
4406	0.0024
4407	0.0024
4408	0.0024
4409	0.0024
441	0.0236
4410	0.0024
4411	0.0024
4412	0.0024
4413	0.0024
4414	0.0024
4415	0.0024
4416	0.0024
4417	0.0024
4418	0.0024
4419	0.0024
442	0.0736
4420	0.0024
4421	0.0024
4422	0.0024
4423	0.0024
4424	0.0024
4425	0.0024
4426	0.0024
4427	0.0024
4428	0.0024
4429	0.0024
443	0.0736
4430	0.0024
4431	0.0024
4432	0.0024
4433	0.0024
4434	0.0024
4435	0.0024
4436	0.0799
4437	0.0799
4438	0.0278
4439	0.0799
444	0.0736
4440	0.0799
4441	0.0799
4442	0.0799
4443	0.0278
4444	0.0278
4445	0.0278
4446	0.0521
4447	0.1562
4448	0.3477
4449	0.3447
445	0.1513
4450	0.3333
4451	0.3334
4452	0.0667
4453	0.0667
4454	0.0667
4455	0.025
4456	0.025
4457	0.025
4458	3.0211
4459	0.025
446	0.1729
4460	0.225
4461	0.225
4462	0.225
4463	0.0079
4464	0.0079
4465	0.0079
4466	0.0079
4467	0.0079
4468	0.0079
4469	0.0079
447	0.1513
4470	0.0079
4471	0.0079
4472	0.0079
4473	0.0079
4474	0.0079
4475	0.0079
4476	0.0079
4477	0.0079
4478	0.0079
4479	0.0079
448	0.6472
4480	0.0079
4481	0.0079
4482	0.0079
4483	0.1667
4484	0.9444
4485	2.0
4486	0.0029
4487	0.0029
4488	0.0029
4489	0.0029
449	0.8026
4490	0.0029
4491	0.0029
4492	0.0029
4493	0.0029
4494	0.0029
4495	0.0029
4496	0.0029
4497	0.0029
4498	0.0029
4499	0.0029
45	8.8042
450	0.4974
4500	0.0029
4501	0.0029
4502	0.0029
4503	0.0029
4504	0.0029
4505	0.0029
4506	0.0029
4507	0.0029
4508	0.0029
4509	0.0029
451	0.4798
4510	0.0029
4511	0.0029
4512	0.0029
4513	0.0029
4514	0.0029
4515	0.0029
4516	0.0029
4517	0.0029
4518	0.0029
4519	0.0029
452	0.3322
4520	0.0029
4521	0.0029
4522	0.0029
4523	0.0029
4524	0.0029
4525	0.0029
4526	0.0029
4527	0.0029
4528	0.0029
4529	0.0029
453	0.2624
4530	0.0029
4531	0.0029
4532	0.0029
4533	0.0029
4534	0.0025
4535	0.0025
4536	0.0025
4537	0.0025
4538	0.0025
4539	0.0025
454	0.2624
4540	0.0025
4541	0.0025
4542	0.0025
4543	0.0025
4544	0.0025
4545	0.0025
4546	0.0025
4547	0.0025
4548	0.0025
4549	0.0025
455	0.2624
4550	0.0025
4551	0.0025
4552	0.0025
4553	0.0025
4554	0.0025
4555	0.0025
4556	0.0025
4557	0.0025
4558	0.0025
4559	0.0025
456	0.2624
4560	0.0025
4561	0.0025
4562	0.0025
4563	0.0025
4564	0.0025
4565	0.0025
4566	0.0025
4567	0.0025
4568	0.0025
4569	0.0025
457	0.9064
4570	0.0025
4571	0.0025
4572	0.0025
4573	0.0025
4574	0.0025
4575	0.0025
4576	0.0025
4577	0.0025
4578	0.0025
4579	0.0025
458	0.9064
4580	0.0025
4581	0.0025
4582	0.0025
4583	0.0025
4584	0.0025
4585	0.0025
4586	0.0025
4587	0.0025
4588	0.0025
4589	0.0025
459	0.9064
4590	0.0025
4591	0.0025
4592	0.0025
4593	0.0025
4594	0.0025
4595	0.0025
4596	0.0025
4597	0.0025
4598	0.0025
4599	0.0025
46	12.0859
460	0.8324
4600	0.0025
4601	0.0025
4602	0.0025
4603	0.0025
4604	0.0025
4605	0.0025
4606	0.0025
4607	0.0025
4608	0.0025
4609	0.0025
461	0.9064
4610	0.0025
4611	0.0025
4612	0.0025
4613	0.0025
4614	0.0025
4615	0.0025
4616	0.0025
4617	0.0025
4618	0.0025
4619	0.0025
462	0.9117
4620	0.0025
4621	0.0025
4622	0.0025
4623	0.0025
4624	0.0025
4625	0.0025
4626	0.0025
4627	0.0025
4628	0.0025
4629	0.0025
463	0.9117
4630	0.0025
4631	0.0025
4632	0.0025
4633	0.0025
4634	0.0025
4635	0.0025
4636	0.0025
4637	0.0025
4638	0.0025
4639	0.0025
464	0.9117
4640	0.0025
4641	0.0025
4642	0.0025
4643	0.0025
4644	0.0025
4645	0.0025
4646	0.0025
4647	0.0025
4648	0.0025
4649	0.0025
465	0.9064
4650	0.0025
4651	0.0025
4652	0.0025
4653	0.0025
4654	0.0025
4655	0.0025
4656	0.0025
4657	0.0025
4658	0.0025
4659	0.0025
466	0.9064
4660	0.0025
4661	0.0025
4662	0.0025
4663	0.0025
4664	0.0025
4665	0.0025
4666	0.0025
4667	0.0025
4668	0.0025
4669	0.0025
467	0.9863
4670	0.0025
4671	0.0025
4672	0.0025
4673	0.0025
4674	0.0025
4675	0.0025
4676	0.0025
4677	0.0025
4678	0.0025
4679	0.0025
468	0.9863
4680	0.0025
4681	0.0025
4682	0.0025
4683	0.0025
4684	0.0025
4685	0.0025
4686	0.0025
4687	0.0025
4688	0.0025
4689	0.0025
469	0.2151
4690	0.0025
4691	0.0025
4692	0.0025
4693	0.0025
4694	0.0025
4695	0.0025
4696	0.0025
4697	0.0025
4698	0.0025
4699	0.0025
47	6.5546
470	0.1742
4700	0.0025
4701	0.0025
4702	0.0025
4703	0.0025
4704	0.0024
4705	0.0024
4706	0.0024
4707	0.0024
4708	0.0024
4709	0.0024
471	0.1742
4710	0.0024
4711	0.0024
4712	0.0024
4713	0.0024
4714	0.0024
4715	0.0024
4716	0.0024
4717	0.0024
4718	0.0024
4719	0.0024
472	0.1742
4720	0.0024
4721	0.0024
4722	0.0024
4723	0.0024
4724	0.0024
4725	0.0024
4726	0.0024
4727	0.0024
4728	0.0024
4729	0.0024
473	0.17
4730	0.0024
4731	0.0024
4732	0.0024
4733	0.0024
4734	0.0024
4735	0.0024
4736	0.0024
4737	0.0024
4738	0.0024
4739	0.0024
474	0.8988
4740	0.0024
4741	0.0024
4742	0.0024
4743	0.0024
4744	0.0024
4745	0.0024
4746	0.0024
4747	0.0024
4748	0.0024
4749	0.0024
475	0.5429
4750	0.0024
4751	0.0024
4752	0.0024
4753	0.0024
4754	0.0024
4755	0.0024
4756	0.0024
4757	0.0024
4758	0.0024
4759	0.0024
476	0.5348
4760	0.0024
4761	0.0024
4762	0.0799
4763	0.0799
4764	0.0278
4765	0.0799
4766	0.0799
4767	0.0799
4768	0.0799
4769	0.0278
477	0.5407
4770	0.0278
4771	0.0278
4772	0.0521
4773	0.1562
4774	0.6095
4775	0.3974
4776	1.4624
4777	1.4624
4778	0.4672
4779	0.4672
478	0.5407
4780	0.4672
4781	0.2551
4782	0.2551
4783	0.2551
4784	0.2694
4785	0.2819
4786	0.2819
4787	0.2989
4788	0.2989
4789	0.2551
479	0.2523
4790	0.2676
4791	0.2551
4792	0.2676
4793	0.0896
4794	0.0079
4795	0.0079
4796	0.0079
4797	0.0079
4798	0.0079
4799	0.9523
48	7.9028
480	0.3911
4800	0.0079
4801	0.0547
4802	0.0143
4803	0.0143
4804	0.0143
4805	0.1742
4806	1.9002
4807	0.0871
4808	0.0871
4809	0.1742
481	0.2516
4810	3.6845
4811	0.1131
4812	0.4452
4813	0.0143
4814	0.0714
4815	0.1846
4816	0.0417
4817	0.0417
4818	0.0417
4819	1.0417
482	1.2852
4820	0.0417
4821	0.0179
4822	0.0179
4823	0.0179
4824	0.0179
4825	0.0179
4826	0.0179
4827	0.0179
4828	0.0834
4829	0.0834
483	1.256
4830	0.0708
4831	0.0472
4832	0.0472
4833	0.645
4834	0.645
4835	0.645
4836	0.645
4837	0.645
4838	0.125
4839	0.0104
484	1.256
4840	0.3333
4841	0.3333
4842	0.3333
4843	0.1
4844	0.25
4845	0.05
4846	0.05
4847	0.05
4848	0.3396
4849	0.3396
485	1.1697
4850	0.3396
4851	0.2458
4852	0.2458
4853	0.2458
4854	0.0909
4855	0.0909
4856	0.0909
4857	0.4444
4858	0.4444
4859	0.4444
486	1.1602
4860	1.3333
4861	1.3333
4862	0.9444
4863	0.1976
4864	0.1976
4865	0.5264
4866	0.1976
4867	0.2954
4868	0.3033
4869	0.5264
487	1.1602
4870	0.5264
4871	0.009
4872	0.009
4873	0.009
4874	0.009
4875	0.009
4876	0.009
4877	0.009
4878	0.009
4879	0.009
488	1.1602
4880	0.009
4881	0.009
4882	0.009
4883	0.009
4884	0.009
4885	0.009
4886	0.009
4887	0.009
4888	0.009
4889	0.009
489	1.1602
4890	0.009
4891	0.009
4892	0.009
4893	0.009
4894	0.009
4895	0.009
4896	0.009
4897	0.009
4898	0.009
4899	0.009
49	6.535
490	1.1602
4900	0.009
4901	0.009
4902	0.009
4903	0.009
4904	0.009
4905	0.009
4906	0.009
4907	0.009
4908	0.009
4909	0.009
491	1.1602
4910	0.009
4911	0.009
4912	0.009
4913	0.009
4914	0.009
4915	0.009
4916	0.009
4917	0.009
4918	0.009
4919	0.009
492	1.286
4920	0.009
4921	0.009
4922	0.009
4923	0.009
4924	0.0286
4925	0.0286
4926	0.0286
4927	0.0286
4928	0.0286
4929	0.2
493	1.1602
4930	1.0238
4931	1.0238
4932	1.0238
4933	1.0238
4934	1.0238
4935	1.0238
4936	1.0238
4937	0.4676
4938	0.4676
4939	0.4676
494	0.002
4940	0.4676
4941	0.4676
4942	0.4676
4943	0.4676
4944	0.4676
4945	0.4676
4946	0.4676
4947	0.4676
4948	0.4676
4949	0.4676
495	0.002
4950	0.4676
4951	0.4676
4952	0.4676
4953	0.4676
4954	0.4676
4955	0.4676
4956	0.4676
4957	0.4676
4958	0.4676
4959	0.4676
496	0.3614
4960	0.4676
4961	0.4676
4962	0.4676
4963	0.4769
4964	0.4676
4965	0.4676
4966	0.4676
4967	0.4676
4968	0.4676
4969	0.4676
497	0.002
4970	0.4676
4971	0.4676
4972	0.0256
4973	0.0256
4974	0.0256
4975	0.0256
4976	0.0256
4977	0.0256
4978	0.0256
4979	0.0256
498	0.1375
4980	0.0256
4981	0.0256
4982	0.0256
4983	0.0256
4984	0.0256
4985	0.0256
4986	0.0256
4987	0.0256
4988	0.0256
4989	0.0256
499	0.4156
4990	0.0256
4991	0.0256
4992	0.0256
4993	0.0256
4994	0.0256
4995	0.0256
4996	0.0256
4997	0.0256
4998	0.0256
4999	0.0256
5	0.0044
50	6.535
500	0.0358
5000	0.0256
5001	0.3963
5002	0.3963
5003	0.3963
5004	0.3963
5005	0.3963
5006	0.3963
5007	0.3963
5008	1.0154
5009	1.0154
501	0.278
5010	1.0154
5011	1.0154
5012	1.0154
5013	0.0154
5014	0.0154
5015	0.0154
5016	0.0154
5017	0.0154
5018	0.0154
5019	0.0154
502	0.2751
5020	0.0154
5021	0.0154
5022	0.0154
5023	0.0154
5024	0.0154
5025	0.0154
5026	0.0154
5027	0.0154
5028	0.0154
5029	0.0154
503	0.0569
5030	0.0154
5031	0.0154
5032	0.0154
5033	0.1111
5034	0.1111
5035	0.3333
5036	0.0222
5037	0.0222
5038	0.0222
5039	0.0222
504	0.0569
5040	0.0222
5041	0.0222
5042	0.0222
5043	0.0222
5044	0.0222
5045	0.0222
5046	0.0222
5047	0.0222
5048	0.0222
5049	0.0222
505	0.1003
5050	0.0222
5051	4.3825
5052	1.3836
5053	0.6497
5054	0.5794
5055	0.5739
5056	0.5739
5057	0.5739
5058	0.5739
5059	0.5739
506	0.348
5060	0.5739
5061	0.5739
5062	0.5794
5063	0.6122
5064	1.2211
5065	2.6325
5066	0.5625
5067	0.5625
5068	0.5625
5069	0.5625
507	0.348
5070	0.5625
5071	0.5625
5072	8.4939
5073	5.4257
5074	0.5902
5075	0.4555
5076	0.4346
5077	0.4346
5078	0.4346
5079	0.4346
508	0.348
5080	0.4346
5081	0.4346
5082	0.4346
5083	0.4346
5084	0.4346
5085	0.4346
5086	0.4346
5087	0.4346
5088	0.4346
5089	0.4346
509	0.348
5090	0.4346
5091	0.4346
5092	0.4346
5093	0.4346
5094	0.4346
5095	0.4346
5096	0.4346
5097	0.4346
5098	0.4346
5099	0.4346
510	0.348
5100	0.4346
5101	0.4346
5102	0.4346
5103	0.4346
5104	0.4346
5105	0.4346
5106	0.4346
5107	0.4346
5108	0.4346
5109	0.4694
511	0.348
5110	0.4716
5111	1.9477
5112	6.6205
5113	4.3021
5114	0.5913
5115	0.4566
5116	0.4358
5117	0.4358
5118	0.4358
5119	0.4358
512	0.348
5120	0.4358
5121	0.4358
5122	0.4358
5123	0.4358
5124	0.4358
5125	0.4358
5126	0.4358
5127	0.4358
5128	0.4358
5129	0.4358
513	0.348
5130	0.4358
5131	0.4358
5132	0.4358
5133	0.4358
5134	0.4358
5135	0.4358
5136	0.4358
5137	0.4358
5138	0.4358
5139	0.4358
514	0.348
5140	0.4705
5141	0.4729
5142	1.5745
5143	2.2603
5144	1.689
5145	0.6013
5146	0.4665
5147	0.4457
5148	0.4457
5149	0.4457
515	0.348
5150	0.4804
5151	0.4849
5152	0.7144
5153	4.7485
5154	3.1795
5155	0.5934
5156	0.4586
5157	0.4378
5158	0.4378
5159	0.4378
516	0.348
5160	0.4378
5161	0.4378
5162	0.4378
5163	0.4378
5164	0.4378
5165	0.4378
5166	0.4378
5167	0.4378
5168	0.4378
5169	0.4378
517	0.3492
5170	0.4378
5171	0.4378
5172	0.4725
5173	0.4754
5174	1.2025
5175	7.2449
5176	4.6766
5177	0.5909
5178	0.4562
5179	0.4353
518	0.348
5180	0.4353
5181	0.4353
5182	0.4353
5183	0.4353
5184	0.4353
5185	0.4353
5186	0.4353
5187	0.4353
5188	0.4353
5189	0.4353
519	0.075
5190	0.4353
5191	0.4353
5192	0.4353
5193	0.4353
5194	0.4353
5195	0.4353
5196	0.4353
5197	0.4353
5198	0.4353
5199	0.4353
52	22.8614
520	0.075
5200	0.4353
5201	0.4353
5202	0.4353
5203	0.4353
5204	0.4353
5205	0.4353
5206	0.47
5207	0.4724
5208	1.6988
5209	3.7098
521	0.077
5210	2.557
5211	0.5954
5212	0.4607
5213	0.4398
5214	0.4398
5215	0.4398
5216	0.4398
5217	0.4398
5218	0.4398
5219	0.4398
522	0.0791
5220	0.4398
5221	0.4398
5222	0.4398
5223	0.4745
5224	0.4778
5225	0.9972
5226	5.9963
5227	3.9277
5228	0.5919
5229	0.4571
523	0.2452
5230	0.4363
5231	0.4363
5232	0.4363
5233	0.4363
5234	0.4363
5235	0.4363
5236	0.4363
5237	0.4363
5238	0.4363
5239	0.4363
524	0.0791
5240	0.4363
5241	0.4363
5242	0.4363
5243	0.4363
5244	0.4363
5245	0.4363
5246	0.4363
5247	0.4363
5248	0.4363
5249	0.4363
525	0.0791
5250	0.4363
5251	0.471
5252	0.4736
5253	1.4503
5254	11.2009
5255	7.0495
5256	0.5892
5257	0.4545
5258	0.4337
5259	0.4337
526	3.6115
5260	0.4337
5261	0.4337
5262	0.4337
5263	0.4337
5264	0.4337
5265	0.4337
5266	0.4337
5267	0.4337
5268	0.4337
5269	0.4337
527	0.2513
5270	0.4337
5271	0.4337
5272	0.4337
5273	0.4337
5274	0.4337
5275	0.4337
5276	0.4337
5277	0.4337
5278	0.4337
5279	0.4337
528	0.173
5280	0.4337
5281	0.4337
5282	0.4337
5283	0.4337
5284	0.4337
5285	0.4337
5286	0.4337
5287	0.4337
5288	0.4337
5289	0.4337
529	0.0753
5290	0.4337
5291	0.4337
5292	0.4337
5293	0.4337
5294	0.4337
5295	0.4337
5296	0.4337
5297	0.4337
5298	0.4337
5299	0.4337
53	3.9682
530	0.0753
5300	0.4337
5301	0.4337
5302	0.4337
5303	0.4337
5304	0.4684
5305	0.4704
5306	2.488
5307	5.3723
5308	3.5535
5309	0.5925
531	0.1689
5310	0.4578
5311	0.437
5312	0.437
5313	0.437
5314	0.437
5315	0.437
5316	0.437
5317	0.437
5318	0.437
5319	0.437
532	1.1075
5320	0.437
5321	0.437
5322	0.437
5323	0.437
5324	0.437
5325	0.437
5326	0.437
5327	0.437
5328	0.437
5329	0.4717
533	0.1689
5330	0.4744
5331	1.3263
5332	3.2949
5333	2.3083
5334	0.5965
5335	0.4618
5336	0.441
5337	0.441
5338	0.441
5339	0.441
534	0.1689
5340	0.441
5341	0.441
5342	0.441
5343	0.441
5344	0.4757
5345	0.4792
5346	0.9156
5347	3.2959
5348	2.3092
5349	0.5972
535	0.1689
5350	0.4625
5351	0.4417
5352	0.4417
5353	0.4417
5354	0.4417
5355	0.4417
5356	0.4417
5357	0.4417
5358	0.4417
5359	0.4764
536	1.8292
5360	0.48
5361	0.9167
5362	0.1
5363	0.1
5364	0.1
5365	0.1
5366	0.1
5367	0.1
5368	0.1
5369	0.1
537	1.8292
5370	0.1
5371	0.1
5372	0.1
5373	0.1
5374	0.1
5375	0.1
5376	0.1
5377	0.0833
5378	0.5048
5379	0.5095
538	1.7346
5380	0.5038
5381	0.5075
5382	0.0222
5383	0.0222
5384	0.0222
5385	0.0222
5386	0.0222
5387	0.0222
5388	0.0222
5389	0.0222
539	1.8697
5390	0.0222
5391	0.0222
5392	0.0222
5393	0.0222
5394	0.0222
5395	0.0222
5396	0.0222
5397	4.3825
5398	1.3836
5399	0.6497
54	3.9817
540	1.8292
5400	0.5794
5401	0.5739
5402	0.5739
5403	0.5739
5404	0.5739
5405	0.5739
5406	0.5739
5407	0.5739
5408	0.5794
5409	0.6122
541	1.8697
5410	1.2211
5411	2.6325
5412	0.5625
5413	0.5625
5414	0.5625
5415	0.5625
5416	0.5625
5417	0.5625
5418	0.4444
5419	0.4444
542	1.8292
5420	0.4444
5421	0.0833
5422	0.0625
5423	0.0625
5424	0.0488
5425	0.0488
5426	0.0062
5427	0.0062
5428	0.0062
5429	0.0918
543	1.845
5430	0.0918
5431	0.0918
5432	0.1326
5433	0.1326
5434	0.1326
5435	3.6227
5436	0.0357
5437	0.0357
5438	0.0714
5439	0.0179
544	1.8292
5440	0.0179
5441	0.0179
5442	0.8016
5443	0.8016
5444	0.0238
5445	0.0238
5446	0.0238
5447	0.5
5448	0.5
5449	1.9759
545	1.888
5450	1.9759
5451	1.9759
5452	1.9759
5453	2.3169
5454	2.0834
5455	1.4107
5456	2.1967
5457	0.9107
5458	0.9107
5459	1.0
546	1.8292
5460	0.2121
5461	0.2121
5462	0.2121
5463	0.2121
5464	0.05
5465	0.05
5466	0.037
5467	0.037
5468	1.7978
5469	0.0833
547	0.1297
5470	1.0833
5471	0.0833
5472	0.0179
5473	0.0179
5474	0.0179
5475	0.0179
5476	0.0179
5477	0.0179
5478	0.0179
5479	0.0179
548	0.0959
5480	0.0476
5481	0.0476
5482	0.0476
5483	1.5
5484	1.0
5485	0.25
5486	0.0833
5487	0.0833
5488	0.0833
5489	0.0833
549	0.2393
5490	0.1419
5491	0.125
5492	0.1461
5493	0.2656
5494	0.2663
5495	0.1419
5496	0.1419
5497	0.4016
5498	0.0833
5499	0.0833
55	3.7291
550	0.1661
5500	0.0833
5501	0.0833
5502	1.0
5503	0.1111
5504	0.1111
5505	0.1111
5506	0.4444
5507	0.4444
5508	0.4444
5509	0.0978
551	0.1688
5510	0.154
5511	0.0846
5512	0.1057
5513	0.0189
5514	0.0063
5515	0.0063
5516	0.0095
5517	0.0095
5518	0.0063
5519	0.0063
552	0.1661
5520	0.0063
5521	0.0189
5522	0.0189
5523	3.2959
5524	2.3092
5525	0.5972
5526	0.4625
5527	0.4417
5528	0.4417
5529	0.4417
553	0.1783
5530	0.4417
5531	0.4417
5532	0.4417
5533	0.4417
5534	0.4417
5535	0.4764
5536	0.48
5537	0.9167
5538	0.1
5539	0.1
554	0.2385
5540	0.1
5541	0.1
5542	0.1
5543	0.1
5544	0.1
5545	0.1
5546	0.1
5547	0.1
5548	0.1
5549	0.1
555	0.2395
5550	0.1
5551	0.1
5552	0.1
5553	0.0048
5554	0.0048
5555	0.0048
5556	0.0048
5557	0.0048
5558	0.0048
5559	0.0048
556	0.2395
5560	0.0048
5561	0.0048
5562	0.0048
5563	0.0048
5564	0.0048
5565	0.0048
5566	0.0048
5567	0.0048
5568	0.0048
5569	0.0048
557	0.245
5570	0.0048
5571	0.0048
5572	0.0048
5573	0.0048
5574	0.0048
5575	0.0048
5576	0.0048
5577	0.0048
5578	0.0048
5579	0.0048
558	0.1196
5580	0.0048
5581	0.0048
5582	0.0048
5583	0.0048
5584	0.0048
5585	0.0048
5586	0.0048
5587	0.0048
5588	0.0048
5589	0.0048
559	0.1196
5590	0.0048
5591	0.0048
5592	0.0048
5593	0.0048
5594	0.0048
5595	0.0048
5596	0.0048
5597	0.0048
5598	0.0048
5599	0.0048
56	3.7274
560	0.1196
5600	0.0048
5601	0.0048
5602	0.0048
5603	0.0048
5604	0.0048
5605	0.0048
5606	0.0048
5607	0.0048
5608	0.0048
5609	0.0048
561	0.1213
5610	0.0048
5611	0.0048
5612	0.0048
5613	0.0048
5614	0.0048
5615	0.0048
5616	0.0048
5617	0.0048
5618	0.0048
5619	0.0048
562	0.1213
5620	0.0048
5621	0.0048
5622	0.0048
5623	0.0048
5624	0.0048
5625	0.0048
5626	0.0048
5627	0.0048
5628	0.0048
5629	0.0048
563	0.1213
5630	0.0048
5631	0.0048
5632	0.0048
5633	0.0048
5634	0.0048
5635	0.0048
5636	0.0048
5637	0.0048
5638	0.0048
5639	0.0048
564	0.1213
5640	0.0048
5641	0.0048
5642	0.0048
5643	0.0048
5644	0.0048
5645	0.0048
5646	0.0048
5647	0.0048
5648	0.0048
5649	0.0048
565	0.1313
5650	0.0048
5651	0.0048
5652	0.0048
5653	0.0048
5654	0.0048
5655	0.0038
5656	0.0038
5657	0.0038
5658	0.0038
5659	0.0038
566	0.3627
5660	0.0038
5661	0.0038
5662	0.0038
5663	0.0038
5664	0.0038
5665	0.0038
5666	0.0038
5667	0.0038
5668	0.0038
5669	0.0038
567	0.3687
5670	0.0038
5671	0.0038
5672	0.0038
5673	0.0038
5674	0.0038
5675	0.0038
5676	0.0038
5677	0.0038
5678	0.0038
5679	0.0038
568	0.3687
5680	0.0038
5681	0.0038
5682	0.0038
5683	0.0038
5684	0.0038
5685	0.0038
5686	0.0038
5687	0.0038
5688	0.0038
5689	0.0038
569	0.7822
5690	0.0038
5691	0.0038
5692	0.0038
5693	0.0038
5694	0.0038
5695	0.0038
5696	0.0038
5697	0.0038
5698	0.0038
5699	0.0038
57	3.4069
570	0.3687
5700	0.0038
5701	0.0038
5702	0.0038
5703	0.0038
5704	0.0038
5705	0.0038
5706	0.0038
5707	0.0038
5708	0.0038
5709	0.0038
571	0.3627
5710	0.0038
5711	0.0038
5712	0.0038
5713	0.0038
5714	0.0038
5715	0.0038
5716	0.0038
5717	0.0038
5718	0.0038
5719	0.0038
572	0.3627
5720	0.0038
5721	0.0038
5722	0.0038
5723	0.0038
5724	0.0038
5725	0.0038
5726	0.0038
5727	0.0038
5728	0.0038
5729	0.0038
573	0.3627
5730	0.0038
5731	0.0038
5732	0.0038
5733	0.0038
5734	0.0038
5735	0.0038
5736	0.0038
5737	0.0038
5738	0.0038
5739	0.0038
574	0.3627
5740	0.0038
5741	0.0038
5742	0.0038
5743	0.0038
5744	0.0038
5745	0.0038
5746	0.0038
5747	0.0038
5748	0.0038
5749	0.0038
575	0.3627
5750	0.0038
5751	0.0038
5752	0.0038
5753	0.0038
5754	0.0038
5755	0.0038
5756	0.0038
5757	0.0038
5758	0.0038
5759	0.0038
576	0.3627
5760	0.0038
5761	0.0038
5762	0.0038
5763	0.0038
5764	0.0038
5765	0.0038
5766	0.0038
5767	0.0038
5768	0.0038
5769	0.0038
577	0.3627
5770	0.0038
5771	0.0038
5772	0.0038
5773	0.0038
5774	0.0038
5775	0.0038
5776	0.0038
5777	0.0038
5778	0.0038
5779	0.0038
578	1.7131
5780	0.0038
5781	0.0038
5782	0.0038
5783	0.0038
5784	0.0038
5785	3.2959
5786	2.3092
5787	0.5972
5788	0.4625
5789	0.4417
579	0.1343
5790	0.4417
5791	0.4417
5792	0.4417
5793	0.4417
5794	0.4417
5795	0.4417
5796	0.4417
5797	0.4764
5798	0.48
5799	0.9167
58	3.7336
580	0.1343
5800	0.1
5801	0.1
5802	0.1
5803	0.1
5804	0.1
5805	0.1
5806	0.1
5807	0.1
5808	0.1
5809	0.1
581	0.1443
5810	0.1
5811	0.1
5812	0.1
5813	0.1
5814	0.1
5815	0.1111
5816	0.1111
5817	0.0408
5818	1.0
5819	0.1111
582	0.4136
5820	1.1061
5821	1.1061
5822	0.2335
5823	1.2335
5824	0.2612
5825	0.625
5826	0.8214
5827	0.8214
5828	0.8929
5829	0.8214
583	0.4136
5830	0.8214
5831	0.8214
5832	0.25
5833	0.25
5834	1.0
5835	0.8571
5836	0.8571
5837	0.8571
5838	0.8571
5839	0.8571
584	0.1486
5840	0.8571
5841	0.8571
5842	1.0
5843	1.0
5844	0.25
5845	0.1413
5846	0.1413
5847	0.1413
5848	0.2819
5849	0.1413
585	0.4691
5850	0.1413
5851	0.1413
5852	0.1413
5853	0.1413
5854	0.1413
5855	0.1413
5856	0.2819
5857	0.1413
5858	0.1624
5859	0.1413
586	0.4136
5860	0.1624
5861	0.1413
5862	0.2819
5863	0.1413
5864	0.1413
5865	0.1413
5866	0.2819
5867	1.0
5868	0.0123
5869	0.0123
587	0.2597
5870	0.0123
5871	0.0123
5872	0.0123
5873	0.0123
5874	0.0123
5875	1.0123
5876	0.0123
5877	1.0123
5878	0.0123
5879	0.0123
588	0.1486
5880	0.0123
5881	0.0123
5882	0.0123
5883	0.0123
5884	0.0123
5885	0.0123
5886	0.0123
5887	0.0123
5888	0.0123
5889	0.0123
589	0.3153
5890	0.0123
5891	0.0123
5892	0.0592
5893	0.0709
5894	0.0592
5895	0.0592
5896	0.0592
5897	0.0592
5898	0.0592
5899	0.0592
59	3.7185
590	0.3153
5900	0.0592
5901	0.0592
5902	0.0592
5903	0.0592
5904	0.0592
5905	0.0592
5906	0.0592
5907	0.0592
5908	0.0592
5909	0.0592
591	0.3153
5910	0.0592
5911	0.0592
5912	0.0592
5913	0.0379
5914	0.0592
5915	0.0592
5916	0.0592
5917	0.0592
5918	0.0592
5919	0.0379
592	0.3153
5920	1.0
5921	0.1666
5922	0.0625
5923	0.0625
5924	0.0625
5925	0.0625
5926	0.0625
5927	0.0625
5928	0.0625
5929	0.0625
593	14.2679
5930	1.0185
5931	1.0185
5932	1.0185
5933	1.0185
5934	1.0185
5935	1.0185
5936	0.1111
5937	0.0833
5938	0.5
5939	1.0
594	0.5024
5940	0.0169
5941	0.0169
5942	0.0169
5943	0.0169
5944	0.0169
5945	0.0169
5946	0.0169
5947	0.0211
5948	0.1211
5949	0.0211
595	0.3627
5950	0.0211
5951	1.0
5952	0.0185
5953	0.1018
5954	0.037
5955	1.787
5956	1.037
5957	0.037
5958	0.0213
5959	0.0213
596	0.3627
5960	0.0213
5961	0.0213
5962	0.0213
5963	0.0213
5964	0.0213
5965	0.0213
5966	0.0213
5967	0.0213
5968	0.0041
5969	0.0041
597	0.3627
5970	0.0041
5971	0.0041
5972	0.0041
5973	0.0041
5974	1.0
5975	0.0156
5976	0.3056
5977	0.3056
5978	0.0278
5979	0.0278
598	0.0173
5980	0.0278
5981	0.0278
5982	0.0278
5983	0.0278
5984	0.0278
5985	0.0278
5986	0.0278
5987	0.0278
5988	0.0278
5989	0.0278
599	0.0083
5990	0.0278
5991	0.0278
5992	1.0
5993	0.1406
5994	0.1406
5995	0.1406
5996	0.0833
5997	0.0833
5998	0.0833
5999	0.0833
6	0.0044
60	3.4906
600	0.1522
6000	0.0833
6001	0.3333
6002	0.3333
6003	0.3809
6004	1.25
6005	1.3333
6006	0.0476
6007	0.0476
6008	0.0476
6009	0.0476
601	0.1522
6010	0.0476
6011	0.0476
6012	0.3333
602	0.1522
603	0.1522
604	0.1522
605	0.1522
606	0.1522
607	0.1522
608	0.1522
609	0.1522
61	22.3008
610	0.1522
611	4.5542
612	4.7209
613	0.1117
614	0.3227
615	0.0916
616	0.1016
617	0.0071
618	0.0071
619	0.0071
62	0.5234
620	4.8159
621	7.4168
622	0.0921
623	0.0908
624	0.0891
625	0.049
626	0.049
627	1.7721
628	0.0467
629	0.0467
63	3.3152
630	2.9184
631	1.3049
632	0.0023
633	0.0023
634	0.0023
635	0.0023
636	0.0023
637	0.0023
638	0.0019
639	0.0019
64	2.7961
640	0.0019
641	0.0019
642	0.0019
643	0.0019
644	0.0019
645	0.0019
646	0.0019
647	0.0019
648	0.2403
649	0.2403
65	3.0047
650	0.2403
651	0.2413
652	0.2403
653	0.2403
654	0.2403
655	0.2403
656	0.2431
657	0.2413
658	0.0018
659	0.0018
66	2.8004
660	0.0018
661	0.0018
662	0.0018
663	0.0018
664	0.0018
665	0.0048
666	0.0048
667	0.0632
668	0.0294
669	0.0673
67	2.714
670	0.0662
671	0.2229
672	0.2229
673	0.2678
674	4.9965
675	0.1536
676	0.1538
677	0.1857
678	4.9271
679	0.0022
68	3.3442
680	0.0022
681	0.0022
682	0.0022
683	0.0022
684	0.0022
685	0.0022
686	0.0647
687	0.1407
688	0.1407
689	0.1407
69	3.3332
690	0.0025
691	0.0025
692	0.0025
693	0.0025
694	0.0025
695	0.0025
696	0.0025
697	0.0025
698	0.0025
699	0.0025
7	5.5566
70	2.9264
700	0.0025
701	0.0025
702	0.0025
703	0.0025
704	0.0025
705	0.0025
706	0.0025
707	0.0032
708	0.0032
709	0.0318
71	4.0441
710	0.2139
711	0.0056
712	0.2139
713	0.0056
714	0.0056
715	0.0056
716	0.0056
717	0.0056
718	0.0056
719	0.0056
72	3.6178
720	0.0056
721	0.0056
722	0.0199
723	0.0056
724	0.0199
725	0.0056
726	0.0056
727	0.0056
728	0.0056
729	0.0056
73	10.4218
730	0.0056
731	0.0056
732	0.0056
733	0.0056
734	0.0056
735	0.0056
736	0.0056
737	0.0056
738	0.0056
739	0.0056
74	1.7811
740	0.0056
741	0.0056
742	0.0056
743	0.0056
744	0.0056
745	0.2139
746	0.0056
747	0.0056
748	0.0056
749	0.0056
75	1.3077
750	0.0056
751	0.1281
752	0.0056
753	0.0056
754	0.0056
755	0.1871
756	0.1871
757	0.1871
758	0.1871
759	0.1871
76	1.3572
760	0.1871
761	0.1871
762	0.1871
763	0.1162
764	0.1156
765	0.1168
766	0.1604
767	0.1298
768	0.0618
769	0.1162
77	0.2482
770	0.1162
771	0.003
772	0.0285
773	0.0285
774	0.0265
775	0.0304
776	0.0304
777	0.0265
778	0.0175
779	0.0175
78	1.2878
780	0.024
781	0.024
782	0.0417
783	0.0312
784	0.0751
785	0.0744
786	0.0744
787	0.0744
788	0.0226
789	0.0226
79	1.013
790	0.0226
791	0.0288
792	0.0288
793	0.0288
794	0.0339
795	0.0339
796	0.0302
797	0.0226
798	0.0226
799	0.0226
8	0.4532
80	5.5025
800	0.026
801	0.0498
802	0.0628
803	0.0596
804	0.3621
805	0.3621
806	0.3621
807	0.3621
808	0.3635
809	0.3635
81	8.6178
810	0.0895
811	0.0898
812	0.0895
813	0.0895
814	0.0895
815	0.0895
816	0.1004
817	0.0908
818	0.1392
819	0.1384
82	2.8853
820	0.1384
821	0.1384
822	9.4527
823	2.8398
824	0.4219
825	0.206
826	0.5942
827	0.5196
828	1.3345
829	0.0154
83	2.4947
830	0.1402
831	0.081
832	0.081
833	0.081
834	0.081
835	0.081
836	0.1667
837	1.2472
838	0.4706
839	0.8734
84	3.1725
840	1.0401
841	0.6063
842	0.5006
843	0.4546
844	0.4546
845	0.4546
846	0.4546
847	0.4546
848	0.4546
849	0.4546
85	5.4657
850	0.4546
851	0.4546
852	0.4546
853	0.4546
854	0.4546
855	0.4546
856	0.4546
857	0.4546
858	0.4546
859	0.4546
86	4.7267
860	0.4546
861	0.4546
862	0.4546
863	0.4546
864	0.4546
865	0.4546
866	0.4546
867	0.4546
868	0.4546
869	0.0858
87	4.9997
870	0.0014
871	0.0014
872	0.0019
873	0.0898
874	0.0397
875	0.323
876	1.6476
877	1.6513
878	1.6513
879	1.5354
88	5.4657
880	3.5593
881	1.5226
882	1.5226
883	1.5226
884	1.5226
885	1.5226
886	1.5226
887	1.6697
888	1.5226
889	0.265
89	4.7638
890	0.3761
891	0.265
892	0.9243
893	1.0493
894	0.9243
895	0.9243
896	0.0467
897	0.0467
898	0.0467
899	0.0467
9	0.1044
90	5.8285
900	0.0113
901	0.0113
902	0.0113
903	0.0113
904	0.0113
905	0.0113
906	0.0113
907	0.0113
908	0.0113
909	0.0113
91	5.8285
910	0.0113
911	0.0113
912	0.0113
913	0.0113
914	0.0113
915	0.0113
916	0.0113
917	0.0113
918	0.0377
919	0.0113
92	6.2127
920	0.0377
921	0.0113
922	0.0113
923	0.1363
924	0.0113
925	0.0113
926	0.0113
927	0.0113
928	0.0113
929	0.0113
93	4.916
930	0.0113
931	0.0278
932	0.0113
933	0.0113
934	0.0113
935	0.0138
936	0.0169
937	0.0168
938	0.135
939	0.0165
94	0.0017
940	0.0165
941	0.0165
942	0.0165
943	0.0056
944	0.0056
945	0.1972
946	0.2001
947	0.0852
948	0.0844
949	0.0699
95	0.0017
950	0.0835
951	0.0844
952	0.2003
953	0.2443
954	0.2443
955	0.2433
956	0.251
957	0.2278
958	0.0323
959	0.0323
96	0.0017
960	0.012
961	0.1409
962	0.1409
963	0.1745
964	0.1398
965	0.1398
966	0.1398
967	0.1398
968	0.233
969	0.233
97	0.0017
970	0.2515
971	0.0185
972	0.2152
973	0.2164
974	0.2139
975	0.2139
976	0.2152
977	0.2139
978	0.2139
979	0.2178
98	0.0017
980	0.0102
981	0.7364
982	0.1322
983	0.1312
984	0.1332
985	0.4684
986	0.1312
987	0.0318
988	0.0313
989	0.008
99	0.0017
990	0.2025
991	2.3106
992	0.3871
993	0.9442
994	0.2025
995	1.0827
996	0.01
997	0.01
998	0.0952
999	0.0939
