1	0.3253
10	1.6247
100	8.0E-4
1000	0.0209
1001	0.0209
1002	0.0189
1003	0.0128
1004	0.015
1005	0.0128
1006	0.018
1007	0.0178
1008	0.0189
1009	0.0173
101	8.0E-4
1010	0.0159
1011	0.0159
1012	0.0181
1013	0.018
1014	0.018
1015	0.0201
1016	0.0199
1017	0.0199
1018	0.0173
1019	0.0175
102	0.0853
1020	1.0183
1021	0.6605
1022	0.0137
1023	7.0E-4
1024	0.0044
1025	0.109
1026	0.109
1027	0.0419
1028	0.0059
1029	0.0128
103	8.0E-4
1030	0.0165
1031	0.0132
1032	0.0084
1033	0.0165
1034	1.0185
1035	0.0232
1036	0.0233
1037	0.0232
1038	0.031
1039	1.0475
104	8.0E-4
1040	1.0475
1041	1.0475
1042	1.0475
1043	1.0475
1044	1.0475
1045	1.0475
1046	1.0475
1047	1.0475
1048	1.0475
1049	1.0475
105	8.0E-4
1050	1.0475
1051	1.0475
1052	1.0475
1053	1.0475
1054	1.0475
1055	1.0475
1056	1.0475
1057	1.0475
1058	1.0475
1059	1.0475
106	4.3053
1060	1.0475
1061	1.0475
1062	1.0475
1063	1.0475
1064	1.0475
1065	1.0475
1066	0.0087
1067	0.0087
1068	0.0087
1069	0.0087
107	1.6251
1070	0.0087
1071	0.0087
1072	0.0087
1073	0.0087
1074	0.0087
1075	0.0087
1076	0.0087
1077	0.0087
1078	0.0087
1079	0.0087
108	0.9165
1080	0.0087
1081	0.0087
1082	0.0087
1083	0.0087
1084	0.0087
1085	0.0087
1086	0.0087
1087	0.0087
1088	0.0087
1089	0.0087
109	0.8008
1090	0.0087
1091	0.0087
1092	0.0087
1093	0.0087
1094	0.0087
1095	0.0087
1096	0.0087
1097	0.0046
1098	0.0052
1099	0.0052
11	0.0156
110	0.8008
1100	0.3655
1101	0.4182
1102	0.4249
1103	0.4249
1104	0.4249
1105	0.4249
1106	0.4249
1107	0.4249
1108	0.4249
1109	0.4249
111	2.7162
1110	0.4249
1111	0.4249
1112	0.4249
1113	0.4249
1114	0.4249
1115	0.4249
1116	0.4249
1117	0.4249
1118	0.4249
1119	0.4249
112	2.8782
1120	0.4249
1121	0.4249
1122	0.4249
1123	0.4249
1124	0.4249
1125	0.4249
1126	0.4249
1127	0.4249
1128	0.4249
1129	0.4249
113	1.3222
1130	0.4249
1131	0.4249
1132	0.4249
1133	0.4249
1134	0.4249
1135	0.4249
1136	0.4249
1137	0.4249
1138	0.4249
1139	0.4249
114	0.8143
1140	0.4249
1141	0.4249
1142	0.4249
1143	0.4249
1144	0.4249
1145	0.4249
1146	0.4249
1147	0.4249
1148	0.4249
1149	0.4249
115	1.4408
1150	0.4249
1151	0.4249
1152	0.4249
1153	0.4249
1154	0.4249
1155	0.4249
1156	0.4249
1157	0.4249
1158	0.4249
1159	1.0E-4
116	2.2319
1160	1.0E-4
1161	0.0019
1162	1.0E-4
1163	1.0E-4
1164	1.0E-4
1165	1.0E-4
1166	1.0E-4
1167	1.0E-4
1168	1.0E-4
1169	1.0E-4
117	1.0094
1170	1.0E-4
1171	1.0E-4
1172	1.0E-4
1173	1.0E-4
1174	1.0E-4
1175	1.0E-4
1176	1.0E-4
1177	0.0073
1178	0.0401
1179	3.0E-4
118	2.0971
1180	3.0E-4
1181	2.0E-4
1182	2.0E-4
1183	2.0E-4
1184	2.0E-4
1185	2.0E-4
1186	2.0E-4
1187	0.0058
1188	0.0058
1189	0.0058
119	5.4499
1190	0.0058
1191	0.0462
1192	0.0462
1193	0.0135
1194	0.0222
1195	0.0137
1196	0.0072
1197	0.0072
1198	0.004
1199	0.1991
12	0.1608
120	2.2239
1200	0.005
1201	0.005
1202	0.0063
1203	0.005
1204	0.005
1205	0.005
1206	0.005
1207	0.0027
1208	0.003
1209	0.0029
121	2.0453
1210	0.0026
1211	0.0025
1212	0.0025
1213	0.0549
1214	0.0044
1215	0.5537
1216	0.7346
1217	0.5537
1218	0.5537
1219	0.0052
122	2.2239
1220	0.0052
1221	3.0E-4
1222	3.0E-4
1223	3.0E-4
1224	3.0E-4
1225	0.0045
1226	0.0045
1227	0.01
1228	0.01
1229	0.01
123	3.9091
1230	0.01
1231	0.01
1232	0.01
1233	0.01
1234	0.0
1235	0.0
1236	0.0
1237	0.0
1238	0.0
1239	0.0
124	3.0437
1240	0.0
1241	0.0
1242	0.0
1243	0.0
1244	0.0
1245	0.0
1246	0.0
1247	0.0
1248	0.0
1249	0.0
125	3.0596
1250	0.0
1251	0.0
1252	0.0
1253	0.0
1254	0.0
1255	0.0
1256	0.0
1257	0.0
1258	0.0
1259	0.0
126	3.0774
1260	0.0
1261	0.0
1262	0.0
1263	0.0
1264	0.0
1265	1.0E-4
1266	0.0
1267	0.0
1268	0.0
1269	0.0136
127	0.9506
1270	0.0136
1271	0.0136
1272	0.0136
1273	0.0136
1274	0.0136
1275	0.0136
1276	0.0136
1277	0.0136
1278	0.0136
1279	0.0109
128	0.9506
1280	0.0109
1281	0.0109
1282	0.0109
1283	0.0109
1284	1.0E-4
1285	1.0E-4
1286	1.0E-4
1287	1.0E-4
1288	0.0245
1289	0.0245
129	0.8981
1290	0.0245
1291	0.0347
1292	0.0146
1293	0.0868
1294	0.0868
1295	0.0061
1296	0.0061
1297	1.0E-4
1298	1.0E-4
1299	1.0E-4
13	0.0157
130	0.8546
1300	0.0018
1301	1.0E-4
1302	1.0E-4
1303	1.0E-4
1304	1.0E-4
1305	0.0017
1306	0.0017
1307	0.0017
1308	1.0E-4
1309	0.0057
131	0.7278
1310	3.0E-4
1311	0.002
1312	0.0015
1313	0.0014
1314	0.0014
1315	0.0014
1316	0.0014
1317	0.0014
1318	0.0014
1319	0.0014
132	9.8906
1320	0.0014
1321	0.0014
1322	0.0014
1323	0.0014
1324	0.0011
1325	0.0011
1326	0.0011
1327	0.0011
1328	0.0011
1329	0.0011
133	0.3549
1330	0.0011
1331	0.0011
1332	0.0011
1333	0.0011
1334	0.0011
1335	0.0011
1336	0.0011
1337	0.0011
1338	0.0011
1339	0.0011
134	0.3268
1340	0.0016
1341	0.0013
1342	0.1437
1343	0.1437
1344	0.0016
1345	0.0192
1346	0.0033
1347	0.0033
1348	0.0033
1349	0.0033
135	0.3849
1350	0.0033
1351	0.0033
1352	0.0033
1353	0.0033
1354	0.0033
1355	0.0033
1356	0.0033
1357	0.0033
1358	0.0033
1359	0.0033
136	0.4088
1360	0.0033
1361	0.0033
1362	0.0056
1363	0.035
1364	0.035
1365	0.0024
1366	0.0023
1367	0.0024
1368	0.0024
1369	0.0024
137	0.4366
1370	2.6681
1371	0.4007
1372	0.1306
1373	0.1926
1374	0.3016
1375	0.1075
1376	0.0625
1377	0.0625
1378	0.0295
1379	5.7796
138	0.4989
1380	0.0282
1381	0.023
1382	0.0169
1383	0.0169
1384	0.0169
1385	0.0169
1386	0.0169
1387	0.0169
1388	0.0169
1389	0.0169
139	0.1266
1390	7.0E-4
1391	0.001
1392	1.0E-4
1393	1.0E-4
1394	1.0E-4
1395	1.0E-4
1396	0.0011
1397	0.0011
1398	0.0196
1399	0.0011
14	1.0859
140	0.1296
1400	0.0011
1401	0.0011
1402	1.0E-4
1403	7.0E-4
1404	6.0E-4
1405	6.0E-4
1406	1.0E-4
1407	1.0E-4
1408	0.1071
1409	0.1219
141	0.1131
1410	0.1219
1411	0.1219
1412	0.1219
1413	0.1219
1414	0.1219
1415	0.1219
1416	0.1539
1417	0.2096
1418	0.1219
1419	0.2066
142	0.5578
1420	0.2066
1421	0.1219
1422	0.0164
1423	0.0164
1424	0.0197
1425	0.0272
1426	0.0184
1427	0.0283
1428	0.0197
1429	0.0197
143	0.6599
1430	0.0171
1431	0.0164
1432	0.0164
1433	0.0773
1434	0.0773
1435	0.0773
1436	0.0773
1437	0.0773
1438	0.002
1439	0.002
144	0.1717
1440	0.004
1441	0.0126
1442	0.0124
1443	1.0507
1444	0.0039
1445	0.001
1446	0.0015
1447	0.0015
1448	0.0015
1449	0.0015
145	1.1756
1450	0.0015
1451	0.0015
1452	0.0015
1453	0.0015
1454	0.0015
1455	0.0015
1456	0.0015
1457	0.0041
1458	0.0017
1459	0.0028
146	0.1131
1460	0.0037
1461	0.0428
1462	0.0425
1463	0.0428
1464	0.0425
1465	0.0425
1466	0.0428
1467	1.0264
1468	0.002
1469	0.0387
147	0.1131
1470	0.0387
1471	0.0387
1472	0.0414
1473	0.0596
1474	0.0596
1475	0.0596
1476	0.0596
1477	0.0596
1478	0.0596
1479	0.0596
148	0.5731
1480	0.0596
1481	0.0596
1482	0.0596
1483	0.0081
1484	0.0081
1485	0.0081
1486	0.0081
1487	0.105
1488	0.061
1489	0.105
149	0.1489
1490	0.061
1491	0.0559
1492	0.0559
1493	0.0568
1494	0.0777
1495	0.014
1496	0.014
1497	0.014
1498	0.014
1499	0.0568
15	0.0194
150	0.1622
1500	0.014
1501	0.014
1502	0.0843
1503	0.0843
1504	0.014
1505	0.0568
1506	0.058
1507	0.4031
1508	0.0428
1509	0.0149
151	0.1592
1510	0.0149
1511	0.0149
1512	0.0149
1513	0.0149
1514	0.0149
1515	0.0149
1516	0.0149
1517	0.0026
1518	0.0214
1519	0.0291
152	0.1015
1520	0.0087
1521	0.0087
1522	0.0087
1523	0.0087
1524	0.0087
1525	0.0087
1526	0.0087
1527	0.0157
1528	0.0157
1529	0.0132
153	0.1613
1530	0.0111
1531	0.0099
1532	0.0087
1533	0.0168
1534	4.0E-4
1535	8.0E-4
1536	8.0E-4
1537	0.0032
1538	0.8738
1539	1.5588
154	0.0028
1540	2.0336
1541	1.7697
1542	0.8738
1543	0.0082
1544	1.0E-4
1545	1.0E-4
1546	1.0E-4
1547	1.0E-4
1548	1.0E-4
1549	1.0E-4
155	0.7028
1550	1.0E-4
1551	0.0028
1552	0.0021
1553	0.0077
1554	0.0077
1555	0.0077
1556	0.0077
1557	0.0077
1558	0.0077
1559	0.0077
156	0.27
1560	0.0077
1561	9.0E-4
1562	9.0E-4
1563	9.0E-4
1564	0.0094
1565	2.0E-4
1566	1.0E-4
1567	1.0E-4
1568	1.0E-4
1569	1.0E-4
157	0.7227
1570	1.0E-4
1571	1.0E-4
1572	1.0E-4
1573	1.0E-4
1574	1.0E-4
1575	1.0E-4
1576	1.0E-4
1577	1.0E-4
1578	1.0E-4
1579	1.0E-4
158	0.8495
1580	1.0E-4
1581	1.0E-4
1582	1.0E-4
1583	1.0E-4
1584	1.0E-4
1585	1.0E-4
1586	1.0E-4
1587	1.0E-4
1588	1.0E-4
1589	0.0015
159	0.7227
1590	0.0013
1591	0.0013
1592	1.0E-4
1593	1.0E-4
1594	1.0E-4
1595	1.0E-4
1596	1.0E-4
1597	1.0E-4
1598	1.0E-4
1599	1.0E-4
16	4.6973
160	0.7759
1600	1.0E-4
1601	1.0E-4
1602	0.0155
1603	0.0155
1604	0.0155
1605	0.0155
1606	0.0155
1607	0.0016
1608	0.135
1609	0.135
161	0.7433
1610	0.135
1611	0.135
1612	0.135
1613	0.135
1614	0.0066
1615	0.0066
1616	0.0066
1617	0.0066
1618	0.0066
1619	1.0E-4
162	0.7227
1620	0.1561
1621	0.1181
1622	0.1181
1623	0.1181
1624	0.1181
1625	0.1181
1626	0.005
1627	0.005
1628	0.005
1629	0.005
163	0.7028
1630	0.005
1631	0.005
1632	0.005
1633	0.005
1634	0.0086
1635	0.005
1636	0.005
1637	0.005
1638	0.005
1639	0.0035
164	0.4116
1640	0.0044
1641	0.0044
1642	0.0041
1643	0.0041
1644	0.0044
1645	0.0053
1646	0.0044
1647	0.0044
1648	0.0035
1649	0.0035
165	0.7028
1650	0.0048
1651	0.0048
1652	0.0048
1653	0.0048
1654	0.0048
1655	0.0048
1656	0.0048
1657	0.0049
1658	0.0049
1659	0.0049
166	0.741
1660	0.0049
1661	0.0049
1662	0.0049
1663	0.0049
1664	0.0049
1665	0.6386
1666	0.8717
1667	0.6386
1668	0.6386
1669	0.0255
167	0.7028
1670	0.0255
1671	0.0429
1672	0.0255
1673	0.0255
1674	0.0255
1675	0.0255
1676	0.0255
1677	0.0255
1678	1.324
1679	0.0142
168	0.5981
1680	0.0152
1681	0.0013
1682	0.0013
1683	0.0092
1684	0.0013
1685	0.0013
1686	0.0013
1687	6.0E-4
1688	0.0061
1689	6.0E-4
169	0.5981
1690	6.0E-4
1691	6.0E-4
1692	6.0E-4
1693	6.0E-4
1694	6.0E-4
1695	6.0E-4
1696	8.0E-4
1697	8.0E-4
1698	8.0E-4
1699	8.0E-4
17	0.0169
170	0.5981
1700	7.0E-4
1701	7.0E-4
1702	7.0E-4
1703	7.0E-4
1704	7.0E-4
1705	7.0E-4
1706	0.0092
1707	8.0E-4
1708	8.0E-4
1709	8.0E-4
171	0.6
1710	8.0E-4
1711	8.0E-4
1712	8.0E-4
1713	8.0E-4
1714	8.0E-4
1715	8.0E-4
1716	8.0E-4
1717	8.0E-4
1718	8.0E-4
1719	8.0E-4
172	0.5981
1720	8.0E-4
1721	8.0E-4
1722	8.0E-4
1723	0.0037
1724	0.0037
1725	0.0037
1726	0.0037
1727	0.0037
1728	0.0037
1729	0.0037
173	0.5856
1730	0.0037
1731	0.0037
1732	0.0037
1733	0.0037
1734	0.0037
1735	0.0037
1736	0.0037
1737	8.0E-4
1738	8.0E-4
1739	8.0E-4
174	0.5032
1740	8.0E-4
1741	0.0037
1742	0.0037
1743	0.0037
1744	0.0037
1745	0.0037
1746	0.0037
1747	0.0037
1748	0.0037
1749	0.0037
175	0.711
1750	0.0059
1751	0.0059
1752	0.0059
1753	0.0059
1754	0.0059
1755	0.0059
1756	0.0059
1757	0.0059
1758	0.0059
1759	0.0059
176	0.8072
1760	0.0323
1761	0.0413
1762	0.0413
1763	0.0413
1764	0.098
1765	0.098
1766	0.0048
1767	0.0048
1768	0.0048
1769	0.0048
177	0.5207
1770	0.0048
1771	0.0048
1772	0.0039
1773	0.0039
1774	0.0039
1775	0.0039
1776	0.0039
1777	0.0039
1778	0.0039
1779	0.0039
178	0.14
1780	0.0039
1781	0.0039
1782	0.0037
1783	0.0037
1784	0.0037
1785	0.0037
1786	0.0037
1787	0.0037
1788	0.0037
1789	0.0099
179	0.2693
1790	0.0099
1791	0.0045
1792	0.0045
1793	0.0045
1794	0.0045
1795	0.0045
1796	0.0045
1797	0.0045
1798	0.0051
1799	0.0051
18	0.7297
180	0.2478
1800	0.0051
1801	0.0051
1802	0.0051
1803	0.0051
1804	0.0051
1805	0.0051
1806	0.0051
1807	0.0051
1808	0.0051
1809	0.0051
181	0.2493
1810	0.0051
1811	0.0051
1812	0.0051
1813	0.0051
1814	0.0051
1815	0.0066
1816	0.0066
1817	0.0062
1818	0.0862
1819	0.3999
182	0.1577
1820	0.021
1821	0.0251
1822	0.021
1823	0.1837
1824	0.1837
1825	0.1837
1826	0.1837
1827	0.1837
1828	0.1837
1829	0.1837
183	0.2477
1830	0.2297
1831	0.3095
1832	0.1837
1833	0.3051
1834	0.3051
1835	0.1837
1836	0.2067
1837	0.1044
1838	0.2724
1839	0.2411
184	0.2521
1840	0.2411
1841	0.2117
1842	0.1976
1843	0.1976
1844	0.1976
1845	0.1976
1846	0.1976
1847	0.1976
1848	0.1976
1849	0.0576
185	0.2475
1850	0.0576
1851	0.0789
1852	0.0576
1853	0.0435
1854	1.0E-4
1855	1.0E-4
1856	1.0E-4
1857	1.0E-4
1858	1.0E-4
1859	1.0E-4
186	0.2495
1860	0.0085
1861	0.0062
1862	0.0062
1863	0.0077
1864	1.0E-4
1865	1.0E-4
1866	1.0E-4
1867	0.001
1868	0.001
1869	1.0E-4
187	0.2492
1870	0.0012
1871	1.1309
1872	4.0923
1873	4.473
1874	1.0669
1875	5.338
1876	3.6085
1877	5.338
1878	5.3848
1879	0.1949
188	0.2475
1880	0.1949
1881	0.1949
1882	0.1949
1883	4.6967
1884	0.71
1885	0.71
1886	0.71
1887	0.71
1888	0.71
1889	0.71
189	0.3045
1890	0.71
1891	0.71
1892	0.71
1893	0.71
1894	0.71
1895	0.71
1896	0.0
1897	0.0
1898	0.0
1899	0.0
19	0.9453
190	0.0095
1900	0.0
1901	0.0
1902	0.0
1903	0.0
1904	0.0
1905	0.0
1906	0.0
1907	0.0
1908	0.0
1909	0.0
191	0.0148
1910	0.0
1911	0.0
1912	0.0
1913	0.0
1914	0.0
1915	0.0
1916	0.0
1917	0.0
1918	0.0
1919	0.0
192	0.5523
1920	0.0
1921	0.0
1922	0.0
1923	0.0
1924	0.0
1925	0.0
1926	0.0
1927	0.0
1928	0.0
1929	0.0
193	4.1652
1930	0.0
1931	0.0
1932	0.0
1933	0.0
1934	0.0
1935	0.0
1936	0.0
1937	0.0
1938	0.0
1939	0.0
194	1.2529
1940	0.0
1941	0.0
1942	0.0
1943	0.0
1944	0.0
1945	0.0
1946	0.0
1947	0.0
1948	0.0
1949	0.0
195	1.7485
1950	0.0
1951	0.0
1952	0.0
1953	0.0
1954	0.0
1955	0.0
1956	0.0
1957	0.0
1958	0.0
1959	0.0
196	1.6738
1960	0.0
1961	0.0
1962	0.0
1963	0.0
1964	0.0
1965	0.0
1966	0.0
1967	0.0
1968	0.0
1969	0.0
197	1.1681
1970	0.0
1971	0.0
1972	0.0
1973	0.0
1974	0.0
1975	0.0
1976	0.0
1977	0.0
1978	0.0
1979	0.0
198	1.4183
1980	0.0
1981	0.0
1982	0.0
1983	0.0
1984	0.0
1985	0.0
1986	0.0
1987	0.0
1988	0.0
1989	0.0
199	1.6679
1990	0.0
1991	0.0
1992	0.0
1993	0.0
1994	0.0
1995	1.0018
1996	0.0
1997	0.0
1998	0.0
1999	0.0
2	44.0029
20	1.9323
200	2.3287
2000	0.0
2001	0.0
2002	0.0
2003	0.0
2004	0.0
2005	0.0
2006	0.0
2007	0.0
2008	0.0
2009	0.0
201	3.0551
2010	0.0
2011	0.0
2012	0.0
2013	0.0
2014	0.0
2015	0.0
2016	0.0
2017	0.0
2018	0.0
2019	0.0
202	3.132
2020	0.0
2021	0.0
2022	0.0
2023	0.0
2024	0.0
2025	0.0
2026	0.0
2027	0.0
2028	0.0
2029	0.0
203	1.0105
2030	0.0
2031	0.0
2032	0.0
2033	0.0
2034	0.0
2035	0.0
2036	0.0
2037	0.0
2038	0.0
2039	0.0
204	1.3546
2040	0.0
2041	0.0
2042	0.0
2043	0.0
2044	0.0
2045	0.0
2046	0.0
2047	0.0
2048	0.0
2049	0.0
205	1.1899
2050	0.0
2051	0.0
2052	0.0
2053	0.0
2054	0.0
2055	0.0
2056	0.0
2057	0.0
2058	0.0
2059	0.0
206	0.9748
2060	0.0
2061	0.0
2062	0.0
2063	0.0
2064	0.0
2065	0.0
2066	0.0
2067	0.0
2068	0.0
2069	0.0
207	0.1266
2070	0.0
2071	0.0
2072	0.0
2073	0.0
2074	0.0
2075	0.0
2076	0.0
2077	0.0
2078	0.0
2079	0.0
208	0.1329
2080	0.1352
2081	0.0883
2082	0.1352
2083	0.0883
2084	0.0844
2085	0.1137
2086	0.0202
2087	0.0202
2088	0.0202
2089	0.0202
209	0.3814
2090	0.0844
2091	0.0202
2092	0.0202
2093	0.1094
2094	0.1094
2095	0.0202
2096	0.0844
2097	0.067
2098	0.2918
2099	0.0642
21	0.9062
210	0.3103
2100	1.3068
2101	0.0086
2102	0.0035
2103	0.264
2104	0.0012
2105	0.0053
2106	0.0053
2107	0.0017
2108	0.0017
2109	0.0017
211	0.3388
2110	0.0017
2111	0.0017
2112	0.0017
2113	0.0017
2114	0.0017
2115	0.0023
2116	0.0017
2117	0.0017
2118	0.0017
2119	0.0017
212	3.2593
2120	0.0017
2121	0.0017
2122	0.0017
2123	0.0017
2124	0.0017
2125	0.1004
2126	0.1004
2127	0.1612
2128	0.3652
2129	0.1612
213	2.9242
2130	0.1612
2131	0.1612
2132	0.0544
2133	0.0544
2134	0.0544
2135	0.0544
2136	0.0544
2137	0.1982
2138	0.1982
2139	0.2313
214	2.9994
2140	0.1982
2141	0.1982
2142	0.1982
2143	0.1982
2144	0.9282
2145	1.0923
2146	0.9016
2147	0.9016
2148	0.9282
2149	0.0013
215	2.9551
2150	0.0013
2151	0.0013
2152	0.0013
2153	0.0013
2154	0.0013
2155	0.0013
2156	0.0013
2157	0.0013
2158	0.0013
2159	0.0022
216	2.9134
2160	0.0022
2161	0.0022
2162	0.0022
2163	0.0022
2164	0.0022
2165	0.0022
2166	0.0022
2167	0.0015
2168	0.0015
2169	0.0015
217	3.5151
2170	0.0015
2171	0.1254
2172	2.3944
2173	0.0015
2174	0.0015
2175	0.0015
2176	0.0015
2177	0.0015
2178	0.0015
2179	0.0015
218	1.8571
2180	0.0014
2181	0.0014
2182	0.0014
2183	0.0014
2184	0.0014
2185	0.0014
2186	0.0014
2187	0.0014
2188	0.0014
2189	0.0014
219	0.437
2190	0.0014
2191	0.0014
2192	0.0014
2193	1.0162
2194	0.9951
2195	0.9951
2196	1.0162
2197	1.0162
2198	0.9525
2199	0.5898
22	0.0156
220	0.4615
2200	0.5898
2201	0.5898
2202	0.5898
2203	0.5898
2204	0.5898
2205	0.5898
2206	0.5898
2207	0.5898
2208	0.5898
2209	0.019
221	0.1173
2210	0.0016
2211	0.0058
2212	0.0143
2213	0.0048
2214	0.0029
2215	0.0041
2216	0.0016
2217	0.0016
2218	0.0018
2219	0.005
222	0.1173
2220	0.0018
2221	0.0039
2222	0.0082
2223	0.0018
2224	0.0018
2225	0.0032
2226	0.0032
2227	0.0032
2228	0.0032
2229	0.0063
223	0.0054
2230	0.0042
2231	0.0021
2232	0.0021
2233	0.0021
2234	0.0021
2235	0.0042
2236	0.0106
2237	0.0042
2238	0.0063
2239	0.0063
224	2.0927
2240	0.0063
2241	0.0042
2242	0.0042
2243	0.0042
2244	0.0063
2245	0.0063
2246	0.0032
2247	0.0032
2248	0.0032
2249	0.0044
225	0.0736
2250	0.0013
2251	0.0013
2252	0.0013
2253	0.0013
2254	0.0013
2255	0.0013
2256	0.0013
2257	0.0013
2258	0.0095
2259	0.0032
226	0.0749
2260	0.0042
2261	0.0063
2262	0.0042
2263	0.0063
2264	0.0025
2265	0.0025
2266	0.0025
2267	0.0047
2268	0.0095
2269	0.0021
227	0.0693
2270	0.0025
2271	0.0025
2272	0.0025
2273	0.0025
2274	0.0025
2275	0.0063
2276	0.0063
2277	0.0063
2278	0.0063
2279	0.0042
228	0.0736
2280	0.0042
2281	0.0063
2282	0.0106
2283	0.0148
2284	0.0042
2285	0.0025
2286	0.0025
2287	0.0025
2288	0.0025
2289	0.0025
229	0.0952
2290	0.0127
2291	0.0032
2292	0.0032
2293	0.0032
2294	0.0063
2295	0.0063
2296	0.0063
2297	0.0063
2298	0.0016
2299	0.0016
23	0.1287
230	0.0736
2300	0.0016
2301	0.0016
2302	0.0016
2303	0.0016
2304	0.0016
2305	0.0016
2306	0.0
2307	0.0
2308	0.0
2309	0.0
231	0.4379
2310	1.0E-4
2311	1.0E-4
2312	1.0E-4
2313	1.0E-4
2314	1.0E-4
2315	1.0E-4
2316	1.0E-4
2317	1.0E-4
2318	1.0E-4
2319	1.0E-4
232	0.3203
2320	1.0E-4
2321	1.0E-4
2322	1.0E-4
2323	1.0E-4
2324	1.0E-4
2325	1.0E-4
2326	1.0E-4
2327	1.0E-4
2328	1.0E-4
2329	1.0E-4
233	0.3203
2330	1.0E-4
2331	1.0E-4
2332	1.0E-4
2333	1.0E-4
2334	1.0E-4
2335	1.0E-4
2336	1.0E-4
2337	1.0E-4
2338	1.0E-4
2339	1.0E-4
234	0.3203
2340	1.0E-4
2341	0.0
2342	0.0
2343	0.0
2344	0.0
2345	0.0
2346	0.0
2347	0.0
2348	0.0
2349	0.0
235	0.5764
2350	0.0
2351	0.0
2352	0.0
2353	0.0
2354	4.0E-4
2355	1.0E-4
2356	1.0E-4
2357	1.0E-4
2358	1.0E-4
2359	0.0
236	0.6145
2360	0.0
2361	0.0
2362	0.0662
2363	0.1809
2364	0.0
2365	0.0
2366	0.0
2367	1.0E-4
2368	1.0E-4
2369	1.0E-4
237	0.3203
2370	7.0E-4
2371	7.0E-4
2372	0.0
2373	0.0
2374	0.0
2375	0.0
2376	0.0
2377	2.0E-4
2378	3.0E-4
2379	3.0E-4
238	0.3203
2380	3.0E-4
2381	3.0E-4
2382	3.0E-4
2383	3.0E-4
2384	3.0E-4
2385	4.0E-4
2386	1.0E-4
2387	1.0E-4
2388	1.0E-4
2389	1.0E-4
239	0.3203
2390	1.0E-4
2391	1.0E-4
2392	1.0E-4
2393	1.0E-4
2394	1.0E-4
2395	1.0E-4
2396	1.0E-4
2397	1.0E-4
2398	1.0E-4
2399	1.0E-4
24	0.0185
240	0.7988
2400	1.0E-4
2401	1.0E-4
2402	0.0397
2403	1.0E-4
2404	1.0E-4
2405	1.0E-4
2406	1.0E-4
2407	1.0E-4
2408	1.0E-4
2409	1.0E-4
241	0.3335
2410	1.0E-4
2411	1.0E-4
2412	1.0E-4
2413	1.0E-4
2414	1.0E-4
2415	1.0E-4
2416	1.0E-4
2417	7.0E-4
2418	7.0E-4
2419	7.0E-4
242	0.6137
2420	3.0E-4
2421	3.0E-4
2422	3.0E-4
2423	3.0E-4
2424	3.0E-4
2425	3.0E-4
2426	3.0E-4
2427	1.0E-4
2428	1.0E-4
2429	1.0E-4
243	0.3203
2430	1.0E-4
2431	1.0E-4
2432	1.0E-4
2433	1.0E-4
2434	1.0E-4
2435	1.0E-4
2436	1.0E-4
2437	1.0E-4
2438	1.0E-4
2439	1.0E-4
244	0.5144
2440	1.0E-4
2441	0.0
2442	0.0
2443	0.0
2444	0.0
2445	0.0
2446	0.0
2447	0.0
2448	0.0
2449	0.0
245	0.5144
2450	0.0
2451	0.0
2452	0.0496
2453	0.0301
2454	0.0301
2455	0.0125
2456	0.0301
2457	0.032
2458	0.0301
2459	0.0125
246	0.4572
2460	0.0063
2461	0.0063
2462	0.0063
2463	0.0063
2464	0.0063
2465	0.0063
2466	0.0063
2467	0.0063
2468	0.0063
2469	0.0063
247	0.3203
2470	0.0063
2471	0.0063
2472	0.0063
2473	0.0063
2474	0.0063
2475	0.0063
2476	0.0063
2477	0.0063
2478	0.0063
2479	0.0063
248	1.9147
2480	0.0063
2481	0.0063
2482	0.0351
2483	0.0195
2484	0.0195
2485	0.0712
2486	0.0712
2487	0.0073
2488	0.0073
2489	0.0073
249	1.5381
2490	0.0073
2491	0.0073
2492	0.0073
2493	0.0073
2494	0.0073
2495	0.0073
2496	0.0073
2497	0.0073
2498	0.0073
2499	0.0073
25	0.0156
250	0.4447
2500	0.0073
2501	0.0073
2502	0.0073
2503	0.0073
2504	0.0073
2505	0.0073
2506	0.0073
2507	0.0073
2508	0.0073
2509	0.0073
251	0.4623
2510	0.0112
2511	0.0086
2512	0.0086
2513	0.0086
2514	0.0086
2515	0.0026
2516	0.0026
2517	0.0026
2518	0.0027
2519	0.0027
252	0.8744
2520	0.0027
2521	0.0027
2522	0.0027
2523	0.0027
2524	0.0082
2525	0.0027
2526	0.0027
2527	0.0027
2528	0.0027
2529	0.0027
253	0.3379
2530	0.0027
2531	0.0027
2532	0.004
2533	0.004
2534	0.004
2535	0.0027
2536	0.3483
2537	0.706
2538	0.706
2539	0.3483
254	0.5115
2540	0.0015
2541	0.0015
2542	0.0015
2543	0.0015
2544	5.0E-4
2545	5.0E-4
2546	7.0E-4
2547	0.0014
2548	0.0014
2549	0.0014
255	0.647
2550	0.0014
2551	1.0174
2552	1.0174
2553	1.0174
2554	1.0174
2555	3.0E-4
2556	3.0E-4
2557	3.0E-4
2558	3.0E-4
2559	3.0E-4
256	0.5988
2560	3.0E-4
2561	3.0E-4
2562	3.0E-4
2563	0.0234
2564	0.0022
2565	0.0022
2566	0.0022
2567	0.0022
2568	0.0022
2569	7.0E-4
257	0.7483
2570	7.0E-4
2571	7.0E-4
2572	7.0E-4
2573	7.0E-4
2574	7.0E-4
2575	7.0E-4
2576	7.0E-4
2577	7.0E-4
2578	7.0E-4
2579	7.0E-4
258	1.6324
2580	7.0E-4
2581	7.0E-4
2582	7.0E-4
2583	7.0E-4
2584	7.0E-4
2585	7.0E-4
2586	0.0056
2587	0.0056
2588	0.1023
2589	0.0209
259	1.6324
2590	0.0209
2591	0.0209
2592	0.0172
2593	0.0172
2594	0.0172
2595	0.0172
2596	0.0172
2597	0.0172
2598	0.0891
2599	0.0048
26	2.025
260	1.6324
2600	0.0048
2601	0.0048
2602	0.0048
2603	0.0048
2604	0.0025
2605	0.0025
2606	0.0025
2607	0.0025
2608	0.0025
2609	0.0025
261	0.1722
2610	0.0021
2611	0.0021
2612	0.0021
2613	0.0021
2614	0.0021
2615	0.0011
2616	0.0011
2617	0.0013
2618	0.0011
2619	0.0013
262	0.2002
2620	0.0011
2621	0.0011
2622	0.0011
2623	0.0011
2624	0.0011
2625	0.0011
2626	0.0011
2627	0.0011
2628	0.0011
2629	0.0011
263	0.1795
2630	0.0
2631	0.0
2632	0.0
2633	0.0
2634	0.0
2635	0.0
2636	0.0
2637	0.0
2638	1.0E-4
2639	0.0
264	0.2036
2640	0.0
2641	0.0
2642	0.0
2643	0.0
2644	0.0
2645	0.0
2646	0.0
2647	0.0
2648	0.0
2649	0.0
265	0.1831
2650	9.0E-4
2651	9.0E-4
2652	9.0E-4
2653	9.0E-4
2654	9.0E-4
2655	9.0E-4
2656	9.0E-4
2657	9.0E-4
2658	9.0E-4
2659	9.0E-4
266	0.1814
2660	9.0E-4
2661	9.0E-4
2662	9.0E-4
2663	0.0073
2664	0.0042
2665	0.0042
2666	0.0042
2667	0.0025
2668	0.0025
2669	0.0025
267	0.1988
2670	0.0025
2671	1.07
2672	1.07
2673	1.07
2674	1.07
2675	1.07
2676	0.0134
2677	0.0
2678	0.0014
2679	0.0014
268	0.1923
2680	0.0024
2681	0.0011
2682	0.0011
2683	0.0011
2684	0.0011
2685	1.0E-4
2686	1.0E-4
2687	1.0E-4
2688	1.0E-4
2689	1.0E-4
269	0.1795
2690	1.0E-4
2691	1.0E-4
2692	1.0E-4
2693	1.0E-4
2694	1.0E-4
2695	1.0E-4
2696	1.0E-4
2697	1.0E-4
2698	1.0E-4
2699	1.0E-4
27	22.3912
270	0.1982
2700	1.0E-4
2701	1.0E-4
2702	1.0E-4
2703	2.0E-4
2704	1.0E-4
2705	2.0E-4
2706	1.0E-4
2707	1.0E-4
2708	1.0E-4
2709	1.0E-4
271	0.167
2710	5.0E-4
2711	1.0E-4
2712	1.0E-4
2713	1.0E-4
2714	3.0E-4
2715	3.0E-4
2716	3.0E-4
2717	6.0E-4
2718	3.0E-4
2719	3.0E-4
272	0.2017
2720	3.0E-4
2721	4.0E-4
2722	4.0E-4
2723	4.0E-4
2724	4.0E-4
2725	5.0E-4
2726	0.0013
2727	0.0038
2728	4.0E-4
2729	4.0E-4
273	0.1811
2730	4.0E-4
2731	4.0E-4
2732	5.0E-4
2733	5.0E-4
2734	5.0E-4
2735	0.2331
2736	9.0E-4
2737	0.0019
2738	0.0019
2739	0.0019
274	0.171
2740	0.0019
2741	0.0019
2742	0.0019
2743	0.0019
2744	0.0019
2745	0.0019
2746	0.0019
2747	0.0019
2748	9.0E-4
2749	0.0011
275	0.1934
2750	0.0013
2751	0.0013
2752	0.0014
2753	0.0289
2754	0.0037
2755	0.0037
2756	0.0042
2757	0.0294
2758	0.0294
2759	0.0333
276	0.2108
2760	0.5
2761	0.5
2762	0.5
2763	0.0026
2764	0.0026
2765	0.0026
2766	0.0026
2767	0.0026
2768	0.0026
2769	0.0026
277	0.184
2770	0.0026
2771	0.7115
2772	0.7115
2773	0.7115
2774	0.7115
2775	0.7115
2776	0.7115
2777	0.7115
2778	0.7115
2779	0.7115
278	0.2122
2780	0.7115
2781	0.7115
2782	0.7115
2783	0.0013
2784	0.009
2785	0.009
2786	0.0596
2787	0.1638
2788	0.1638
2789	0.0055
279	0.1807
2790	0.0055
2791	0.0055
2792	0.0055
2793	0.0055
2794	0.0064
2795	0.0064
2796	0.0071
2797	0.0093
2798	0.1209
2799	0.0031
28	17.9971
280	1.6572
2800	0.0031
2801	0.0031
2802	0.0031
2803	0.0031
2804	0.0031
2805	0.0031
2806	0.0031
2807	0.0031
2808	0.0031
2809	0.0031
281	0.1811
2810	0.0031
2811	0.0031
2812	0.0031
2813	0.0031
2814	0.0031
2815	0.0031
2816	0.0031
2817	0.0031
2818	0.0031
2819	0.0031
282	0.1872
2820	0.0031
2821	0.0031
2822	0.0031
2823	0.0031
2824	0.0031
2825	0.0031
2826	0.0031
2827	0.0031
2828	0.0031
2829	0.0031
283	0.1814
2830	0.0031
2831	0.0031
2832	0.0031
2833	0.0031
2834	0.0031
2835	0.0031
2836	0.0031
2837	0.0031
2838	0.0031
2839	0.0031
284	0.1835
2840	0.0031
2841	0.0031
2842	0.0031
2843	0.0031
2844	0.0031
2845	0.0031
2846	0.0031
2847	0.0031
2848	0.0031
2849	0.0031
285	0.1829
2850	0.0031
2851	0.0031
2852	0.0031
2853	0.0031
2854	0.0031
2855	0.0031
2856	0.0031
2857	0.0031
2858	0.0031
2859	0.0031
286	0.1795
2860	0.0031
2861	0.0031
2862	0.0031
2863	0.0031
2864	0.0031
2865	0.0031
2866	0.0031
2867	0.0031
2868	0.0031
2869	0.0031
287	0.1795
2870	0.0031
2871	0.0031
2872	0.0031
2873	0.0031
2874	0.0031
2875	0.0031
2876	0.0031
2877	0.0031
2878	0.0031
2879	0.0031
288	0.1845
2880	0.0031
2881	0.0031
2882	0.0031
2883	0.0031
2884	0.0031
2885	0.0031
2886	0.0031
2887	0.0031
2888	0.0031
2889	0.0031
289	0.1814
2890	0.0031
2891	0.0031
2892	0.0031
2893	0.0031
2894	0.0031
2895	0.0031
2896	0.0031
2897	0.0031
2898	0.0031
2899	0.0031
29	16.4917
290	0.1825
2900	0.0031
2901	0.0031
2902	0.0031
2903	0.0031
2904	0.0031
2905	0.0031
2906	0.0031
2907	0.0031
2908	0.0031
2909	0.0031
291	0.2036
2910	0.0031
2911	0.0031
2912	0.0031
2913	0.0031
2914	0.0031
2915	0.0031
2916	0.0031
2917	0.0031
2918	0.0031
2919	0.0031
292	0.1852
2920	0.0031
2921	0.0031
2922	0.0031
2923	0.0031
2924	0.0031
2925	0.0031
2926	0.0031
2927	0.0031
2928	0.0031
2929	0.0031
293	0.1825
2930	0.0031
2931	0.0031
2932	0.0031
2933	0.0031
2934	0.0031
2935	0.0031
2936	0.0031
2937	0.0031
2938	0.0031
2939	0.0031
294	0.2548
2940	0.0031
2941	0.0031
2942	0.0031
2943	0.0031
2944	0.0031
2945	0.0031
2946	0.0031
2947	0.0031
2948	0.0031
2949	0.0031
295	0.2553
2950	0.0031
2951	0.0031
2952	0.0031
2953	0.0031
2954	0.0031
2955	0.0031
2956	0.0031
2957	0.0031
2958	0.0031
2959	0.0031
296	0.2542
2960	0.0031
2961	0.0031
2962	0.0031
2963	0.0031
2964	0.0031
2965	0.0031
2966	0.0031
2967	0.0031
2968	0.0031
2969	0.0031
297	0.2661
2970	0.0031
2971	0.0031
2972	0.0031
2973	0.0031
2974	0.0031
2975	0.0031
2976	0.0031
2977	0.0031
2978	0.0031
2979	0.0031
298	0.2668
2980	0.0031
2981	0.0031
2982	0.0031
2983	0.0371
2984	0.0041
2985	0.0041
2986	0.0041
2987	0.0041
2988	0.0041
2989	0.0041
299	0.2542
2990	0.0711
2991	0.0431
2992	0.0431
2993	0.0431
2994	0.018
2995	0.0431
2996	0.0459
2997	0.0431
2998	0.018
2999	0.0087
3	0.0241
30	4.9397
300	0.7059
3000	0.0087
3001	0.0087
3002	0.0087
3003	0.0087
3004	0.0087
3005	0.0087
3006	0.0087
3007	0.0087
3008	0.0087
3009	0.0087
301	0.2542
3010	0.0087
3011	0.0087
3012	0.0087
3013	0.0087
3014	0.0087
3015	0.0087
3016	0.0087
3017	0.0087
3018	0.0087
3019	0.0087
302	0.5651
3020	0.0087
3021	0.0091
3022	0.0087
3023	0.0087
3024	0.0087
3025	0.0087
3026	0.0503
3027	0.0503
3028	0.028
3029	0.028
303	1.2504
3030	0.1029
3031	0.1029
3032	0.0105
3033	0.0105
3034	0.0105
3035	0.0105
3036	0.0105
3037	0.0105
3038	0.0105
3039	0.0105
304	0.0132
3040	0.0105
3041	0.0105
3042	0.0105
3043	0.0105
3044	0.0105
3045	0.0105
3046	0.0105
3047	0.0105
3048	0.0105
3049	0.0105
305	0.0381
3050	0.0105
3051	0.0105
3052	0.0105
3053	0.0105
3054	0.0105
3055	0.1056
3056	0.0615
3057	0.1056
3058	0.0615
3059	0.0141
306	0.0588
3060	0.0141
3061	0.0141
3062	0.0141
3063	0.0141
3064	0.0141
3065	0.0854
3066	0.0854
3067	0.0141
3068	0.0582
3069	0.0212
307	0.045
3070	0.0212
3071	0.0212
3072	0.0175
3073	0.0175
3074	0.0175
3075	0.0175
3076	0.0175
3077	0.0175
3078	0.0015
3079	0.0015
308	0.0149
3080	0.0015
3081	0.0015
3082	0.0015
3083	0.0015
3084	0.0015
3085	0.0015
3086	0.0015
3087	0.0015
3088	0.9874
3089	3.9783
309	1.2377
3090	0.3359
3091	0.3359
3092	0.3359
3093	0.3359
3094	0.3537
3095	0.6893
3096	0.3359
3097	0.3663
3098	0.6062
3099	0.5665
31	2.8288
310	0.9503
3100	0.5665
3101	0.5665
3102	0.3816
3103	0.3816
3104	0.4213
3105	0.5665
3106	0.5665
3107	0.5775
3108	0.5665
3109	0.716
311	0.9538
3110	0.5665
3111	2.0139
3112	0.6182
3113	0.5291
3114	0.0904
3115	0.1027
3116	0.0904
3117	0.1813
3118	0.0904
3119	0.5071
312	0.992
3120	0.1534
3121	0.008
3122	0.0018
3123	0.0027
3124	0.0018
3125	0.0063
3126	0.0044
3127	0.0044
3128	0.0053
3129	1.0063
313	0.9503
3130	0.0294
3131	0.0294
3132	0.0294
3133	0.0243
3134	0.0243
3135	0.0243
3136	0.0243
3137	0.0243
3138	0.0243
3139	0.105
314	0.9503
3140	0.7115
3141	0.7115
3142	0.7115
3143	0.7115
3144	0.7115
3145	0.7115
3146	0.7115
3147	0.7115
3148	0.7115
3149	0.7115
315	0.9503
3150	0.7115
3151	0.7115
3152	0.0027
3153	9.0E-4
3154	9.0E-4
3155	9.0E-4
3156	0.3321
3157	0.0354
3158	0.0136
3159	0.0667
316	0.9503
3160	0.0136
3161	0.047
3162	0.0136
3163	2.0344
3164	1.0825
3165	0.0136
3166	0.0136
3167	0.0589
3168	0.0589
3169	0.0372
317	0.9503
3170	0.1615
3171	0.1662
3172	0.1662
3173	0.1615
3174	8.0E-4
3175	8.0E-4
3176	8.0E-4
3177	0.1239
3178	0.1239
3179	0.1239
318	0.9503
3180	0.1657
3181	1.1649
3182	2.1813
3183	0.2581
3184	1.3936
3185	0.1239
3186	2.9844
3187	0.2363
3188	2.181
3189	1.3575
319	0.9503
3190	1.3575
3191	0.1647
3192	0.1239
3193	0.1239
3194	0.1239
3195	0.1239
3196	0.2952
3197	0.0
3198	0.0
3199	0.0
32	4.6835
320	1.1479
3200	0.0
3201	0.0
3202	0.0
3203	1.0E-4
3204	1.0E-4
3205	1.0E-4
3206	1.0E-4
3207	1.0E-4
3208	0.0
3209	0.0
321	0.0954
3210	0.0
3211	0.0
3212	0.0
3213	0.0
3214	0.0
3215	0.0
3216	0.0
3217	0.0
3218	0.0
3219	0.0
322	0.0958
3220	9.1167
3221	7.0853
3222	2.3383
3223	5.0528
3224	7.7627
3225	3.9229
3226	6.408
3227	12.0514
3228	5.7306
3229	3.4707
323	0.0958
3230	2.0E-4
3231	1.0E-4
3232	1.0E-4
3233	0.0185
3234	0.0185
3235	0.0185
3236	0.0065
3237	0.0065
3238	0.1174
3239	0.0832
324	0.0433
3240	0.0832
3241	0.0069
3242	0.0069
3243	0.0069
3244	0.0069
3245	0.0069
3246	0.0069
3247	0.0069
3248	0.0069
3249	0.0069
325	0.0431
3250	0.0069
3251	0.0069
3252	0.0069
3253	0.0069
3254	0.0069
3255	0.0069
3256	0.0069
3257	0.0069
3258	0.0069
3259	0.0069
326	0.0431
3260	0.0069
3261	0.0069
3262	0.0069
3263	0.0069
3264	0.0069
3265	0.0069
3266	0.0069
3267	3.0E-4
3268	0.0
3269	0.0
327	0.0431
3270	0.0
3271	0.0
3272	0.0
3273	0.0
3274	3.588
3275	0.0
3276	0.0102
3277	0.0102
3278	0.0102
3279	0.0
328	0.0431
3280	0.0
3281	0.0
3282	0.0
3283	0.0
3284	0.0
3285	0.0
3286	0.0
3287	0.0
3288	0.0
3289	0.0
329	0.0431
3290	0.0
3291	0.0
3292	0.0
3293	0.0
3294	0.0
3295	0.0
3296	0.0
3297	0.0
3298	0.0
3299	0.0
33	6.4504
330	0.0431
3300	0.009
3301	0.009
3302	0.009
3303	0.003
3304	0.003
3305	0.003
3306	0.003
3307	0.003
3308	0.003
3309	0.003
331	0.1198
3310	0.003
3311	0.003
3312	0.003
3313	0.0021
3314	0.0021
3315	0.0021
3316	0.0021
3317	0.0021
3318	0.0021
3319	0.0025
332	0.1502
3320	0.0025
3321	0.0027
3322	0.0355
3323	0.0355
3324	0.0355
3325	0.0355
3326	0.0355
3327	0.0355
3328	0.0355
3329	2.0E-4
333	0.0125
3330	2.0E-4
3331	2.0E-4
3332	2.0E-4
3333	2.0E-4
3334	2.0E-4
3335	2.0E-4
3336	2.0E-4
3337	2.0E-4
3338	3.0E-4
3339	3.0E-4
334	0.2408
3340	3.0E-4
3341	1.0E-4
3342	1.0E-4
3343	1.0E-4
3344	1.0E-4
3345	1.0E-4
3346	1.0E-4
3347	1.0E-4
3348	1.0E-4
3349	1.0E-4
335	0.2408
3350	1.0E-4
3351	4.0E-4
3352	4.0E-4
3353	4.0E-4
3354	4.0E-4
3355	4.0E-4
3356	0.0011
3357	2.0E-4
3358	2.0E-4
3359	2.0E-4
336	0.2408
3360	2.0E-4
3361	2.0E-4
3362	0.0
3363	0.0
3364	0.0
3365	1.0E-4
3366	1.0E-4
3367	1.0E-4
3368	1.0E-4
3369	1.0E-4
337	1.1024
3370	1.0E-4
3371	1.0E-4
3372	1.0E-4
3373	1.0E-4
3374	1.0E-4
3375	1.0E-4
3376	1.0E-4
3377	1.0E-4
3378	1.0E-4
3379	1.0E-4
338	1.1024
3380	1.0E-4
3381	1.0E-4
3382	1.0E-4
3383	1.0E-4
3384	1.0E-4
3385	1.0E-4
3386	1.0E-4
3387	1.0E-4
3388	1.0E-4
3389	1.0E-4
339	1.1024
3390	1.0E-4
3391	1.0E-4
3392	4.0E-4
3393	1.0E-4
3394	1.0E-4
3395	1.0E-4
3396	1.0E-4
3397	1.0E-4
3398	1.0E-4
3399	1.0E-4
34	3.0335
340	0.0736
3400	4.0E-4
3401	1.0E-4
3402	1.0E-4
3403	1.0E-4
3404	1.0E-4
3405	1.0E-4
3406	1.0E-4
3407	1.0E-4
3408	1.0E-4
3409	1.0E-4
341	0.0955
3410	1.0E-4
3411	1.0E-4
3412	1.0E-4
3413	1.0E-4
3414	1.0E-4
3415	1.0E-4
3416	1.0E-4
3417	1.0E-4
3418	1.0E-4
3419	1.0E-4
342	0.0054
3420	1.0E-4
3421	1.0E-4
3422	1.0E-4
3423	1.0E-4
3424	1.0E-4
3425	1.0E-4
3426	1.0E-4
3427	1.0E-4
3428	1.0E-4
3429	1.0E-4
343	0.0054
3430	1.0E-4
3431	1.0E-4
3432	1.0E-4
3433	1.0E-4
3434	1.0E-4
3435	1.0E-4
3436	1.0E-4
3437	1.0E-4
3438	1.0E-4
3439	1.0E-4
344	0.2189
3440	1.0E-4
3441	1.0E-4
3442	1.0E-4
3443	1.0E-4
3444	1.0E-4
3445	1.0E-4
3446	1.0E-4
3447	1.0E-4
3448	1.0E-4
3449	1.0E-4
345	8.0E-4
3450	1.0E-4
3451	1.0E-4
3452	1.0E-4
3453	1.0E-4
3454	1.0E-4
3455	1.0E-4
3456	1.0E-4
3457	1.0E-4
3458	1.0E-4
3459	1.0E-4
346	9.0E-4
3460	1.0E-4
3461	1.0E-4
3462	1.0E-4
3463	1.0E-4
3464	1.0E-4
3465	1.0E-4
3466	1.0E-4
3467	1.0E-4
3468	1.0E-4
3469	1.0E-4
347	9.0E-4
3470	1.0E-4
3471	0.002
3472	0.002
3473	0.002
3474	0.002
3475	0.002
3476	0.002
3477	0.002
3478	0.002
3479	1.0681
348	0.0018
3480	1.0681
3481	1.0681
3482	1.0681
3483	1.0681
3484	1.0681
3485	1.0681
3486	1.0681
3487	1.0681
3488	1.0681
3489	1.0E-4
349	9.0E-4
3490	3.0E-4
3491	3.0E-4
3492	7.0E-4
3493	7.0E-4
3494	7.0E-4
3495	1.0E-4
3496	1.0E-4
3497	1.0E-4
3498	1.0E-4
3499	1.0E-4
35	3.3471
350	0.0034
3500	2.0E-4
3501	2.0E-4
3502	2.0E-4
3503	2.0E-4
3504	2.0E-4
3505	1.0E-4
3506	1.0E-4
3507	1.0E-4
3508	1.0E-4
3509	1.0E-4
351	8.0E-4
3510	1.0E-4
3511	0.0227
3512	0.1538
3513	0.0147
3514	1.0116
3515	0.0052
3516	0.0052
3517	0.0134
3518	0.0134
3519	0.0134
352	8.0E-4
3520	0.0026
3521	0.0012
3522	0.0026
3523	0.0012
3524	0.0012
3525	0.0012
3526	0.0012
3527	0.0012
3528	0.0012
3529	0.0012
353	8.0E-4
3530	0.0012
3531	0.0012
3532	0.0056
3533	0.0012
3534	0.0056
3535	0.0012
3536	0.0012
3537	0.0012
3538	0.0012
3539	0.0012
354	8.0E-4
3540	0.0012
3541	0.0012
3542	0.0012
3543	0.0012
3544	0.0012
3545	0.0012
3546	0.0012
3547	0.0012
3548	0.0012
3549	0.0012
355	8.0E-4
3550	0.0012
3551	0.0012
3552	0.0012
3553	0.0012
3554	0.0012
3555	0.0026
3556	0.0012
3557	0.0012
3558	0.0012
3559	0.0012
356	2.8496
3560	0.0012
3561	0.0012
3562	0.0012
3563	0.0012
3564	0.0045
3565	0.0045
3566	0.0045
3567	0.0045
3568	0.0045
3569	0.0045
357	2.6056
3570	0.0045
3571	0.0045
3572	0.0045
3573	0.0045
3574	0.0032
3575	0.0032
3576	0.0032
3577	0.0032
3578	0.0032
3579	0.0032
358	0.6154
3580	0.0036
3581	0.0036
3582	0.004
3583	0.0901
3584	1.6698
3585	1.9224
3586	2.5345
3587	1.9224
3588	0.0433
3589	0.0433
359	0.8145
3590	0.1177
3591	0.0734
3592	0.0734
3593	0.0734
3594	0.0941
3595	0.0941
3596	0.0941
3597	0.0586
3598	0.0941
3599	0.0941
36	7.1104
360	0.6154
3600	0.6946
3601	0.0627
3602	0.4179
3603	0.0869
3604	0.0883
3605	0.3041
3606	0.3041
3607	0.0192
3608	0.0447
3609	0.0192
361	0.6154
3610	0.0447
3611	0.028
3612	0.028
3613	0.321
3614	0.0447
3615	0.1556
3616	0.2038
3617	0.038
3618	0.038
3619	0.038
362	1.1699
3620	0.038
3621	0.038
3622	0.038
3623	0.038
3624	0.0863
3625	0.038
3626	0.0817
3627	0.0483
3628	0.0483
3629	0.0483
363	0.0609
3630	0.0483
3631	0.0483
3632	0.0483
3633	0.0483
3634	0.0608
3635	0.0608
3636	0.0608
3637	0.0848
3638	0.0194
3639	0.0194
364	0.0609
3640	0.0194
3641	0.0194
3642	0.0194
3643	2.041
3644	2.041
3645	1.914
3646	1.914
3647	1.914
3648	1.914
3649	0.0986
365	0.0928
3650	0.0986
3651	0.0986
3652	0.0986
3653	0.0986
3654	0.0986
3655	0.0986
3656	0.0986
3657	0.0986
3658	0.0986
3659	0.039
366	0.0609
3660	0.017
3661	0.017
3662	0.017
3663	0.017
3664	0.7842
3665	1.0E-4
3666	1.0E-4
3667	1.0E-4
3668	1.0E-4
3669	1.0E-4
367	0.0609
3670	1.0E-4
3671	1.0E-4
3672	1.0E-4
3673	1.0E-4
3674	1.0E-4
3675	1.0E-4
3676	1.0E-4
3677	1.0E-4
3678	1.0E-4
3679	1.0E-4
368	0.0609
3680	1.0E-4
3681	1.0E-4
3682	1.0E-4
3683	1.0E-4
3684	1.0E-4
3685	1.0E-4
3686	1.0E-4
3687	1.0E-4
3688	1.0E-4
3689	1.0E-4
369	1.427
3690	1.0E-4
3691	1.0E-4
3692	1.0E-4
3693	1.0E-4
3694	1.0E-4
3695	1.0E-4
3696	1.0E-4
3697	1.0E-4
3698	1.0E-4
3699	1.0E-4
37	31.4508
370	0.001
3700	0.0028
3701	0.0083
3702	0.1532
3703	0.0014
3704	0.0794
3705	0.2863
3706	0.1602
3707	0.0752
3708	0.0752
3709	0.0438
371	0.025
3710	0.0383
3711	0.0752
3712	0.0384
3713	0.0561
3714	0.0561
3715	0.0561
3716	0.0235
3717	0.0235
3718	0.0423
3719	0.04
372	9.0E-4
3720	0.0455
3721	0.0166
3722	0.0166
3723	0.004
3724	0.004
3725	0.004
3726	0.0298
3727	0.0298
3728	0.0298
3729	1.1737
373	9.0E-4
3730	0.004
3731	0.004
3732	0.004
3733	0.9368
3734	2.5101
3735	0.9682
3736	0.9368
3737	0.095
3738	0.3164
3739	0.3719
374	9.0E-4
3740	0.9425
3741	0.2202
3742	1.5775
3743	0.095
3744	0.095
3745	0.095
3746	0.095
3747	0.095
3748	0.029
3749	0.0397
375	9.0E-4
3750	0.029
3751	0.0182
3752	0.0182
3753	0.0182
3754	0.0182
3755	0.0182
3756	0.0182
3757	0.0182
3758	0.0182
3759	0.0769
376	9.0E-4
3760	0.0769
3761	0.0769
3762	0.381
3763	0.381
3764	0.381
3765	0.381
3766	1.1921
3767	1.1921
3768	0.0419
3769	0.0419
377	0.0012
3770	0.0419
3771	0.0419
3772	0.0419
3773	1.2929
3774	1.2929
3775	1.2929
3776	1.2929
3777	0.0409
3778	0.0409
3779	0.0409
378	9.0E-4
3780	0.0409
3781	0.9935
3782	1.3225
3783	0.9935
3784	0.9935
3785	0.9935
3786	0.9935
3787	0.0408
3788	0.0601
3789	1.1281
379	9.0E-4
3790	1.1281
3791	1.1281
3792	0.5785
3793	0.5785
3794	0.5785
3795	0.5785
3796	0.5785
3797	0.5785
3798	0.5785
3799	0.5785
38	28.8744
380	7.0E-4
3800	0.0
3801	4.0E-4
3802	0.0
3803	0.0
3804	0.0
3805	0.0
3806	0.0
3807	0.0
3808	3.588
3809	0.0
381	7.0E-4
3810	0.0102
3811	0.0102
3812	0.0102
3813	0.0
3814	0.0
3815	0.0
3816	0.0
3817	0.0
3818	0.0
3819	0.0
382	0.0741
3820	0.0
3821	0.0
3822	0.0
3823	0.0
3824	0.0
3825	0.0
3826	0.0
3827	0.0
3828	0.0
3829	0.0
383	0.0741
3830	0.0
3831	0.0
3832	0.0
3833	1.0E-4
3834	10.9395
3835	4.9713
3836	2.0341
3837	0.7245
3838	0.4902
3839	0.4111
384	0.1392
3840	0.408
3841	0.4077
3842	0.4077
3843	0.4077
3844	0.4077
3845	0.4077
3846	0.4077
3847	0.4077
3848	0.4077
3849	0.4077
385	0.1392
3850	0.4077
3851	0.4077
3852	0.4077
3853	0.4077
3854	0.4077
3855	0.4077
3856	0.4077
3857	0.4077
3858	0.4077
3859	0.4077
386	0.1392
3860	0.4077
3861	0.4077
3862	0.4077
3863	0.4077
3864	0.4077
3865	0.4077
3866	0.4077
3867	0.4078
3868	0.4098
3869	0.4169
387	0.3132
3870	0.5183
3871	0.9074
3872	2.7518
3873	8.0305
3874	0.2205
3875	8.5423
3876	3.9576
3877	1.6755
3878	0.6567
3879	0.472
388	0.0835
3880	0.4104
3881	0.4076
3882	0.4074
3883	0.4074
3884	0.4074
3885	0.4074
3886	0.4074
3887	0.4074
3888	0.4074
3889	0.4074
389	0.2
3890	0.4074
3891	0.4074
3892	0.4074
3893	0.4074
3894	0.4074
3895	0.4074
3896	0.4074
3897	0.4074
3898	0.4074
3899	0.4074
39	7.8998
390	0.0375
3900	0.4091
3901	0.4149
3902	0.4943
3903	0.8003
3904	2.2277
3905	6.2872
3906	0.2198
3907	2.9362
3908	1.5868
3909	0.8346
391	0.31
3910	0.4953
3911	0.4275
3912	0.4089
3913	0.4355
3914	0.5466
3915	0.9992
3916	2.2092
3917	0.2134
3918	6.1433
3919	2.9431
392	0.0325
3920	1.3163
3921	0.5884
3922	0.4536
3923	0.4093
3924	0.4069
3925	0.4067
3926	0.4067
3927	0.4067
3928	0.4067
3929	0.4067
393	0.0325
3930	0.4067
3931	0.4067
3932	0.4067
3933	0.4067
3934	0.408
3935	0.4124
3936	0.47
3937	0.6928
3938	1.7028
3939	4.5424
394	0.0325
3940	0.2186
3941	9.3416
3942	4.2955
3943	1.795
3944	0.6793
3945	0.4781
3946	0.4106
3947	0.4078
3948	0.4076
3949	0.4076
395	0.0325
3950	0.4076
3951	0.4076
3952	0.4076
3953	0.4076
3954	0.4076
3955	0.4076
3956	0.4076
3957	0.4076
3958	0.4076
3959	0.4076
396	0.0375
3960	0.4076
3961	0.4076
3962	0.4076
3963	0.4076
3964	0.4076
3965	0.4076
3966	0.4076
3967	0.4076
3968	0.4076
3969	0.4093
397	0.0325
3970	0.4156
3971	0.5023
3972	0.836
3973	2.4024
3974	6.8686
3975	0.2201
3976	4.8091
3977	2.379
3978	1.1163
3979	0.5502
398	0.0325
3980	0.443
3981	0.4083
3982	0.4062
3983	0.4059
3984	0.4059
3985	0.4059
3986	0.4059
3987	0.4071
3988	0.4107
3989	0.4561
399	0.0409
3990	0.6326
3991	1.4107
3992	3.572
3993	0.2173
3994	7.7429
3995	3.6195
3996	1.5558
3997	0.634
3998	0.4659
3999	0.4101
4	0.0156
40	12.1253
400	0.0325
4000	0.4075
4001	0.4072
4002	0.4072
4003	0.4072
4004	0.4072
4005	0.4072
4006	0.4072
4007	0.4072
4008	0.4072
4009	0.4072
401	0.0321
4010	0.4072
4011	0.4072
4012	0.4072
4013	0.4072
4014	0.4072
4015	0.4072
4016	0.4088
4017	0.4141
4018	0.4863
4019	0.7645
402	0.0325
4020	2.0528
4021	5.7059
4022	0.2195
4023	14.4028
4024	6.4358
4025	2.5522
4026	0.8225
4027	0.5161
4028	0.4119
4029	0.4083
403	0.0325
4030	0.4081
4031	0.4081
4032	0.4081
4033	0.4081
4034	0.4081
4035	0.4081
4036	0.4081
4037	0.4081
4038	0.4081
4039	0.4081
404	0.0375
4040	0.4081
4041	0.4081
4042	0.4081
4043	0.4081
4044	0.4081
4045	0.4081
4046	0.4081
4047	0.4081
4048	0.4081
4049	0.4081
405	0.0325
4050	0.4081
4051	0.4081
4052	0.4081
4053	0.4081
4054	0.4081
4055	0.4081
4056	0.4081
4057	0.4081
4058	0.4081
4059	0.4081
406	0.0375
4060	0.4081
4061	0.4081
4062	0.4081
4063	0.4081
4064	0.4081
4065	0.4081
4066	0.4081
4067	0.4081
4068	0.4081
4069	0.4081
407	0.0321
4070	0.4106
4071	0.4198
4072	0.5528
4073	1.0619
4074	3.5088
4075	10.5489
4076	0.2211
4077	6.9434
4078	3.2814
4079	1.4361
408	0.0321
4080	0.6112
4081	0.4598
4082	0.4097
4083	0.4072
4084	0.407
4085	0.407
4086	0.407
4087	0.407
4088	0.407
4089	0.407
409	0.0913
4090	0.407
4091	0.407
4092	0.407
4093	0.407
4094	0.407
4095	0.407
4096	0.4084
4097	0.4133
4098	0.4782
4099	0.7287
41	7.7278
410	0.0913
4100	1.8779
4101	5.1243
4102	0.2191
4103	4.2749
4104	2.1531
4105	1.0362
4106	0.5348
4107	0.4386
4108	0.4078
4109	0.4057
411	0.0913
4110	0.4054
4111	0.4054
4112	0.4065
4113	0.4098
4114	0.4504
4115	0.6084
4116	1.2936
4117	3.1833
4118	0.2166
4119	0.0
412	0.0913
4120	0.0
4121	0.0376
4122	0.0461
4123	0.0461
4124	0.0
4125	0.0
4126	0.0
4127	0.0
4128	0.0
4129	0.0
413	0.0913
4130	0.0
4131	0.0
4132	0.0
4133	0.0
4134	0.0
4135	0.0
4136	0.0
4137	0.0
4138	0.0
4139	4.4066
414	0.0913
4140	2.2112
4141	1.0719
4142	0.5662
4143	0.4695
4144	0.4387
4145	0.4366
4146	0.4363
4147	0.4364
4148	0.4374
4149	0.4408
415	0.0649
4150	0.4819
4151	0.6434
4152	1.3461
4153	3.3037
4154	0.0113
4155	0.0113
4156	0.0113
4157	0.0113
4158	0.0113
4159	0.0113
416	0.377
4160	1.0E-4
4161	1.0E-4
4162	1.0E-4
4163	1.0E-4
4164	1.0E-4
4165	1.0E-4
4166	1.0E-4
4167	1.0E-4
4168	1.0E-4
4169	1.0E-4
417	0.001
4170	1.0E-4
4171	1.0E-4
4172	1.0E-4
4173	1.0E-4
4174	1.0E-4
4175	1.0E-4
4176	1.0E-4
4177	1.0E-4
4178	1.0E-4
4179	1.0E-4
418	0.001
4180	1.0E-4
4181	1.0E-4
4182	1.0E-4
4183	1.0E-4
4184	1.0E-4
4185	1.0E-4
4186	1.0E-4
4187	1.0E-4
4188	1.0E-4
4189	1.0E-4
419	0.001
4190	1.0E-4
4191	1.0E-4
4192	1.0E-4
4193	1.0E-4
4194	1.0E-4
4195	1.0E-4
4196	1.0E-4
4197	1.0E-4
4198	1.0E-4
4199	1.0E-4
42	9.8587
420	0.001
4200	1.0E-4
4201	1.0E-4
4202	1.0E-4
4203	1.0E-4
4204	1.0E-4
4205	1.0E-4
4206	1.0E-4
4207	1.0E-4
4208	0.0
4209	0.0
421	0.001
4210	0.0
4211	0.0
4212	0.0
4213	0.0
4214	0.0
4215	0.0
4216	0.0
4217	0.0
4218	0.0
4219	0.0
422	0.001
4220	0.0
4221	0.0
4222	0.0
4223	0.0
4224	0.0
4225	0.0
4226	0.0
4227	0.0
4228	0.0
4229	0.0
423	0.001
4230	0.0
4231	0.0
4232	0.0
4233	0.0
4234	0.0
4235	0.0
4236	0.0
4237	0.0
4238	0.0
4239	0.0
424	0.001
4240	0.0
4241	0.0
4242	0.0
4243	0.0
4244	0.0
4245	0.0
4246	0.0
4247	0.0
4248	0.0
4249	0.0
425	2.1675
4250	0.0
4251	0.0
4252	0.0
4253	0.0
4254	0.0
4255	0.0
4256	0.0
4257	0.0
4258	0.0
4259	0.0
426	1.0861
4260	0.0
4261	0.0
4262	0.0
4263	0.0
4264	0.0
4265	0.0
4266	0.0
4267	0.0
4268	0.0
4269	0.0
427	0.8763
4270	0.0
4271	0.0
4272	0.0
4273	0.0
4274	0.0
4275	0.0
4276	0.0
4277	0.0
4278	0.0
4279	0.0
428	0.1515
4280	0.0
4281	0.0
4282	0.0
4283	0.0
4284	0.0
4285	0.0
4286	0.0
4287	0.0
4288	0.0
4289	0.0
429	0.5661
4290	0.0
4291	0.0
4292	0.0
4293	0.0
4294	0.0
4295	0.0
4296	0.0
4297	0.0
4298	0.0
4299	0.0
43	23.4468
430	1.6549
4300	0.0
4301	0.0
4302	0.0
4303	0.0
4304	0.0
4305	0.0
4306	0.0
4307	0.0
4308	0.0
4309	0.0
431	0.0525
4310	0.0
4311	0.0
4312	0.0
4313	0.0
4314	0.0
4315	0.0
4316	0.0
4317	0.0
4318	0.0
4319	0.0
432	0.009
4320	0.0
4321	0.0
4322	0.0
4323	0.0
4324	0.0
4325	0.0
4326	0.0
4327	0.0
4328	0.0
4329	0.0
433	0.0581
4330	0.0
4331	0.0
4332	0.0
4333	0.0
4334	0.0
4335	0.0
4336	0.0
4337	0.0
4338	0.0
4339	0.0
434	0.0581
4340	0.0
4341	0.0
4342	0.0
4343	0.0
4344	0.0
4345	0.0
4346	0.0
4347	0.0
4348	0.0
4349	0.0
435	0.0543
4350	0.0
4351	0.0
4352	0.0
4353	0.0
4354	0.0
4355	0.0
4356	0.0
4357	0.0
4358	0.0
4359	0.0
436	0.0543
4360	0.0
4361	0.0
4362	0.0
4363	0.0
4364	0.0
4365	0.0
4366	0.0
4367	0.0
4368	0.0
4369	0.0
437	0.0543
4370	0.0
4371	0.0
4372	0.0
4373	0.0
4374	0.0
4375	0.0
4376	0.0
4377	0.0
4378	0.0
4379	0.0
438	0.0543
4380	0.0
4381	0.0
4382	0.0
4383	0.0
4384	0.0
4385	0.0
4386	0.0
4387	0.0
4388	0.0
4389	0.0
439	0.0543
4390	0.0
4391	0.0
4392	0.0
4393	0.0
4394	0.0
4395	0.0
4396	0.0
4397	0.0
4398	0.0
4399	0.0
44	6.5927
440	0.056
4400	0.0
4401	0.0
4402	0.0
4403	0.0
4404	0.0
4405	0.0
4406	0.0
4407	0.0
4408	0.0
4409	0.0
441	0.0054
4410	0.0
4411	0.0
4412	0.0
4413	0.0
4414	0.0
4415	0.0
4416	0.0
4417	0.0
4418	0.0
4419	0.0
442	0.0074
4420	0.0
4421	0.0
4422	0.0
4423	0.0
4424	0.0
4425	0.0
4426	0.0
4427	0.0
4428	0.0
4429	0.0
443	0.0074
4430	0.0
4431	0.0
4432	0.0
4433	0.0
4434	0.0
4435	0.0
4436	7.0E-4
4437	7.0E-4
4438	2.0E-4
4439	7.0E-4
444	0.0074
4440	7.0E-4
4441	7.0E-4
4442	7.0E-4
4443	2.0E-4
4444	2.0E-4
4445	2.0E-4
4446	5.0E-4
4447	0.0014
4448	9.0E-4
4449	8.0E-4
445	0.079
4450	0.0012
4451	4.0E-4
4452	1.0E-4
4453	1.0E-4
4454	1.0E-4
4455	0.0
4456	0.0
4457	0.0
4458	3.5881
4459	0.0
446	0.0799
4460	0.0102
4461	0.0102
4462	0.0102
4463	0.0
4464	0.0
4465	0.0
4466	0.0
4467	0.0
4468	0.0
4469	0.0
447	0.079
4470	0.0
4471	0.0
4472	0.0
4473	0.0
4474	0.0
4475	0.0
4476	0.0
4477	0.0
4478	0.0
4479	0.0
448	0.1441
4480	0.0
4481	0.0
4482	0.0
4483	2.0E-4
4484	0.7846
4485	2.0101
4486	1.0E-4
4487	1.0E-4
4488	1.0E-4
4489	1.0E-4
449	0.0964
4490	1.0E-4
4491	1.0E-4
4492	1.0E-4
4493	1.0E-4
4494	1.0E-4
4495	1.0E-4
4496	1.0E-4
4497	1.0E-4
4498	1.0E-4
4499	1.0E-4
45	3.9048
450	0.0623
4500	1.0E-4
4501	1.0E-4
4502	1.0E-4
4503	1.0E-4
4504	1.0E-4
4505	1.0E-4
4506	1.0E-4
4507	1.0E-4
4508	1.0E-4
4509	1.0E-4
451	0.0581
4510	1.0E-4
4511	1.0E-4
4512	1.0E-4
4513	1.0E-4
4514	1.0E-4
4515	1.0E-4
4516	1.0E-4
4517	1.0E-4
4518	1.0E-4
4519	1.0E-4
452	0.0409
4520	1.0E-4
4521	1.0E-4
4522	1.0E-4
4523	1.0E-4
4524	1.0E-4
4525	1.0E-4
4526	1.0E-4
4527	1.0E-4
4528	1.0E-4
4529	1.0E-4
453	0.0369
4530	1.0E-4
4531	1.0E-4
4532	1.0E-4
4533	1.0E-4
4534	1.0E-4
4535	1.0E-4
4536	1.0E-4
4537	1.0E-4
4538	1.0E-4
4539	1.0E-4
454	0.0369
4540	1.0E-4
4541	1.0E-4
4542	1.0E-4
4543	1.0E-4
4544	1.0E-4
4545	1.0E-4
4546	1.0E-4
4547	1.0E-4
4548	1.0E-4
4549	1.0E-4
455	0.0369
4550	1.0E-4
4551	1.0E-4
4552	1.0E-4
4553	1.0E-4
4554	1.0E-4
4555	1.0E-4
4556	1.0E-4
4557	1.0E-4
4558	1.0E-4
4559	1.0E-4
456	0.0369
4560	1.0E-4
4561	1.0E-4
4562	1.0E-4
4563	1.0E-4
4564	1.0E-4
4565	1.0E-4
4566	1.0E-4
4567	1.0E-4
4568	1.0E-4
4569	1.0E-4
457	0.4365
4570	1.0E-4
4571	1.0E-4
4572	1.0E-4
4573	1.0E-4
4574	1.0E-4
4575	1.0E-4
4576	1.0E-4
4577	1.0E-4
4578	1.0E-4
4579	1.0E-4
458	0.4365
4580	1.0E-4
4581	1.0E-4
4582	1.0E-4
4583	1.0E-4
4584	1.0E-4
4585	1.0E-4
4586	1.0E-4
4587	1.0E-4
4588	1.0E-4
4589	1.0E-4
459	0.4365
4590	1.0E-4
4591	1.0E-4
4592	1.0E-4
4593	1.0E-4
4594	1.0E-4
4595	1.0E-4
4596	1.0E-4
4597	1.0E-4
4598	1.0E-4
4599	1.0E-4
46	7.5343
460	0.3985
4600	1.0E-4
4601	1.0E-4
4602	1.0E-4
4603	1.0E-4
4604	1.0E-4
4605	1.0E-4
4606	1.0E-4
4607	1.0E-4
4608	1.0E-4
4609	1.0E-4
461	0.4365
4610	1.0E-4
4611	1.0E-4
4612	1.0E-4
4613	1.0E-4
4614	1.0E-4
4615	1.0E-4
4616	1.0E-4
4617	1.0E-4
4618	1.0E-4
4619	1.0E-4
462	0.4393
4620	1.0E-4
4621	1.0E-4
4622	1.0E-4
4623	1.0E-4
4624	1.0E-4
4625	1.0E-4
4626	1.0E-4
4627	1.0E-4
4628	1.0E-4
4629	1.0E-4
463	0.4393
4630	1.0E-4
4631	1.0E-4
4632	1.0E-4
4633	1.0E-4
4634	1.0E-4
4635	1.0E-4
4636	1.0E-4
4637	1.0E-4
4638	1.0E-4
4639	1.0E-4
464	0.4393
4640	1.0E-4
4641	1.0E-4
4642	1.0E-4
4643	1.0E-4
4644	1.0E-4
4645	1.0E-4
4646	1.0E-4
4647	1.0E-4
4648	1.0E-4
4649	1.0E-4
465	0.4365
4650	1.0E-4
4651	1.0E-4
4652	1.0E-4
4653	1.0E-4
4654	1.0E-4
4655	1.0E-4
4656	1.0E-4
4657	1.0E-4
4658	1.0E-4
4659	1.0E-4
466	0.4365
4660	1.0E-4
4661	1.0E-4
4662	1.0E-4
4663	1.0E-4
4664	1.0E-4
4665	1.0E-4
4666	1.0E-4
4667	1.0E-4
4668	1.0E-4
4669	1.0E-4
467	0.478
4670	1.0E-4
4671	1.0E-4
4672	1.0E-4
4673	1.0E-4
4674	1.0E-4
4675	1.0E-4
4676	1.0E-4
4677	1.0E-4
4678	1.0E-4
4679	1.0E-4
468	0.478
4680	1.0E-4
4681	1.0E-4
4682	1.0E-4
4683	1.0E-4
4684	1.0E-4
4685	1.0E-4
4686	1.0E-4
4687	1.0E-4
4688	1.0E-4
4689	1.0E-4
469	0.1263
4690	1.0E-4
4691	1.0E-4
4692	1.0E-4
4693	1.0E-4
4694	1.0E-4
4695	1.0E-4
4696	1.0E-4
4697	1.0E-4
4698	1.0E-4
4699	1.0E-4
47	2.0265
470	0.0929
4700	1.0E-4
4701	1.0E-4
4702	1.0E-4
4703	1.0E-4
4704	1.0E-4
4705	1.0E-4
4706	1.0E-4
4707	1.0E-4
4708	1.0E-4
4709	1.0E-4
471	0.0929
4710	1.0E-4
4711	1.0E-4
4712	1.0E-4
4713	1.0E-4
4714	1.0E-4
4715	1.0E-4
4716	1.0E-4
4717	1.0E-4
4718	1.0E-4
4719	1.0E-4
472	0.0929
4720	1.0E-4
4721	1.0E-4
4722	1.0E-4
4723	1.0E-4
4724	1.0E-4
4725	1.0E-4
4726	1.0E-4
4727	1.0E-4
4728	1.0E-4
4729	1.0E-4
473	0.0835
4730	1.0E-4
4731	1.0E-4
4732	1.0E-4
4733	1.0E-4
4734	1.0E-4
4735	1.0E-4
4736	1.0E-4
4737	1.0E-4
4738	1.0E-4
4739	1.0E-4
474	0.2695
4740	1.0E-4
4741	1.0E-4
4742	1.0E-4
4743	1.0E-4
4744	1.0E-4
4745	1.0E-4
4746	1.0E-4
4747	1.0E-4
4748	1.0E-4
4749	1.0E-4
475	0.0863
4750	1.0E-4
4751	1.0E-4
4752	1.0E-4
4753	1.0E-4
4754	1.0E-4
4755	1.0E-4
4756	1.0E-4
4757	1.0E-4
4758	1.0E-4
4759	1.0E-4
476	0.0823
4760	1.0E-4
4761	1.0E-4
4762	0.0012
4763	0.0012
4764	4.0E-4
4765	0.0012
4766	0.0012
4767	0.0012
4768	0.0012
4769	4.0E-4
477	0.0824
4770	4.0E-4
4771	4.0E-4
4772	7.0E-4
4773	0.0014
4774	0.2861
4775	0.2526
4776	1.0246
4777	1.0246
4778	0.1829
4779	0.1829
478	0.0824
4780	0.1829
4781	0.1495
4782	0.1495
4783	0.1495
4784	0.1604
4785	0.192
4786	0.192
4787	0.198
4788	0.198
4789	0.1495
479	0.2049
4790	0.1639
4791	0.1495
4792	0.1639
4793	0.0038
4794	0.0031
4795	0.0031
4796	0.0031
4797	0.0031
4798	0.0031
4799	0.2322
48	4.1198
480	0.3179
4800	0.0031
4801	0.0178
4802	0.011
4803	0.011
4804	0.011
4805	0.0941
4806	1.6477
4807	0.0471
4808	0.0471
4809	0.0941
481	0.2039
4810	2.1704
4811	0.0628
4812	0.2983
4813	0.0087
4814	0.0107
4815	0.332
4816	0.0255
4817	0.0255
4818	0.0255
4819	1.0842
482	0.2695
4820	0.0255
4821	0.0066
4822	0.0066
4823	0.0066
4824	0.0066
4825	0.0066
4826	0.0066
4827	0.0066
4828	0.0326
4829	0.0326
483	0.2387
4830	0.0142
4831	0.0095
4832	0.0095
4833	0.2451
4834	0.2451
4835	0.2451
4836	0.2451
4837	0.2451
4838	0.0461
4839	0.0082
484	0.2387
4840	0.0366
4841	0.0366
4842	0.0366
4843	0.0123
4844	0.0307
4845	0.0062
4846	0.0062
4847	0.0062
4848	0.3372
4849	0.3372
485	0.2098
4850	0.3372
4851	0.2535
4852	0.2535
4853	0.2535
4854	0.1009
4855	0.1009
4856	0.1009
4857	0.096
4858	0.096
4859	0.096
486	0.1958
4860	0.2879
4861	0.2879
4862	0.7849
4863	0.0368
4864	0.0368
4865	0.0961
4866	0.0368
4867	0.0808
4868	0.0666
4869	0.0961
487	0.1958
4870	0.0961
4871	0.0015
4872	0.0015
4873	0.0015
4874	0.0015
4875	0.0015
4876	0.0015
4877	0.0015
4878	0.0015
4879	0.0015
488	0.1958
4880	0.0015
4881	0.0015
4882	0.0015
4883	0.0015
4884	0.0015
4885	0.0015
4886	0.0015
4887	0.0015
4888	0.0015
4889	0.0015
489	0.1958
4890	0.0015
4891	0.0015
4892	0.0015
4893	0.0015
4894	0.0015
4895	0.0015
4896	0.0015
4897	0.0015
4898	0.0015
4899	0.0015
49	2.025
490	0.1958
4900	0.0015
4901	0.0015
4902	0.0015
4903	0.0015
4904	0.0015
4905	0.0015
4906	0.0015
4907	0.0015
4908	0.0015
4909	0.0015
491	0.1958
4910	0.0015
4911	0.0015
4912	0.0015
4913	0.0015
4914	0.0015
4915	0.0015
4916	0.0015
4917	0.0015
4918	0.0015
4919	0.0015
492	0.304
4920	0.0015
4921	0.0015
4922	0.0015
4923	0.0015
4924	0.0057
4925	0.0057
4926	0.0057
4927	0.0057
4928	0.0057
4929	0.0044
493	0.1958
4930	1.035
4931	1.035
4932	1.035
4933	1.035
4934	1.035
4935	1.035
4936	1.035
4937	0.1119
4938	0.1119
4939	0.1119
494	9.0E-4
4940	0.1119
4941	0.1119
4942	0.1119
4943	0.1119
4944	0.1119
4945	0.1119
4946	0.1119
4947	0.1119
4948	0.1119
4949	0.1119
495	9.0E-4
4950	0.1119
4951	0.1119
4952	0.1119
4953	0.1119
4954	0.1119
4955	0.1119
4956	0.1119
4957	0.1119
4958	0.1119
4959	0.1119
496	0.0223
4960	0.1119
4961	0.1119
4962	0.1119
4963	0.1434
4964	0.1119
4965	0.1119
4966	0.1119
4967	0.1119
4968	0.1119
4969	0.1119
497	9.0E-4
4970	0.1119
4971	0.1119
4972	0.0168
4973	0.0168
4974	0.0168
4975	0.0168
4976	0.0168
4977	0.0168
4978	0.0168
4979	0.0168
498	0.0139
4980	0.0168
4981	0.0168
4982	0.0168
4983	0.0168
4984	0.0168
4985	0.0168
4986	0.0168
4987	0.0168
4988	0.0168
4989	0.0168
499	0.0709
4990	0.0168
4991	0.0168
4992	0.0168
4993	0.0168
4994	0.0168
4995	0.0168
4996	0.0168
4997	0.0168
4998	0.0168
4999	0.0168
5	0.0156
50	2.025
500	0.4111
5000	0.0168
5001	0.1243
5002	0.1243
5003	0.1243
5004	0.1243
5005	0.1243
5006	0.1243
5007	0.1243
5008	1.1141
5009	1.1141
501	0.3953
5010	1.1141
5011	1.1141
5012	1.1141
5013	0.0324
5014	0.0324
5015	0.0324
5016	0.0324
5017	0.0324
5018	0.0324
5019	0.0324
502	0.389
5020	0.0324
5021	0.0324
5022	0.0324
5023	0.0324
5024	0.0324
5025	0.0324
5026	0.0324
5027	0.0324
5028	0.0324
5029	0.0324
503	0.1502
5030	0.0324
5031	0.0324
5032	0.0324
5033	0.0107
5034	0.0107
5035	0.2906
5036	0.0
5037	0.0
5038	0.0
5039	0.0
504	0.1502
5040	0.0
5041	0.0
5042	0.0
5043	0.0
5044	0.0
5045	0.0
5046	0.0
5047	0.0
5048	0.0
5049	0.0
505	0.4335
5050	0.0
5051	4.4066
5052	2.2112
5053	1.0719
5054	0.5662
5055	0.4695
5056	0.4387
5057	0.4366
5058	0.4363
5059	0.4364
506	0.0453
5060	0.4374
5061	0.4408
5062	0.4819
5063	0.6434
5064	1.3461
5065	3.3037
5066	0.0113
5067	0.0113
5068	0.0113
5069	0.0113
507	0.0453
5070	0.0113
5071	0.0113
5072	8.0402
5073	5.9381
5074	2.2573
5075	0.8239
5076	0.2739
5077	0.1924
5078	0.1654
5079	0.1648
508	0.0453
5080	0.1647
5081	0.1647
5082	0.1647
5083	0.1647
5084	0.1647
5085	0.1647
5086	0.1647
5087	0.1647
5088	0.1647
5089	0.1647
509	0.0453
5090	0.1647
5091	0.1647
5092	0.1647
5093	0.1647
5094	0.1647
5095	0.1647
5096	0.1647
5097	0.1647
5098	0.1647
5099	0.1647
510	0.0453
5100	0.1647
5101	0.1647
5102	0.1647
5103	0.1647
5104	0.1647
5105	0.1649
5106	0.1651
5107	0.1877
5108	0.2358
5109	0.5748
511	0.0453
5110	1.3264
5111	2.3736
5112	6.2609
5113	4.6498
5114	1.799
5115	0.6789
5116	0.2516
5117	0.1869
5118	0.1658
5119	0.1653
512	0.0453
5120	0.1652
5121	0.1652
5122	0.1652
5123	0.1652
5124	0.1652
5125	0.1651
5126	0.1652
5127	0.1652
5128	0.1652
5129	0.1652
513	0.0453
5130	0.1652
5131	0.1652
5132	0.1652
5133	0.1652
5134	0.1652
5135	0.1652
5136	0.1653
5137	0.1655
5138	0.1833
5139	0.2214
514	0.0453
5140	0.4854
5141	1.072
5142	1.8689
5143	2.1029
5144	1.6418
5145	0.7323
5146	0.3431
5147	0.2025
5148	0.1838
5149	0.191
515	0.0453
5150	0.2794
5151	0.4792
5152	0.6904
5153	4.4804
5154	3.3611
5155	1.3409
5156	0.5341
5157	0.2296
5158	0.1818
5159	0.1665
516	0.0453
5160	0.166
5161	0.1659
5162	0.1659
5163	0.1659
5164	0.1659
5165	0.1659
5166	0.1659
5167	0.1659
5168	0.1661
5169	0.1663
517	0.0454
5170	0.1793
5171	0.2074
5172	0.3963
5173	0.8177
5174	1.364
5175	6.8542
5176	5.0792
5177	1.9517
5178	0.7272
5179	0.259
518	0.0453
5180	0.1887
5181	0.1656
5182	0.1651
5183	0.165
5184	0.165
5185	0.165
5186	0.165
5187	0.165
5188	0.165
5189	0.165
519	0.1721
5190	0.165
5191	0.165
5192	0.165
5193	0.165
5194	0.165
5195	0.165
5196	0.165
5197	0.165
5198	0.165
5199	0.165
52	27.3571
520	0.1721
5200	0.165
5201	0.165
5202	0.1652
5203	0.1654
5204	0.1847
5205	0.2262
5206	0.5152
5207	1.1568
5208	2.0371
5209	3.4907
521	0.1313
5210	2.645
5211	1.0868
5212	0.454
5213	0.2177
5214	0.1792
5215	0.1672
5216	0.1667
5217	0.1666
5218	0.1666
5219	0.1668
522	0.1374
5220	0.167
5221	0.1774
5222	0.1999
5223	0.3472
5224	0.6765
5225	1.0835
5226	5.6675
5227	4.2202
5228	1.6462
5229	0.6306
523	0.4107
5230	0.2442
5231	0.1852
5232	0.166
5233	0.1654
5234	0.1654
5235	0.1654
5236	0.1654
5237	0.1654
5238	0.1654
5239	0.1654
524	0.1374
5240	0.1654
5241	0.1654
5242	0.1654
5243	0.1654
5244	0.1654
5245	0.1654
5246	0.1654
5247	0.1655
5248	0.1657
5249	0.1819
525	0.1374
5250	0.2167
5251	0.4556
5252	0.9872
5253	1.7006
5254	10.6111
5255	7.7999
5256	2.9199
5257	1.0338
5258	0.3064
5259	0.2005
526	4.1776
5260	0.165
5261	0.1645
5262	0.1644
5263	0.1644
5264	0.1644
5265	0.1644
5266	0.1644
5267	0.1644
5268	0.1644
5269	0.1644
527	0.1316
5270	0.1644
5271	0.1644
5272	0.1644
5273	0.1644
5274	0.1644
5275	0.1644
5276	0.1644
5277	0.1644
5278	0.1644
5279	0.1644
528	0.1265
5280	0.1644
5281	0.1644
5282	0.1644
5283	0.1644
5284	0.1644
5285	0.1644
5286	0.1644
5287	0.1644
5288	0.1644
5289	0.1644
529	0.108
5290	0.1644
5291	0.1644
5292	0.1644
5293	0.1644
5294	0.1644
5295	0.1644
5296	0.1644
5297	0.1644
5298	0.1644
5299	0.1644
53	1.8064
530	0.108
5300	0.1646
5301	0.1648
5302	0.1942
5303	0.2567
5304	0.7043
5305	1.6941
5306	3.1028
5307	5.0741
5308	3.7908
5309	1.4936
531	0.0013
5310	0.5823
5311	0.2369
5312	0.1834
5313	0.1663
5314	0.1657
5315	0.1656
5316	0.1656
5317	0.1656
5318	0.1656
5319	0.1656
532	0.1053
5320	0.1656
5321	0.1656
5322	0.1656
5323	0.1656
5324	0.1656
5325	0.1658
5326	0.166
5327	0.1806
5328	0.212
5329	0.426
533	0.0013
5330	0.9025
5331	1.5323
5332	3.0946
5333	2.3584
5334	0.9853
5335	0.4221
5336	0.2131
5337	0.1784
5338	0.1676
5339	0.1671
534	0.0013
5340	0.1671
5341	0.1674
5342	0.1767
5343	0.197
5344	0.3276
5345	0.6201
5346	0.9713
5347	3.1538
5348	2.3889
5349	0.9986
535	0.0013
5350	0.4301
5351	0.2206
5352	0.1858
5353	0.1751
5354	0.1745
5355	0.1746
5356	0.1748
5357	0.1842
5358	0.2047
5359	0.3372
536	1.6847
5360	0.6366
5361	0.9984
5362	0.0113
5363	0.0113
5364	0.0113
5365	0.0113
5366	0.0113
5367	0.0113
5368	0.0113
5369	0.0113
537	1.6847
5370	0.0113
5371	0.0113
5372	0.0113
5373	0.0113
5374	0.0113
5375	0.0113
5376	0.0113
5377	7.0E-4
5378	0.0018
5379	0.0018
538	1.687
5380	0.0015
5381	0.0016
5382	0.0
5383	0.0
5384	0.0
5385	0.0
5386	0.0
5387	0.0
5388	0.0
5389	0.0
539	1.7215
5390	0.0
5391	0.0
5392	0.0
5393	0.0
5394	0.0
5395	0.0
5396	0.0
5397	4.4066
5398	2.2112
5399	1.0719
54	1.7247
540	1.6847
5400	0.5662
5401	0.4695
5402	0.4387
5403	0.4366
5404	0.4363
5405	0.4364
5406	0.4374
5407	0.4408
5408	0.4819
5409	0.6434
541	1.7215
5410	1.3461
5411	3.3037
5412	0.0113
5413	0.0113
5414	0.0113
5415	0.0113
5416	0.0113
5417	0.0113
5418	0.096
5419	0.096
542	1.6847
5420	0.096
5421	5.0E-4
5422	0.1404
5423	0.1404
5424	0.0655
5425	0.0655
5426	0.0182
5427	0.0182
5428	0.0182
5429	0.0012
543	1.6845
5430	0.0012
5431	0.0012
5432	0.0016
5433	0.0016
5434	0.0016
5435	0.2934
5436	0.0019
5437	0.0019
5438	0.0039
5439	0.001
544	1.6847
5440	0.001
5441	0.001
5442	0.146
5443	0.146
5444	0.0013
5445	0.0013
5446	0.0013
5447	0.0537
5448	0.0537
5449	1.598
545	1.7383
5450	1.598
5451	1.598
5452	1.598
5453	1.8742
5454	1.6806
5455	1.1111
5456	3.1396
5457	0.7813
5458	0.7813
5459	0.0704
546	1.6847
5460	0.0335
5461	0.0335
5462	0.0335
5463	0.0335
5464	0.0046
5465	0.0046
5466	0.0057
5467	0.0057
5468	2.1981
5469	0.027
547	0.2137
5470	1.1145
5471	0.027
5472	7.0E-4
5473	7.0E-4
5474	7.0E-4
5475	7.0E-4
5476	7.0E-4
5477	7.0E-4
5478	7.0E-4
5479	7.0E-4
548	0.114
5480	0.002
5481	0.002
5482	0.002
5483	0.4224
5484	0.0326
5485	0.0075
5486	0.0025
5487	0.0025
5488	0.0025
5489	0.0025
549	0.086
5490	0.0059
5491	0.0051
5492	0.0061
5493	0.0061
5494	0.0091
5495	0.0059
5496	0.0059
5497	0.0181
5498	0.004
5499	0.004
55	1.7142
550	0.2732
5500	0.004
5501	0.004
5502	0.0953
5503	0.0964
5504	0.0964
5505	0.0964
5506	0.096
5507	0.096
5508	0.096
5509	0.044
551	0.2879
5510	0.0251
5511	0.0238
5512	0.0297
5513	0.0023
5514	8.0E-4
5515	8.0E-4
5516	0.0011
5517	0.0011
5518	8.0E-4
5519	8.0E-4
552	0.2732
5520	8.0E-4
5521	0.0023
5522	0.0023
5523	3.1538
5524	2.3889
5525	0.9986
5526	0.4302
5527	0.2206
5528	0.1858
5529	0.1751
553	0.2875
5530	0.1745
5531	0.1746
5532	0.1748
5533	0.1842
5534	0.2047
5535	0.3372
5536	0.6366
5537	0.9984
5538	0.0113
5539	0.0113
554	0.299
5540	0.0113
5541	0.0113
5542	0.0113
5543	0.0113
5544	0.0113
5545	0.0113
5546	0.0113
5547	0.0113
5548	0.0113
5549	0.0113
555	0.3003
5550	0.0113
5551	0.0113
5552	0.0113
5553	0.0
5554	0.0
5555	0.0
5556	0.0
5557	0.0
5558	0.0
5559	0.0
556	0.3003
5560	0.0
5561	0.0
5562	0.0
5563	0.0
5564	0.0
5565	0.0
5566	0.0
5567	0.0
5568	0.0
5569	0.0
557	0.763
5570	0.0
5571	0.0
5572	0.0
5573	0.0
5574	0.0
5575	0.0
5576	0.0
5577	0.0
5578	0.0
5579	0.0
558	0.1871
5580	0.0
5581	0.0
5582	0.0
5583	0.0
5584	0.0
5585	0.0
5586	0.0
5587	0.0
5588	0.0
5589	0.0
559	0.1871
5590	0.0
5591	0.0
5592	0.0
5593	0.0
5594	0.0
5595	0.0
5596	0.0
5597	0.0
5598	0.0
5599	0.0
56	1.597
560	0.1871
5600	0.0
5601	0.0
5602	0.0
5603	0.0
5604	0.0
5605	0.0
5606	0.0
5607	0.0
5608	0.0
5609	0.0
561	0.1764
5610	0.0
5611	0.0
5612	0.0
5613	0.0
5614	0.0
5615	0.0
5616	0.0
5617	0.0
5618	0.0
5619	0.0
562	0.1764
5620	0.0
5621	0.0
5622	0.0
5623	0.0
5624	0.0
5625	0.0
5626	0.0
5627	0.0
5628	0.0
5629	0.0
563	0.1764
5630	0.0
5631	0.0
5632	0.0
5633	0.0
5634	0.0
5635	0.0
5636	0.0
5637	0.0
5638	0.0
5639	0.0
564	0.1764
5640	0.0
5641	0.0
5642	0.0
5643	0.0
5644	0.0
5645	0.0
5646	0.0
5647	0.0
5648	0.0
5649	0.0
565	0.1847
5650	0.0
5651	0.0
5652	0.0
5653	0.0
5654	0.0
5655	0.0
5656	0.0
5657	0.0
5658	0.0
5659	0.0
566	0.0568
5660	0.0
5661	0.0
5662	0.0
5663	0.0
5664	0.0
5665	0.0
5666	0.0
5667	0.0
5668	0.0
5669	0.0
567	0.057
5670	0.0
5671	0.0
5672	0.0
5673	0.0
5674	0.0
5675	0.0
5676	0.0
5677	0.0
5678	0.0
5679	0.0
568	0.057
5680	0.0
5681	0.0
5682	0.0
5683	0.0
5684	0.0
5685	0.0
5686	0.0
5687	0.0
5688	0.0
5689	0.0
569	0.127
5690	0.0
5691	0.0
5692	0.0
5693	0.0
5694	0.0
5695	0.0
5696	0.0
5697	0.0
5698	0.0
5699	0.0
57	1.5601
570	0.057
5700	0.0
5701	0.0
5702	0.0
5703	0.0
5704	0.0
5705	0.0
5706	0.0
5707	0.0
5708	0.0
5709	0.0
571	0.0568
5710	0.0
5711	0.0
5712	0.0
5713	0.0
5714	0.0
5715	0.0
5716	0.0
5717	0.0
5718	0.0
5719	0.0
572	0.0568
5720	0.0
5721	0.0
5722	0.0
5723	0.0
5724	0.0
5725	0.0
5726	0.0
5727	0.0
5728	0.0
5729	0.0
573	0.0568
5730	0.0
5731	0.0
5732	0.0
5733	0.0
5734	0.0
5735	0.0
5736	0.0
5737	0.0
5738	0.0
5739	0.0
574	0.0568
5740	0.0
5741	0.0
5742	0.0
5743	0.0
5744	0.0
5745	0.0
5746	0.0
5747	0.0
5748	0.0
5749	0.0
575	0.0568
5750	0.0
5751	0.0
5752	0.0
5753	0.0
5754	0.0
5755	0.0
5756	0.0
5757	0.0
5758	0.0
5759	0.0
576	0.0568
5760	0.0
5761	0.0
5762	0.0
5763	0.0
5764	0.0
5765	0.0
5766	0.0
5767	0.0
5768	0.0
5769	0.0
577	0.0568
5770	0.0
5771	0.0
5772	0.0
5773	0.0
5774	0.0
5775	0.0
5776	0.0
5777	0.0
5778	0.0
5779	0.0
578	1.8347
5780	0.0
5781	0.0
5782	0.0
5783	0.0
5784	0.0
5785	3.1537
5786	2.3889
5787	0.9986
5788	0.4302
5789	0.2206
579	0.2567
5790	0.1858
5791	0.1751
5792	0.1745
5793	0.1746
5794	0.1748
5795	0.1842
5796	0.2047
5797	0.3372
5798	0.6366
5799	0.9984
58	1.7177
580	0.2567
5800	0.0113
5801	0.0113
5802	0.0113
5803	0.0113
5804	0.0113
5805	0.0113
5806	0.0113
5807	0.0113
5808	0.0113
5809	0.0113
581	0.2688
5810	0.0113
5811	0.0113
5812	0.0113
5813	0.0113
5814	0.0113
5815	0.0255
5816	0.0255
5817	3.0E-4
5818	0.002
5819	0.0506
582	0.07
5820	0.9711
5821	0.9711
5822	0.1936
5823	1.3095
5824	0.1996
5825	0.8252
5826	0.7662
5827	0.7662
5828	0.9448
5829	0.7662
583	0.07
5830	0.7662
5831	0.7662
5832	0.8772
5833	0.8772
5834	0.0388
5835	0.4953
5836	0.4953
5837	0.4953
5838	0.4953
5839	0.4953
584	0.0618
5840	0.4953
5841	0.4953
5842	0.2767
5843	0.2767
5844	0.0014
5845	0.0039
5846	0.0039
5847	0.0039
5848	0.0049
5849	0.0039
585	0.0704
5850	0.0039
5851	0.0039
5852	0.0039
5853	0.0039
5854	0.0039
5855	0.0039
5856	0.0049
5857	0.0039
5858	0.0049
5859	0.0039
586	0.07
5860	0.0049
5861	0.0039
5862	0.0049
5863	0.0039
5864	0.0039
5865	0.0039
5866	0.0049
5867	0.0936
5868	0.0075
5869	0.0075
587	0.0803
5870	0.0075
5871	0.0075
5872	0.0075
5873	0.0075
5874	0.0075
5875	0.024
5876	0.0075
5877	1.0363
5878	0.0075
5879	0.0075
588	0.0618
5880	0.0075
5881	0.0075
5882	0.0075
5883	0.0075
5884	0.0075
5885	0.0075
5886	0.0075
5887	0.0075
5888	0.0075
5889	0.0075
589	0.0806
5890	0.0075
5891	0.0075
5892	0.0013
5893	0.002
5894	0.0013
5895	0.0013
5896	0.0013
5897	0.0013
5898	0.0013
5899	0.0013
59	1.7064
590	0.0806
5900	0.0013
5901	0.0013
5902	0.0013
5903	0.0013
5904	0.0013
5905	0.0013
5906	0.0013
5907	0.0013
5908	0.0013
5909	0.0013
591	0.0806
5910	0.0013
5911	0.0013
5912	0.0013
5913	0.0012
5914	0.0013
5915	0.0013
5916	0.0013
5917	0.0013
5918	0.0013
5919	0.0012
592	0.0806
5920	0.0014
5921	0.0495
5922	0.1252
5923	0.1252
5924	0.1252
5925	0.1252
5926	0.1252
5927	0.1252
5928	0.1252
5929	0.1252
593	10.3948
5930	1.1443
5931	1.1443
5932	1.1443
5933	1.1443
5934	1.1443
5935	1.1443
5936	0.109
5937	0.1031
5938	0.3298
5939	0.0159
594	0.0811
5940	8.0E-4
5941	8.0E-4
5942	8.0E-4
5943	8.0E-4
5944	8.0E-4
5945	8.0E-4
5946	8.0E-4
5947	9.0E-4
5948	0.0042
5949	9.0E-4
595	0.0568
5950	9.0E-4
5951	0.1126
5952	0.0019
5953	0.0033
5954	0.0039
5955	1.0575
5956	1.045
5957	0.0039
5958	1.0E-4
5959	1.0E-4
596	0.0568
5960	1.0E-4
5961	1.0E-4
5962	1.0E-4
5963	1.0E-4
5964	1.0E-4
5965	1.0E-4
5966	1.0E-4
5967	1.0E-4
5968	2.0E-4
5969	2.0E-4
597	0.0568
5970	2.0E-4
5971	2.0E-4
5972	2.0E-4
5973	2.0E-4
5974	0.0079
5975	0.0164
5976	0.0628
5977	0.0628
5978	0.0059
5979	0.0059
598	0.0479
5980	0.0059
5981	0.0059
5982	0.0059
5983	0.0059
5984	0.0059
5985	0.0059
5986	0.0059
5987	0.0059
5988	0.0059
5989	0.0059
599	0.0241
5990	0.0059
5991	0.0059
5992	0.1131
5993	9.0E-4
5994	9.0E-4
5995	9.0E-4
5996	0.0014
5997	0.0014
5998	0.0014
5999	0.0014
6	0.0156
60	1.5984
600	0.0545
6000	0.0014
6001	0.0055
6002	0.0055
6003	0.0057
6004	1.1466
6005	1.2751
6006	2.0E-4
6007	2.0E-4
6008	2.0E-4
6009	2.0E-4
601	0.0545
6010	2.0E-4
6011	2.0E-4
6012	0.4605
602	0.0545
603	0.0545
604	0.0545
605	0.0545
606	0.0545
607	0.0545
608	0.0545
609	0.0545
61	28.3407
610	0.0545
611	0.756
612	1.1559
613	0.0304
614	0.2725
615	0.0306
616	0.0533
617	0.0358
618	0.0358
619	0.0358
62	0.2467
620	0.7715
621	2.0606
622	0.0316
623	0.0314
624	0.0311
625	0.0865
626	0.0865
627	0.6697
628	0.0568
629	0.0568
63	1.5189
630	1.9407
631	0.3075
632	1.0E-4
633	1.0E-4
634	1.0E-4
635	1.0E-4
636	1.0E-4
637	1.0E-4
638	1.0E-4
639	1.0E-4
64	1.1799
640	1.0E-4
641	1.0E-4
642	1.0E-4
643	1.0E-4
644	1.0E-4
645	1.0E-4
646	1.0E-4
647	1.0E-4
648	0.0241
649	0.0241
65	1.2821
650	0.0241
651	0.0242
652	0.0241
653	0.0241
654	0.0241
655	0.0241
656	0.0243
657	0.0242
658	1.0E-4
659	1.0E-4
66	1.1823
660	1.0E-4
661	1.0E-4
662	1.0E-4
663	1.0E-4
664	1.0E-4
665	1.0E-4
666	1.0E-4
667	0.0269
668	0.0177
669	0.0459
67	1.1501
670	0.0456
671	0.051
672	0.051
673	0.0621
674	0.1993
675	0.0453
676	0.0454
677	0.0528
678	0.1932
679	1.0E-4
68	1.5249
680	1.0E-4
681	1.0E-4
682	1.0E-4
683	1.0E-4
684	1.0E-4
685	1.0E-4
686	0.0438
687	0.0471
688	0.0471
689	0.0471
69	1.6146
690	1.0E-4
691	1.0E-4
692	1.0E-4
693	1.0E-4
694	1.0E-4
695	1.0E-4
696	1.0E-4
697	1.0E-4
698	1.0E-4
699	1.0E-4
7	1.3129
70	1.2902
700	1.0E-4
701	1.0E-4
702	1.0E-4
703	1.0E-4
704	1.0E-4
705	1.0E-4
706	1.0E-4
707	1.0E-4
708	1.0E-4
709	0.0345
71	1.7167
710	0.0045
711	0.0027
712	0.0045
713	0.0027
714	0.0027
715	0.0027
716	0.0027
717	0.0027
718	0.0027
719	0.0027
72	1.8518
720	0.0027
721	0.0027
722	0.0057
723	0.0027
724	0.0057
725	0.0027
726	0.0027
727	0.0027
728	0.0027
729	0.0027
73	10.9551
730	0.0027
731	0.0027
732	0.0027
733	0.0027
734	0.0027
735	0.0027
736	0.0027
737	0.0027
738	0.0027
739	0.0027
74	3.7128
740	0.0027
741	0.0027
742	0.0027
743	0.0027
744	0.0027
745	0.0045
746	0.0027
747	0.0027
748	0.0027
749	0.0027
75	2.0873
750	0.0027
751	0.1095
752	0.0027
753	0.0027
754	0.0027
755	0.037
756	0.037
757	0.037
758	0.037
759	0.037
76	2.4027
760	0.037
761	0.037
762	0.037
763	0.0214
764	0.0213
765	0.0215
766	0.0245
767	0.0229
768	0.0153
769	0.0214
77	0.7372
770	0.0214
771	1.0E-4
772	0.0182
773	0.0182
774	0.0173
775	0.0187
776	0.0187
777	0.0173
778	0.0109
779	0.0109
78	2.4623
780	0.0182
781	0.0182
782	0.0013
783	0.0149
784	0.0197
785	0.0196
786	0.0196
787	0.0196
788	0.0171
789	0.0171
79	1.6177
790	0.0171
791	0.0184
792	0.0184
793	0.0184
794	0.0186
795	0.0186
796	0.0172
797	0.0171
798	0.0171
799	0.0171
8	0.0838
80	8.7988
800	0.0147
801	0.0677
802	0.0981
803	0.0942
804	0.1244
805	0.1244
806	0.1244
807	0.1244
808	0.142
809	0.142
81	12.7761
810	0.0694
811	0.0695
812	0.0694
813	0.0694
814	0.0694
815	0.0694
816	0.0721
817	0.0699
818	0.1031
819	0.1026
82	5.1855
820	0.1026
821	0.1026
822	8.8823
823	1.7115
824	0.3115
825	0.1834
826	0.5964
827	0.4458
828	1.3094
829	0.008
83	3.8494
830	0.1167
831	0.0334
832	0.0334
833	0.0334
834	0.0334
835	0.0334
836	0.0053
837	0.4444
838	0.296
839	0.3678
84	4.8866
840	0.4657
841	0.3053
842	0.3772
843	0.2528
844	0.2528
845	0.2528
846	0.2528
847	0.2528
848	0.2528
849	0.2528
85	0.9551
850	0.2528
851	0.2528
852	0.2528
853	0.2528
854	0.2528
855	0.2528
856	0.2528
857	0.2528
858	0.2528
859	0.2528
86	0.8294
860	0.2528
861	0.2528
862	0.2528
863	0.2528
864	0.2528
865	0.2528
866	0.2528
867	0.2528
868	0.2528
869	0.1176
87	0.925
870	0.0176
871	0.0176
872	0.0244
873	0.0796
874	0.057
875	0.2127
876	0.3749
877	0.3403
878	0.3403
879	0.2963
88	0.9551
880	2.7165
881	0.2761
882	0.2761
883	0.2761
884	0.2761
885	0.2761
886	0.2761
887	0.4475
888	0.2761
889	0.0082
89	0.8402
890	0.0154
891	0.0082
892	0.7171
893	0.9811
894	0.7171
895	0.7171
896	0.0197
897	0.0197
898	0.0197
899	0.0197
9	0.0157
90	1.012
900	0.0025
901	0.0025
902	0.0025
903	0.0025
904	0.0025
905	0.0025
906	0.0025
907	0.0025
908	0.0025
909	0.0025
91	1.012
910	0.0025
911	0.0025
912	0.0025
913	0.0025
914	0.0025
915	0.0025
916	0.0025
917	0.0025
918	0.0107
919	0.0025
92	1.0444
920	0.0107
921	0.0025
922	0.0025
923	0.0038
924	0.0025
925	0.0025
926	0.0025
927	0.0025
928	0.0025
929	0.0025
93	0.8947
930	0.0025
931	0.0095
932	0.0025
933	0.0025
934	0.0025
935	0.0046
936	0.0048
937	0.0048
938	0.0165
939	0.0069
94	8.0E-4
940	0.0069
941	0.0069
942	0.0069
943	0.1374
944	0.1374
945	0.0417
946	0.042
947	0.0149
948	0.0149
949	0.0139
95	8.0E-4
950	0.0148
951	0.0149
952	0.0223
953	0.0263
954	0.0263
955	0.0262
956	0.027
957	0.0386
958	0.0192
959	0.0192
96	8.0E-4
960	0.0189
961	0.0224
962	0.0224
963	0.0246
964	0.0223
965	0.0223
966	0.0223
967	0.0223
968	0.0271
969	0.0271
97	8.0E-4
970	0.4852
971	0.0189
972	0.0307
973	0.0308
974	0.0305
975	0.0305
976	0.0307
977	0.0305
978	0.0305
979	0.0471
98	8.0E-4
980	0.0171
981	0.2626
982	0.0243
983	0.0242
984	0.0244
985	0.0439
986	0.0242
987	0.0154
988	0.0152
989	0.0134
99	8.0E-4
990	0.0796
991	0.7929
992	0.1763
993	0.5478
994	0.0796
995	1.0497
996	0.0157
997	0.0157
998	0.0211
999	0.0209
