1	0.1956
10	1.4855
100	4.0E-4
1000	0.0151
1001	0.0151
1002	0.0145
1003	0.0098
1004	0.0112
1005	0.0098
1006	0.0136
1007	0.0135
1008	0.0145
1009	0.0132
101	4.0E-4
1010	0.0122
1011	0.0122
1012	0.013
1013	0.0129
1014	0.0129
1015	0.015
1016	0.0149
1017	0.0149
1018	0.0132
1019	0.0134
102	0.0234
1020	0.9503
1021	0.506
1022	0.0105
1023	6.0E-4
1024	0.0016
1025	0.1178
1026	0.1178
1027	0.0293
1028	0.0074
1029	0.0112
103	4.0E-4
1030	0.0145
1031	0.0032
1032	0.0015
1033	0.0145
1034	0.8488
1035	0.0108
1036	0.0108
1037	0.0108
1038	0.0165
1039	1.0614
104	4.0E-4
1040	1.0614
1041	1.0614
1042	1.0614
1043	1.0614
1044	1.0614
1045	1.0614
1046	1.0614
1047	1.0614
1048	1.0614
1049	1.0614
105	4.0E-4
1050	1.0614
1051	1.0614
1052	1.0614
1053	1.0614
1054	1.0614
1055	1.0614
1056	1.0614
1057	1.0614
1058	1.0614
1059	1.0614
106	3.5944
1060	1.0614
1061	1.0614
1062	1.0614
1063	1.0614
1064	1.0614
1065	1.0614
1066	0.0023
1067	0.0023
1068	0.0023
1069	0.0023
107	1.2384
1070	0.0023
1071	0.0023
1072	0.0023
1073	0.0023
1074	0.0023
1075	0.0023
1076	0.0023
1077	0.0023
1078	0.0023
1079	0.0023
108	0.6946
1080	0.0023
1081	0.0023
1082	0.0023
1083	0.0023
1084	0.0023
1085	0.0023
1086	0.0023
1087	0.0023
1088	0.0023
1089	0.0023
109	0.6302
1090	0.0023
1091	0.0023
1092	0.0023
1093	0.0023
1094	0.0023
1095	0.0023
1096	0.0023
1097	0.0022
1098	0.0025
1099	0.0025
11	0.009
110	0.6302
1100	0.1605
1101	0.1825
1102	0.2383
1103	0.2383
1104	0.2383
1105	0.2383
1106	0.2383
1107	0.2383
1108	0.2383
1109	0.2383
111	2.3228
1110	0.2383
1111	0.2383
1112	0.2383
1113	0.2383
1114	0.2383
1115	0.2383
1116	0.2383
1117	0.2383
1118	0.2383
1119	0.2383
112	2.4242
1120	0.2383
1121	0.2383
1122	0.2383
1123	0.2383
1124	0.2383
1125	0.2383
1126	0.2383
1127	0.2383
1128	0.2383
1129	0.2383
113	1.0642
1130	0.2383
1131	0.2383
1132	0.2383
1133	0.2383
1134	0.2383
1135	0.2383
1136	0.2383
1137	0.2383
1138	0.2383
1139	0.2383
114	0.64
1140	0.2383
1141	0.2383
1142	0.2383
1143	0.2383
1144	0.2383
1145	0.2383
1146	0.2383
1147	0.2383
1148	0.2383
1149	0.2383
115	1.1532
1150	0.2383
1151	0.2383
1152	0.2383
1153	0.2383
1154	0.2383
1155	0.2383
1156	0.2383
1157	0.2383
1158	0.2383
1159	0.0
116	1.9121
1160	0.0
1161	7.0E-4
1162	0.0
1163	0.0
1164	0.0
1165	0.0
1166	0.0
1167	0.0
1168	0.0
1169	0.0
117	0.8112
1170	0.0
1171	0.0
1172	0.0
1173	0.0
1174	0.0
1175	0.0
1176	0.0
1177	0.0035
1178	0.0187
1179	0.0
118	1.9022
1180	0.0
1181	0.0
1182	0.0
1183	0.0
1184	0.0
1185	0.0
1186	0.0
1187	0.0027
1188	0.0028
1189	0.0028
119	4.7087
1190	0.0027
1191	0.0085
1192	0.0085
1193	0.0061
1194	0.0083
1195	0.0062
1196	0.0034
1197	0.0034
1198	0.0018
1199	0.1969
12	0.0245
120	2.0246
1200	0.0018
1201	0.0018
1202	0.002
1203	0.0018
1204	0.0018
1205	0.0018
1206	0.0018
1207	0.0012
1208	0.0013
1209	0.0013
121	1.852
1210	0.0011
1211	0.0011
1212	0.0011
1213	0.0213
1214	0.0021
1215	0.3903
1216	0.5588
1217	0.3903
1218	0.3903
1219	0.0027
122	2.0246
1220	0.0027
1221	1.0E-4
1222	1.0E-4
1223	1.0E-4
1224	1.0E-4
1225	0.0023
1226	0.0023
1227	0.0077
1228	0.0077
1229	0.0077
123	3.3071
1230	0.0077
1231	0.0077
1232	0.0077
1233	0.0077
1234	0.0
1235	0.0
1236	0.0
1237	0.0
1238	0.0
1239	0.0
124	2.6807
1240	0.0
1241	0.0
1242	0.0
1243	0.0
1244	0.0
1245	0.0
1246	0.0
1247	0.0
1248	0.0
1249	0.0
125	2.6956
1250	0.0
1251	0.0
1252	0.0
1253	0.0
1254	0.0
1255	0.0
1256	0.0
1257	0.0
1258	0.0
1259	0.0
126	2.7092
1260	0.0
1261	0.0
1262	0.0
1263	0.0
1264	0.0
1265	0.0
1266	0.0
1267	0.0
1268	0.0
1269	0.0103
127	0.8428
1270	0.0103
1271	0.0103
1272	0.0103
1273	0.0103
1274	0.0103
1275	0.0103
1276	0.0103
1277	0.0103
1278	0.0103
1279	0.0085
128	0.8428
1280	0.0085
1281	0.0085
1282	0.0085
1283	0.0085
1284	0.0
1285	0.0
1286	0.0
1287	0.0
1288	0.0228
1289	0.0228
129	0.7949
1290	0.0228
1291	0.0341
1292	0.0144
1293	0.0914
1294	0.0914
1295	0.0043
1296	0.0043
1297	0.0
1298	0.0
1299	0.0
13	0.009
130	0.7534
1300	5.0E-4
1301	0.0
1302	0.0
1303	0.0
1304	0.0
1305	5.0E-4
1306	5.0E-4
1307	5.0E-4
1308	0.0
1309	0.0029
131	0.631
1310	1.0E-4
1311	0.0015
1312	7.0E-4
1313	6.0E-4
1314	6.0E-4
1315	6.0E-4
1316	6.0E-4
1317	6.0E-4
1318	6.0E-4
1319	6.0E-4
132	8.0703
1320	6.0E-4
1321	6.0E-4
1322	6.0E-4
1323	6.0E-4
1324	5.0E-4
1325	5.0E-4
1326	5.0E-4
1327	5.0E-4
1328	5.0E-4
1329	5.0E-4
133	0.278
1330	5.0E-4
1331	5.0E-4
1332	5.0E-4
1333	5.0E-4
1334	5.0E-4
1335	5.0E-4
1336	5.0E-4
1337	5.0E-4
1338	5.0E-4
1339	5.0E-4
134	0.2551
1340	9.0E-4
1341	7.0E-4
1342	0.0152
1343	0.0152
1344	8.0E-4
1345	0.0146
1346	0.0029
1347	0.0029
1348	0.0029
1349	0.0029
135	0.3024
1350	0.0029
1351	0.0029
1352	0.0029
1353	0.0029
1354	0.0029
1355	0.0029
1356	0.0029
1357	0.0029
1358	0.0029
1359	0.0029
136	0.3219
1360	0.0029
1361	0.0029
1362	0.0017
1363	0.0352
1364	0.0352
1365	0.0025
1366	0.0024
1367	0.0025
1368	0.0025
1369	0.0025
137	0.3446
1370	2.0391
1371	0.1847
1372	0.0642
1373	0.0827
1374	0.156
1375	0.0557
1376	0.0373
1377	0.0373
1378	0.0153
1379	2.9346
138	0.382
1380	0.0141
1381	0.0135
1382	0.0082
1383	0.0082
1384	0.0082
1385	0.0082
1386	0.0082
1387	0.0082
1388	0.0082
1389	0.0082
139	0.0945
1390	1.0E-4
1391	3.0E-4
1392	0.0
1393	0.0
1394	0.0
1395	0.0
1396	4.0E-4
1397	4.0E-4
1398	0.0017
1399	4.0E-4
14	0.8691
140	0.0915
1400	4.0E-4
1401	4.0E-4
1402	0.0
1403	1.0E-4
1404	1.0E-4
1405	1.0E-4
1406	0.0
1407	0.0
1408	0.051
1409	0.0671
141	0.0828
1410	0.0671
1411	0.0671
1412	0.0671
1413	0.0671
1414	0.0671
1415	0.0671
1416	0.0808
1417	0.1047
1418	0.0671
1419	0.1034
142	0.402
1420	0.1034
1421	0.0671
1422	0.0014
1423	0.0014
1424	0.0016
1425	0.0023
1426	0.0016
1427	0.0023
1428	0.0016
1429	0.0016
143	0.5182
1430	0.0014
1431	0.0014
1432	0.0014
1433	0.037
1434	0.037
1435	0.037
1436	0.037
1437	0.037
1438	6.0E-4
1439	6.0E-4
144	0.1269
1440	0.003
1441	0.0038
1442	0.0114
1443	0.8021
1444	0.0025
1445	6.0E-4
1446	5.0E-4
1447	5.0E-4
1448	5.0E-4
1449	5.0E-4
145	0.9484
1450	5.0E-4
1451	5.0E-4
1452	5.0E-4
1453	5.0E-4
1454	5.0E-4
1455	5.0E-4
1456	5.0E-4
1457	0.0023
1458	9.0E-4
1459	0.0017
146	0.0828
1460	0.002
1461	0.0193
1462	0.0192
1463	0.0193
1464	0.0192
1465	0.0192
1466	0.0193
1467	1.0285
1468	9.0E-4
1469	0.0174
147	0.0828
1470	0.0174
1471	0.0174
1472	0.0186
1473	0.0099
1474	0.0099
1475	0.0099
1476	0.0099
1477	0.0099
1478	0.0099
1479	0.0099
148	0.3711
1480	0.0099
1481	0.0099
1482	0.0099
1483	0.0015
1484	0.0015
1485	0.0015
1486	0.0015
1487	0.0322
1488	0.023
1489	0.0322
149	0.1104
1490	0.023
1491	0.0183
1492	0.0183
1493	0.0188
1494	0.0239
1495	0.0046
1496	0.0046
1497	0.0046
1498	0.0046
1499	0.0188
15	0.0097
150	0.1108
1500	0.0046
1501	0.0046
1502	0.0199
1503	0.0199
1504	0.0046
1505	0.0188
1506	0.0138
1507	0.1437
1508	0.0142
1509	0.0024
151	0.115
1510	0.0024
1511	0.0024
1512	0.0024
1513	0.0024
1514	0.0024
1515	0.0024
1516	0.0024
1517	7.0E-4
1518	0.0038
1519	0.0052
152	0.0741
1520	0.0016
1521	0.0016
1522	0.0016
1523	0.0016
1524	0.0016
1525	0.0016
1526	0.0016
1527	0.0029
1528	0.0029
1529	0.0024
153	0.1181
1530	0.0021
1531	0.0018
1532	0.0016
1533	0.0137
1534	2.0E-4
1535	3.0E-4
1536	3.0E-4
1537	7.0E-4
1538	0.777
1539	1.2798
154	0.0015
1540	1.7374
1541	1.6482
1542	0.777
1543	0.0061
1544	0.0
1545	0.0
1546	0.0
1547	0.0
1548	0.0
1549	0.0
155	0.4824
1550	0.0
1551	5.0E-4
1552	7.0E-4
1553	0.0014
1554	0.0014
1555	0.0014
1556	0.0014
1557	0.0014
1558	0.0014
1559	0.0014
156	0.1997
1560	0.0014
1561	5.0E-4
1562	5.0E-4
1563	5.0E-4
1564	0.0017
1565	0.0
1566	0.0
1567	0.0
1568	0.0
1569	0.0
157	0.4966
1570	0.0
1571	0.0
1572	0.0
1573	0.0
1574	0.0
1575	0.0
1576	0.0
1577	0.0
1578	0.0
1579	0.0
158	0.5835
1580	0.0
1581	0.0
1582	0.0
1583	0.0
1584	0.0
1585	0.0
1586	0.0
1587	0.0
1588	0.0
1589	0.0017
159	0.4966
1590	0.0014
1591	0.0014
1592	0.0
1593	0.0
1594	0.0
1595	0.0
1596	0.0
1597	0.0
1598	0.0
1599	0.0
16	3.4299
160	0.533
1600	0.0
1601	0.0
1602	0.0188
1603	0.0188
1604	0.0188
1605	0.0188
1606	0.0188
1607	5.0E-4
1608	0.1249
1609	0.1249
161	0.5112
1610	0.1249
1611	0.1249
1612	0.1249
1613	0.1249
1614	0.0072
1615	0.0072
1616	0.0072
1617	0.0072
1618	0.0072
1619	1.0E-4
162	0.4966
1620	0.1444
1621	0.1093
1622	0.1093
1623	0.1093
1624	0.1093
1625	0.1093
1626	9.0E-4
1627	9.0E-4
1628	9.0E-4
1629	9.0E-4
163	0.4824
1630	9.0E-4
1631	9.0E-4
1632	9.0E-4
1633	9.0E-4
1634	0.0016
1635	9.0E-4
1636	9.0E-4
1637	9.0E-4
1638	9.0E-4
1639	6.0E-4
164	0.288
1640	8.0E-4
1641	8.0E-4
1642	8.0E-4
1643	8.0E-4
1644	8.0E-4
1645	0.001
1646	8.0E-4
1647	8.0E-4
1648	6.0E-4
1649	6.0E-4
165	0.4824
1650	9.0E-4
1651	9.0E-4
1652	9.0E-4
1653	9.0E-4
1654	9.0E-4
1655	9.0E-4
1656	9.0E-4
1657	9.0E-4
1658	9.0E-4
1659	9.0E-4
166	0.5097
1660	9.0E-4
1661	9.0E-4
1662	9.0E-4
1663	9.0E-4
1664	9.0E-4
1665	0.4726
1666	0.6878
1667	0.4726
1668	0.4726
1669	0.0266
167	0.4824
1670	0.0266
1671	0.0313
1672	0.0266
1673	0.0266
1674	0.0266
1675	0.0266
1676	0.0266
1677	0.0266
1678	1.1006
1679	0.0079
168	0.4498
1680	0.0027
1681	0.0012
1682	0.0012
1683	0.0069
1684	0.0012
1685	0.0012
1686	0.0012
1687	5.0E-4
1688	0.0053
1689	5.0E-4
169	0.4498
1690	5.0E-4
1691	5.0E-4
1692	5.0E-4
1693	5.0E-4
1694	5.0E-4
1695	5.0E-4
1696	7.0E-4
1697	7.0E-4
1698	7.0E-4
1699	7.0E-4
17	0.0096
170	0.4498
1700	6.0E-4
1701	6.0E-4
1702	6.0E-4
1703	6.0E-4
1704	6.0E-4
1705	6.0E-4
1706	0.0017
1707	7.0E-4
1708	7.0E-4
1709	7.0E-4
171	0.4513
1710	7.0E-4
1711	7.0E-4
1712	7.0E-4
1713	7.0E-4
1714	7.0E-4
1715	7.0E-4
1716	7.0E-4
1717	7.0E-4
1718	7.0E-4
1719	7.0E-4
172	0.4498
1720	7.0E-4
1721	7.0E-4
1722	7.0E-4
1723	7.0E-4
1724	7.0E-4
1725	7.0E-4
1726	7.0E-4
1727	7.0E-4
1728	7.0E-4
1729	7.0E-4
173	0.4407
1730	7.0E-4
1731	7.0E-4
1732	7.0E-4
1733	7.0E-4
1734	7.0E-4
1735	7.0E-4
1736	7.0E-4
1737	7.0E-4
1738	7.0E-4
1739	7.0E-4
174	0.3162
1740	7.0E-4
1741	7.0E-4
1742	7.0E-4
1743	7.0E-4
1744	7.0E-4
1745	7.0E-4
1746	7.0E-4
1747	7.0E-4
1748	7.0E-4
1749	7.0E-4
175	0.4771
1750	0.0011
1751	0.0011
1752	0.0011
1753	0.0011
1754	0.0011
1755	0.0011
1756	0.0011
1757	0.0011
1758	0.0011
1759	0.0011
176	0.5399
1760	0.0059
1761	0.0076
1762	0.0076
1763	0.0076
1764	0.0304
1765	0.0304
1766	9.0E-4
1767	9.0E-4
1768	9.0E-4
1769	9.0E-4
177	0.3235
1770	9.0E-4
1771	9.0E-4
1772	7.0E-4
1773	7.0E-4
1774	7.0E-4
1775	7.0E-4
1776	7.0E-4
1777	7.0E-4
1778	7.0E-4
1779	7.0E-4
178	0.0985
1780	7.0E-4
1781	7.0E-4
1782	7.0E-4
1783	7.0E-4
1784	7.0E-4
1785	7.0E-4
1786	7.0E-4
1787	7.0E-4
1788	7.0E-4
1789	0.0018
179	0.1759
1790	0.0018
1791	8.0E-4
1792	8.0E-4
1793	8.0E-4
1794	8.0E-4
1795	8.0E-4
1796	8.0E-4
1797	8.0E-4
1798	9.0E-4
1799	9.0E-4
18	0.2815
180	0.1645
1800	9.0E-4
1801	9.0E-4
1802	9.0E-4
1803	9.0E-4
1804	9.0E-4
1805	9.0E-4
1806	9.0E-4
1807	9.0E-4
1808	9.0E-4
1809	9.0E-4
181	0.1653
1810	9.0E-4
1811	9.0E-4
1812	9.0E-4
1813	9.0E-4
1814	9.0E-4
1815	0.0012
1816	0.0012
1817	0.0011
1818	0.0157
1819	0.0728
182	0.1091
1820	0.0086
1821	0.0101
1822	0.0086
1823	0.0458
1824	0.0458
1825	0.0458
1826	0.0458
1827	0.0458
1828	0.0458
1829	0.0458
183	0.1645
1830	0.0576
1831	0.0781
1832	0.0458
1833	0.077
1834	0.077
1835	0.0458
1836	0.0494
1837	0.0248
1838	0.0674
1839	0.0655
184	0.1664
1840	0.0655
1841	0.0559
1842	0.0513
1843	0.0513
1844	0.0513
1845	0.0513
1846	0.0513
1847	0.0513
1848	0.0513
1849	0.0188
185	0.1644
1850	0.0188
1851	0.0239
1852	0.0188
1853	0.0142
1854	1.0E-4
1855	0.0
1856	0.0
1857	0.0
1858	0.0
1859	0.0
186	0.1654
1860	0.0018
1861	0.0041
1862	0.0041
1863	0.0047
1864	0.0
1865	0.0
1866	0.0
1867	2.0E-4
1868	2.0E-4
1869	0.0
187	0.1652
1870	6.0E-4
1871	0.8212
1872	3.1106
1873	3.4103
1874	0.8064
1875	4.0407
1876	2.7118
1877	4.0407
1878	4.0766
1879	0.155
188	0.1644
1880	0.155
1881	0.155
1882	0.155
1883	3.5723
1884	0.5635
1885	0.5635
1886	0.5635
1887	0.5635
1888	0.5635
1889	0.5635
189	0.1989
1890	0.5635
1891	0.5635
1892	0.5635
1893	0.5635
1894	0.5635
1895	0.5635
1896	0.0
1897	0.0
1898	0.0
1899	0.0
19	0.1901
190	0.005
1900	0.0
1901	0.0
1902	0.0
1903	0.0
1904	0.0
1905	0.0
1906	0.0
1907	0.0
1908	0.0
1909	0.0
191	0.0069
1910	0.0
1911	0.0
1912	0.0
1913	0.0
1914	0.0
1915	0.0
1916	0.0
1917	0.0
1918	0.0
1919	0.0
192	0.412
1920	0.0
1921	0.0
1922	0.0
1923	0.0
1924	0.0
1925	0.0
1926	0.0
1927	0.0
1928	0.0
1929	0.0
193	2.947
1930	0.0
1931	0.0
1932	0.0
1933	0.0
1934	0.0
1935	0.0
1936	0.0
1937	0.0
1938	0.0
1939	0.0
194	0.9936
1940	0.0
1941	0.0
1942	0.0
1943	0.0
1944	0.0
1945	0.0
1946	0.0
1947	0.0
1948	0.0
1949	0.0
195	1.3466
1950	0.0
1951	0.0
1952	0.0
1953	0.0
1954	0.0
1955	0.0
1956	0.0
1957	0.0
1958	0.0
1959	0.0
196	1.3321
1960	0.0
1961	0.0
1962	0.0
1963	0.0
1964	0.0
1965	0.0
1966	0.0
1967	0.0
1968	0.0
1969	0.0
197	0.9225
1970	0.0
1971	0.0
1972	0.0
1973	0.0
1974	0.0
1975	0.0
1976	0.0
1977	0.0
1978	0.0
1979	0.0
198	1.1121
1980	0.0
1981	0.0
1982	0.0
1983	0.0
1984	0.0
1985	0.0
1986	0.0
1987	0.0
1988	0.0
1989	0.0
199	1.3272
1990	0.0
1991	0.0
1992	0.0
1993	0.0
1994	0.0
1995	1.0018
1996	0.0
1997	0.0
1998	0.0
1999	0.0
2	33.1815
20	0.582
200	1.6546
2000	0.0
2001	0.0
2002	0.0
2003	0.0
2004	0.0
2005	0.0
2006	0.0
2007	0.0
2008	0.0
2009	0.0
201	2.5454
2010	0.0
2011	0.0
2012	0.0
2013	0.0
2014	0.0
2015	0.0
2016	0.0
2017	0.0
2018	0.0
2019	0.0
202	2.6091
2020	0.0
2021	0.0
2022	0.0
2023	0.0
2024	0.0
2025	0.0
2026	0.0
2027	0.0
2028	0.0
2029	0.0
203	0.8312
2030	0.0
2031	0.0
2032	0.0
2033	0.0
2034	0.0
2035	0.0
2036	0.0
2037	0.0
2038	0.0
2039	0.0
204	1.1762
2040	0.0
2041	0.0
2042	0.0
2043	0.0
2044	0.0
2045	0.0
2046	0.0
2047	0.0
2048	0.0
2049	0.0
205	0.9709
2050	0.0
2051	0.0
2052	0.0
2053	0.0
2054	0.0
2055	0.0
2056	0.0
2057	0.0
2058	0.0
2059	0.0
206	0.8036
2060	0.0
2061	0.0
2062	0.0
2063	0.0
2064	0.0
2065	0.0
2066	0.0
2067	0.0
2068	0.0
2069	0.0
207	0.0243
2070	0.0
2071	0.0
2072	0.0
2073	0.0
2074	0.0
2075	0.0
2076	0.0
2077	0.0
2078	0.0
2079	0.0
208	0.0255
2080	0.0456
2081	0.034
2082	0.0456
2083	0.034
2084	0.0284
2085	0.0361
2086	0.0068
2087	0.0068
2088	0.0068
2089	0.0068
209	0.0884
2090	0.0284
2091	0.0068
2092	0.0068
2093	0.0282
2094	0.0282
2095	0.0068
2096	0.0284
2097	0.0183
2098	0.1067
2099	0.0216
21	0.1825
210	0.0702
2100	1.0847
2101	0.0068
2102	4.0E-4
2103	0.246
2104	3.0E-4
2105	9.0E-4
2106	9.0E-4
2107	9.0E-4
2108	9.0E-4
2109	9.0E-4
211	0.2737
2110	9.0E-4
2111	9.0E-4
2112	9.0E-4
2113	9.0E-4
2114	9.0E-4
2115	0.0011
2116	9.0E-4
2117	9.0E-4
2118	9.0E-4
2119	9.0E-4
212	2.0755
2120	9.0E-4
2121	9.0E-4
2122	9.0E-4
2123	9.0E-4
2124	9.0E-4
2125	0.0307
2126	0.0307
2127	0.0461
2128	0.0938
2129	0.0461
213	1.9606
2130	0.0461
2131	0.0461
2132	0.0174
2133	0.0174
2134	0.0174
2135	0.0174
2136	0.0174
2137	0.0696
2138	0.0696
2139	0.0814
214	1.9861
2140	0.0696
2141	0.0696
2142	0.0696
2143	0.0696
2144	0.7611
2145	0.901
2146	0.7391
2147	0.7391
2148	0.7611
2149	0.001
215	1.9567
2150	0.001
2151	0.001
2152	0.001
2153	0.001
2154	0.001
2155	0.001
2156	0.001
2157	0.001
2158	0.001
2159	0.0015
216	1.9531
2160	0.0015
2161	0.0015
2162	0.0015
2163	0.0015
2164	0.0015
2165	0.0015
2166	0.0015
2167	0.0011
2168	0.0011
2169	0.0011
217	2.0993
2170	0.0011
2171	0.0471
2172	1.1647
2173	0.0011
2174	0.0011
2175	0.0011
2176	0.0011
2177	0.0011
2178	0.0011
2179	0.0011
218	1.2693
2180	0.001
2181	0.001
2182	0.001
2183	0.001
2184	0.001
2185	0.001
2186	0.001
2187	0.001
2188	0.001
2189	0.001
219	0.3191
2190	0.001
2191	0.001
2192	0.001
2193	0.9507
2194	0.931
2195	0.931
2196	0.9507
2197	0.9507
2198	0.891
2199	0.4135
22	0.009
220	0.3384
2200	0.4135
2201	0.4135
2202	0.4135
2203	0.4135
2204	0.4135
2205	0.4135
2206	0.4135
2207	0.4135
2208	0.4135
2209	0.004
221	0.0266
2210	4.0E-4
2211	0.0016
2212	0.004
2213	0.0014
2214	8.0E-4
2215	0.0012
2216	4.0E-4
2217	4.0E-4
2218	5.0E-4
2219	0.0014
222	0.0266
2220	5.0E-4
2221	0.0011
2222	0.0023
2223	5.0E-4
2224	5.0E-4
2225	9.0E-4
2226	9.0E-4
2227	9.0E-4
2228	9.0E-4
2229	0.0018
223	0.0012
2230	0.0012
2231	6.0E-4
2232	6.0E-4
2233	6.0E-4
2234	6.0E-4
2235	0.0012
2236	0.003
2237	0.0012
2238	0.0018
2239	0.0018
224	1.8041
2240	0.0018
2241	0.0012
2242	0.0012
2243	0.0012
2244	0.0018
2245	0.0018
2246	9.0E-4
2247	9.0E-4
2248	9.0E-4
2249	0.0013
225	0.0141
2250	4.0E-4
2251	4.0E-4
2252	4.0E-4
2253	4.0E-4
2254	4.0E-4
2255	4.0E-4
2256	4.0E-4
2257	4.0E-4
2258	0.0027
2259	9.0E-4
226	0.0145
2260	0.0012
2261	0.0018
2262	0.0012
2263	0.0018
2264	7.0E-4
2265	7.0E-4
2266	7.0E-4
2267	0.0013
2268	0.0027
2269	6.0E-4
227	0.0134
2270	7.0E-4
2271	7.0E-4
2272	7.0E-4
2273	7.0E-4
2274	7.0E-4
2275	0.0018
2276	0.0018
2277	0.0018
2278	0.0018
2279	0.0012
228	0.0141
2280	0.0012
2281	0.0018
2282	0.003
2283	0.0042
2284	0.0012
2285	7.0E-4
2286	7.0E-4
2287	7.0E-4
2288	7.0E-4
2289	7.0E-4
229	0.0186
2290	0.0036
2291	9.0E-4
2292	9.0E-4
2293	9.0E-4
2294	0.0018
2295	0.0018
2296	0.0018
2297	0.0018
2298	4.0E-4
2299	4.0E-4
23	0.0918
230	0.0141
2300	4.0E-4
2301	4.0E-4
2302	4.0E-4
2303	4.0E-4
2304	4.0E-4
2305	4.0E-4
2306	0.0
2307	0.0
2308	0.0
2309	0.0
231	0.3201
2310	0.0
2311	0.0
2312	0.0
2313	0.0
2314	0.0
2315	0.0
2316	0.0
2317	0.0
2318	0.0
2319	0.0
232	0.2365
2320	0.0
2321	0.0
2322	0.0
2323	0.0
2324	0.0
2325	0.0
2326	0.0
2327	0.0
2328	0.0
2329	0.0
233	0.2365
2330	0.0
2331	0.0
2332	0.0
2333	0.0
2334	0.0
2335	0.0
2336	0.0
2337	0.0
2338	0.0
2339	0.0
234	0.2365
2340	0.0
2341	0.0
2342	0.0
2343	0.0
2344	0.0
2345	0.0
2346	0.0
2347	0.0
2348	0.0
2349	0.0
235	0.4029
2350	0.0
2351	0.0
2352	0.0
2353	0.0
2354	0.0
2355	0.0
2356	0.0
2357	0.0
2358	0.0
2359	0.0
236	0.4324
2360	0.0
2361	0.0
2362	0.0124
2363	0.1685
2364	0.0
2365	0.0
2366	0.0
2367	0.0
2368	0.0
2369	0.0
237	0.2365
2370	1.0E-4
2371	1.0E-4
2372	0.0
2373	0.0
2374	0.0
2375	0.0
2376	0.0
2377	0.0
2378	1.0E-4
2379	1.0E-4
238	0.2365
2380	1.0E-4
2381	1.0E-4
2382	1.0E-4
2383	1.0E-4
2384	1.0E-4
2385	0.0
2386	0.0
2387	0.0
2388	0.0
2389	0.0
239	0.2365
2390	0.0
2391	0.0
2392	0.0
2393	0.0
2394	0.0
2395	0.0
2396	0.0
2397	0.0
2398	0.0
2399	0.0
24	0.0098
240	0.4807
2400	0.0
2401	0.0
2402	0.0031
2403	0.0
2404	0.0
2405	0.0
2406	0.0
2407	0.0
2408	0.0
2409	0.0
241	0.246
2410	0.0
2411	0.0
2412	0.0
2413	0.0
2414	0.0
2415	0.0
2416	0.0
2417	1.0E-4
2418	1.0E-4
2419	1.0E-4
242	0.4078
2420	1.0E-4
2421	1.0E-4
2422	1.0E-4
2423	1.0E-4
2424	1.0E-4
2425	1.0E-4
2426	1.0E-4
2427	0.0
2428	0.0
2429	0.0
243	0.2365
2430	0.0
2431	0.0
2432	0.0
2433	0.0
2434	0.0
2435	0.0
2436	0.0
2437	0.0
2438	0.0
2439	0.0
244	0.3721
2440	0.0
2441	0.0
2442	0.0
2443	0.0
2444	0.0
2445	0.0
2446	0.0
2447	0.0
2448	0.0
2449	0.0
245	0.3721
2450	0.0
2451	0.0
2452	0.0212
2453	0.0129
2454	0.0129
2455	0.0054
2456	0.0129
2457	0.0137
2458	0.0129
2459	0.0054
246	0.3283
2460	0.0027
2461	0.0027
2462	0.0027
2463	0.0027
2464	0.0027
2465	0.0027
2466	0.0027
2467	0.0027
2468	0.0027
2469	0.0027
247	0.2365
2470	0.0027
2471	0.0027
2472	0.0027
2473	0.0027
2474	0.0027
2475	0.0027
2476	0.0027
2477	0.0027
2478	0.0027
2479	0.0027
248	0.8713
2480	0.0027
2481	0.0027
2482	0.015
2483	0.0084
2484	0.0084
2485	0.0303
2486	0.0303
2487	0.0031
2488	0.0031
2489	0.0031
249	1.3327
2490	0.0031
2491	0.0031
2492	0.0031
2493	0.0031
2494	0.0031
2495	0.0031
2496	0.0031
2497	0.0031
2498	0.0031
2499	0.0031
25	0.009
250	0.3192
2500	0.0031
2501	0.0031
2502	0.0031
2503	0.0031
2504	0.0031
2505	0.0031
2506	0.0031
2507	0.0031
2508	0.0031
2509	0.0031
251	0.3334
2510	9.0E-4
2511	7.0E-4
2512	7.0E-4
2513	7.0E-4
2514	7.0E-4
2515	2.0E-4
2516	2.0E-4
2517	2.0E-4
2518	2.0E-4
2519	2.0E-4
252	0.694
2520	2.0E-4
2521	2.0E-4
2522	2.0E-4
2523	2.0E-4
2524	5.0E-4
2525	2.0E-4
2526	2.0E-4
2527	2.0E-4
2528	2.0E-4
2529	2.0E-4
253	0.2507
2530	2.0E-4
2531	2.0E-4
2532	4.0E-4
2533	4.0E-4
2534	4.0E-4
2535	7.0E-4
2536	0.229
2537	0.4915
2538	0.4915
2539	0.229
254	0.4133
2540	7.0E-4
2541	7.0E-4
2542	7.0E-4
2543	7.0E-4
2544	2.0E-4
2545	2.0E-4
2546	3.0E-4
2547	6.0E-4
2548	6.0E-4
2549	6.0E-4
255	0.5261
2550	6.0E-4
2551	1.0179
2552	1.0179
2553	1.0179
2554	1.0179
2555	1.0E-4
2556	1.0E-4
2557	1.0E-4
2558	1.0E-4
2559	1.0E-4
256	0.4866
2560	1.0E-4
2561	1.0E-4
2562	1.0E-4
2563	0.0061
2564	4.0E-4
2565	4.0E-4
2566	4.0E-4
2567	4.0E-4
2568	4.0E-4
2569	1.0E-4
257	0.6115
2570	1.0E-4
2571	1.0E-4
2572	1.0E-4
2573	1.0E-4
2574	1.0E-4
2575	1.0E-4
2576	1.0E-4
2577	1.0E-4
2578	1.0E-4
2579	1.0E-4
258	1.356
2580	1.0E-4
2581	1.0E-4
2582	1.0E-4
2583	1.0E-4
2584	1.0E-4
2585	1.0E-4
2586	0.0011
2587	0.0011
2588	0.0246
2589	0.0051
259	1.356
2590	0.0051
2591	0.0051
2592	0.0046
2593	0.0046
2594	0.0046
2595	0.0046
2596	0.0046
2597	0.0046
2598	0.02
2599	9.0E-4
26	1.4273
260	1.356
2600	9.0E-4
2601	9.0E-4
2602	9.0E-4
2603	9.0E-4
2604	4.0E-4
2605	4.0E-4
2606	4.0E-4
2607	4.0E-4
2608	4.0E-4
2609	4.0E-4
261	0.1304
2610	4.0E-4
2611	4.0E-4
2612	4.0E-4
2613	4.0E-4
2614	4.0E-4
2615	2.0E-4
2616	2.0E-4
2617	2.0E-4
2618	2.0E-4
2619	2.0E-4
262	0.1442
2620	2.0E-4
2621	2.0E-4
2622	2.0E-4
2623	2.0E-4
2624	2.0E-4
2625	2.0E-4
2626	2.0E-4
2627	2.0E-4
2628	2.0E-4
2629	2.0E-4
263	0.1362
2630	0.0
2631	0.0
2632	0.0
2633	0.0
2634	0.0
2635	0.0
2636	0.0
2637	0.0
2638	0.0
2639	0.0
264	0.1528
2640	0.0
2641	0.0
2642	0.0
2643	0.0
2644	0.0
2645	0.0
2646	0.0
2647	0.0
2648	0.0
2649	0.0
265	0.1388
2650	1.0E-4
2651	1.0E-4
2652	1.0E-4
2653	1.0E-4
2654	1.0E-4
2655	1.0E-4
2656	1.0E-4
2657	1.0E-4
2658	1.0E-4
2659	1.0E-4
266	0.1376
2660	1.0E-4
2661	1.0E-4
2662	1.0E-4
2663	0.0011
2664	7.0E-4
2665	7.0E-4
2666	7.0E-4
2667	4.0E-4
2668	4.0E-4
2669	4.0E-4
267	0.1478
2670	4.0E-4
2671	1.0699
2672	1.0699
2673	1.0699
2674	1.0699
2675	1.0699
2676	0.0025
2677	0.0
2678	3.0E-4
2679	3.0E-4
268	0.1446
2680	4.0E-4
2681	2.0E-4
2682	2.0E-4
2683	2.0E-4
2684	2.0E-4
2685	0.0
2686	0.0
2687	0.0
2688	0.0
2689	0.0
269	0.1362
2690	0.0
2691	0.0
2692	0.0
2693	0.0
2694	0.0
2695	0.0
2696	0.0
2697	0.0
2698	0.0
2699	0.0
27	18.0823
270	0.1505
2700	0.0
2701	0.0
2702	0.0
2703	0.0
2704	0.0
2705	0.0
2706	0.0
2707	0.0
2708	0.0
2709	0.0
271	0.127
2710	1.0E-4
2711	0.0
2712	0.0
2713	0.0
2714	0.0
2715	1.0E-4
2716	1.0E-4
2717	1.0E-4
2718	0.0
2719	0.0
272	0.1461
2720	0.0
2721	1.0E-4
2722	1.0E-4
2723	1.0E-4
2724	1.0E-4
2725	1.0E-4
2726	2.0E-4
2727	7.0E-4
2728	1.0E-4
2729	1.0E-4
273	0.1373
2730	1.0E-4
2731	1.0E-4
2732	1.0E-4
2733	1.0E-4
2734	1.0E-4
2735	0.2152
2736	5.0E-4
2737	0.0023
2738	0.0023
2739	0.0023
274	0.1284
2740	0.0023
2741	0.0023
2742	0.0023
2743	0.0023
2744	0.0023
2745	0.0023
2746	0.0023
2747	0.0023
2748	5.0E-4
2749	6.0E-4
275	0.1425
2750	5.0E-4
2751	5.0E-4
2752	6.0E-4
2753	0.0163
2754	3.0E-4
2755	3.0E-4
2756	3.0E-4
2757	0.001
2758	0.001
2759	0.0012
276	0.1599
2760	9.0E-4
2761	9.0E-4
2762	0.0011
2763	0.003
2764	0.003
2765	0.003
2766	0.003
2767	0.003
2768	0.003
2769	0.003
277	0.1392
2770	0.003
2771	0.565
2772	0.565
2773	0.565
2774	0.565
2775	0.565
2776	0.565
2777	0.565
2778	0.565
2779	0.565
278	0.1509
2780	0.565
2781	0.565
2782	0.565
2783	3.0E-4
2784	0.0017
2785	0.0017
2786	0.0114
2787	0.0409
2788	0.0409
2789	0.0011
279	0.1371
2790	0.0011
2791	0.0011
2792	0.0011
2793	0.0011
2794	0.0012
2795	0.0012
2796	0.0014
2797	0.0018
2798	0.0232
2799	6.0E-4
28	13.9863
280	0.5468
2800	6.0E-4
2801	6.0E-4
2802	6.0E-4
2803	6.0E-4
2804	6.0E-4
2805	6.0E-4
2806	6.0E-4
2807	6.0E-4
2808	6.0E-4
2809	6.0E-4
281	0.1373
2810	6.0E-4
2811	6.0E-4
2812	6.0E-4
2813	6.0E-4
2814	6.0E-4
2815	6.0E-4
2816	6.0E-4
2817	6.0E-4
2818	6.0E-4
2819	6.0E-4
282	0.1411
2820	6.0E-4
2821	6.0E-4
2822	6.0E-4
2823	6.0E-4
2824	6.0E-4
2825	6.0E-4
2826	6.0E-4
2827	6.0E-4
2828	6.0E-4
2829	6.0E-4
283	0.1376
2830	6.0E-4
2831	6.0E-4
2832	6.0E-4
2833	6.0E-4
2834	6.0E-4
2835	6.0E-4
2836	6.0E-4
2837	6.0E-4
2838	6.0E-4
2839	6.0E-4
284	0.139
2840	6.0E-4
2841	6.0E-4
2842	6.0E-4
2843	6.0E-4
2844	6.0E-4
2845	6.0E-4
2846	6.0E-4
2847	6.0E-4
2848	6.0E-4
2849	6.0E-4
285	0.1379
2850	6.0E-4
2851	6.0E-4
2852	6.0E-4
2853	6.0E-4
2854	6.0E-4
2855	6.0E-4
2856	6.0E-4
2857	6.0E-4
2858	6.0E-4
2859	6.0E-4
286	0.1362
2860	6.0E-4
2861	6.0E-4
2862	6.0E-4
2863	6.0E-4
2864	6.0E-4
2865	6.0E-4
2866	6.0E-4
2867	6.0E-4
2868	6.0E-4
2869	6.0E-4
287	0.1362
2870	6.0E-4
2871	6.0E-4
2872	6.0E-4
2873	6.0E-4
2874	6.0E-4
2875	6.0E-4
2876	6.0E-4
2877	6.0E-4
2878	6.0E-4
2879	6.0E-4
288	0.1396
2880	6.0E-4
2881	6.0E-4
2882	6.0E-4
2883	6.0E-4
2884	6.0E-4
2885	6.0E-4
2886	6.0E-4
2887	6.0E-4
2888	6.0E-4
2889	6.0E-4
289	0.1376
2890	6.0E-4
2891	6.0E-4
2892	6.0E-4
2893	6.0E-4
2894	6.0E-4
2895	6.0E-4
2896	6.0E-4
2897	6.0E-4
2898	6.0E-4
2899	6.0E-4
29	13.6657
290	0.1382
2900	6.0E-4
2901	6.0E-4
2902	6.0E-4
2903	6.0E-4
2904	6.0E-4
2905	6.0E-4
2906	6.0E-4
2907	6.0E-4
2908	6.0E-4
2909	6.0E-4
291	0.1435
2910	6.0E-4
2911	6.0E-4
2912	6.0E-4
2913	6.0E-4
2914	6.0E-4
2915	6.0E-4
2916	6.0E-4
2917	6.0E-4
2918	6.0E-4
2919	6.0E-4
292	0.1401
2920	6.0E-4
2921	6.0E-4
2922	6.0E-4
2923	6.0E-4
2924	6.0E-4
2925	6.0E-4
2926	6.0E-4
2927	6.0E-4
2928	6.0E-4
2929	6.0E-4
293	0.1384
2930	6.0E-4
2931	6.0E-4
2932	6.0E-4
2933	6.0E-4
2934	6.0E-4
2935	6.0E-4
2936	6.0E-4
2937	6.0E-4
2938	6.0E-4
2939	6.0E-4
294	0.1932
2940	6.0E-4
2941	6.0E-4
2942	6.0E-4
2943	6.0E-4
2944	6.0E-4
2945	6.0E-4
2946	6.0E-4
2947	6.0E-4
2948	6.0E-4
2949	6.0E-4
295	0.1936
2950	6.0E-4
2951	6.0E-4
2952	6.0E-4
2953	6.0E-4
2954	6.0E-4
2955	6.0E-4
2956	6.0E-4
2957	6.0E-4
2958	6.0E-4
2959	6.0E-4
296	0.1927
2960	6.0E-4
2961	6.0E-4
2962	6.0E-4
2963	6.0E-4
2964	6.0E-4
2965	6.0E-4
2966	6.0E-4
2967	6.0E-4
2968	6.0E-4
2969	6.0E-4
297	0.2014
2970	6.0E-4
2971	6.0E-4
2972	6.0E-4
2973	6.0E-4
2974	6.0E-4
2975	6.0E-4
2976	6.0E-4
2977	6.0E-4
2978	6.0E-4
2979	6.0E-4
298	0.2019
2980	6.0E-4
2981	6.0E-4
2982	6.0E-4
2983	0.0135
2984	0.0015
2985	0.0015
2986	0.0015
2987	0.0015
2988	0.0015
2989	0.0015
299	0.1927
2990	0.0183
2991	0.0111
2992	0.0111
2993	0.0111
2994	0.0046
2995	0.0111
2996	0.0118
2997	0.0111
2998	0.0046
2999	0.0022
3	0.0152
30	3.7547
300	0.5985
3000	0.0022
3001	0.0022
3002	0.0022
3003	0.0022
3004	0.0022
3005	0.0022
3006	0.0022
3007	0.0022
3008	0.0022
3009	0.0022
301	0.1927
3010	0.0022
3011	0.0022
3012	0.0022
3013	0.0022
3014	0.0022
3015	0.0022
3016	0.0022
3017	0.0022
3018	0.0022
3019	0.0022
302	0.4667
3020	0.0022
3021	0.0024
3022	0.0022
3023	0.0022
3024	0.0022
3025	0.0022
3026	0.0129
3027	0.0129
3028	0.0072
3029	0.0072
303	0.8194
3030	0.0272
3031	0.0272
3032	0.0027
3033	0.0027
3034	0.0027
3035	0.0027
3036	0.0027
3037	0.0027
3038	0.0027
3039	0.0027
304	0.0094
3040	0.0027
3041	0.0027
3042	0.0027
3043	0.0027
3044	0.0027
3045	0.0027
3046	0.0027
3047	0.0027
3048	0.0027
3049	0.0027
305	0.0216
3050	0.0027
3051	0.0027
3052	0.0027
3053	0.0027
3054	0.0027
3055	0.0322
3056	0.0229
3057	0.0322
3058	0.0229
3059	0.0046
306	0.0252
3060	0.0046
3061	0.0046
3062	0.0046
3063	0.0046
3064	0.0046
3065	0.02
3066	0.02
3067	0.0046
3068	0.0138
3069	0.0051
307	0.0242
3070	0.0051
3071	0.0051
3072	0.0047
3073	0.0047
3074	0.0047
3075	0.0047
3076	0.0047
3077	0.0047
3078	6.0E-4
3079	6.0E-4
308	0.0116
3080	6.0E-4
3081	6.0E-4
3082	6.0E-4
3083	6.0E-4
3084	6.0E-4
3085	6.0E-4
3086	6.0E-4
3087	6.0E-4
3088	0.7543
3089	2.9784
309	1.1127
3090	0.2612
3091	0.2612
3092	0.2612
3093	0.2612
3094	0.2682
3095	0.5279
3096	0.2612
3097	0.288
3098	0.4648
3099	0.4337
31	2.0368
310	0.9111
3100	0.4337
3101	0.4337
3102	0.2912
3103	0.2912
3104	0.3223
3105	0.4337
3106	0.4337
3107	0.4423
3108	0.4337
3109	0.5459
311	0.9148
3110	0.4337
3111	1.5039
3112	0.4131
3113	0.4055
3114	0.0684
3115	0.0773
3116	0.0684
3117	0.1693
3118	0.0684
3119	0.3836
312	0.9562
3120	0.0779
3121	0.0014
3122	3.0E-4
3123	4.0E-4
3124	3.0E-4
3125	0.0011
3126	8.0E-4
3127	8.0E-4
3128	9.0E-4
3129	1.0063
313	0.9111
3130	0.0077
3131	0.0077
3132	0.0077
3133	0.0069
3134	0.0069
3135	0.0069
3136	0.0069
3137	0.0069
3138	0.0069
3139	0.0264
314	0.9111
3140	0.5646
3141	0.5646
3142	0.5646
3143	0.5646
3144	0.5646
3145	0.5646
3146	0.5646
3147	0.5646
3148	0.5646
3149	0.5646
315	0.9111
3150	0.5646
3151	0.5646
3152	0.001
3153	3.0E-4
3154	3.0E-4
3155	3.0E-4
3156	0.0783
3157	0.0083
3158	0.0042
3159	0.01
316	0.9111
3160	0.0042
3161	0.0088
3162	0.0042
3163	1.0614
3164	0.2962
3165	0.0042
3166	0.0042
3167	0.018
3168	0.018
3169	0.0194
317	0.9111
3170	0.1332
3171	0.1353
3172	0.1353
3173	0.1332
3174	4.0E-4
3175	4.0E-4
3176	4.0E-4
3177	0.046
3178	0.046
3179	0.046
318	0.9111
3180	0.0619
3181	0.6427
3182	2.2972
3183	0.0796
3184	1.3982
3185	0.046
3186	3.3958
3187	0.0745
3188	2.2969
3189	0.9708
319	0.9111
3190	0.9708
3191	0.0631
3192	0.046
3193	0.046
3194	0.046
3195	0.046
3196	0.2763
3197	0.0
3198	0.0
3199	0.0
32	3.4493
320	1.1015
3200	0.0
3201	0.0
3202	0.0
3203	0.0
3204	0.0
3205	0.0
3206	0.0
3207	0.0
3208	0.0
3209	0.0
321	0.1009
3210	0.0
3211	0.0
3212	0.0
3213	0.0
3214	0.0
3215	0.0
3216	0.0
3217	0.0
3218	0.0
3219	0.0
322	0.1015
3220	9.1548
3221	7.0889
3222	2.2627
3223	5.0217
3224	7.7778
3225	3.8728
3226	6.3999
3227	12.1407
3228	5.711
3229	3.413
323	0.1015
3230	0.0
3231	0.0
3232	0.0
3233	0.0014
3234	0.0014
3235	0.0014
3236	9.0E-4
3237	9.0E-4
3238	0.0156
3239	0.011
324	0.0307
3240	0.011
3241	9.0E-4
3242	9.0E-4
3243	9.0E-4
3244	9.0E-4
3245	9.0E-4
3246	9.0E-4
3247	9.0E-4
3248	9.0E-4
3249	9.0E-4
325	0.0319
3250	9.0E-4
3251	9.0E-4
3252	9.0E-4
3253	9.0E-4
3254	9.0E-4
3255	9.0E-4
3256	9.0E-4
3257	9.0E-4
3258	9.0E-4
3259	9.0E-4
326	0.0319
3260	9.0E-4
3261	9.0E-4
3262	9.0E-4
3263	9.0E-4
3264	9.0E-4
3265	9.0E-4
3266	9.0E-4
3267	0.0
3268	0.0
3269	0.0
327	0.0319
3270	0.0
3271	0.0
3272	0.0
3273	0.0
3274	3.6332
3275	0.0
3276	0.0011
3277	0.0011
3278	0.0011
3279	0.0
328	0.0319
3280	0.0
3281	0.0
3282	0.0
3283	0.0
3284	0.0
3285	0.0
3286	0.0
3287	0.0
3288	0.0
3289	0.0
329	0.0319
3290	0.0
3291	0.0
3292	0.0
3293	0.0
3294	0.0
3295	0.0
3296	0.0
3297	0.0
3298	0.0
3299	0.0
33	4.5875
330	0.0319
3300	0.0037
3301	0.0037
3302	0.0037
3303	0.0012
3304	0.0012
3305	0.0012
3306	0.0012
3307	0.0012
3308	0.0012
3309	0.0012
331	0.0973
3310	0.0012
3311	0.0012
3312	0.0012
3313	9.0E-4
3314	9.0E-4
3315	9.0E-4
3316	9.0E-4
3317	9.0E-4
3318	9.0E-4
3319	0.001
332	0.1169
3320	0.001
3321	0.0011
3322	0.029
3323	0.029
3324	0.029
3325	0.029
3326	0.029
3327	0.029
3328	0.029
3329	1.0E-4
333	0.0091
3330	1.0E-4
3331	1.0E-4
3332	1.0E-4
3333	1.0E-4
3334	1.0E-4
3335	1.0E-4
3336	1.0E-4
3337	1.0E-4
3338	1.0E-4
3339	1.0E-4
334	0.1918
3340	1.0E-4
3341	0.0
3342	0.0
3343	0.0
3344	0.0
3345	0.0
3346	0.0
3347	0.0
3348	0.0
3349	0.0
335	0.1918
3350	0.0
3351	1.0E-4
3352	1.0E-4
3353	1.0E-4
3354	1.0E-4
3355	1.0E-4
3356	2.0E-4
3357	0.0
3358	0.0
3359	0.0
336	0.1918
3360	0.0
3361	0.0
3362	0.0
3363	0.0
3364	0.0
3365	0.0
3366	0.0
3367	0.0
3368	0.0
3369	0.0
337	0.8061
3370	0.0
3371	0.0
3372	0.0
3373	0.0
3374	0.0
3375	0.0
3376	0.0
3377	0.0
3378	0.0
3379	0.0
338	0.8061
3380	0.0
3381	0.0
3382	0.0
3383	0.0
3384	0.0
3385	0.0
3386	0.0
3387	0.0
3388	0.0
3389	0.0
339	0.8061
3390	0.0
3391	0.0
3392	0.0
3393	0.0
3394	0.0
3395	0.0
3396	0.0
3397	0.0
3398	0.0
3399	0.0
34	2.1304
340	0.0141
3400	0.0
3401	0.0
3402	0.0
3403	0.0
3404	0.0
3405	0.0
3406	0.0
3407	0.0
3408	0.0
3409	0.0
341	0.0249
3410	0.0
3411	0.0
3412	0.0
3413	0.0
3414	0.0
3415	0.0
3416	0.0
3417	0.0
3418	0.0
3419	0.0
342	0.0012
3420	0.0
3421	0.0
3422	0.0
3423	0.0
3424	0.0
3425	0.0
3426	0.0
3427	0.0
3428	0.0
3429	0.0
343	0.0012
3430	0.0
3431	0.0
3432	0.0
3433	0.0
3434	0.0
3435	0.0
3436	0.0
3437	0.0
3438	0.0
3439	0.0
344	0.0573
3440	0.0
3441	0.0
3442	0.0
3443	0.0
3444	0.0
3445	0.0
3446	0.0
3447	0.0
3448	0.0
3449	0.0
345	4.0E-4
3450	0.0
3451	0.0
3452	0.0
3453	0.0
3454	0.0
3455	0.0
3456	0.0
3457	0.0
3458	0.0
3459	0.0
346	4.0E-4
3460	0.0
3461	0.0
3462	0.0
3463	0.0
3464	0.0
3465	0.0
3466	0.0
3467	0.0
3468	0.0
3469	0.0
347	4.0E-4
3470	0.0
3471	3.0E-4
3472	3.0E-4
3473	3.0E-4
3474	3.0E-4
3475	3.0E-4
3476	3.0E-4
3477	3.0E-4
3478	3.0E-4
3479	1.0696
348	9.0E-4
3480	1.0696
3481	1.0696
3482	1.0696
3483	1.0696
3484	1.0696
3485	1.0696
3486	1.0696
3487	1.0696
3488	1.0696
3489	0.0
349	4.0E-4
3490	0.0
3491	0.0
3492	1.0E-4
3493	1.0E-4
3494	1.0E-4
3495	0.0
3496	0.0
3497	0.0
3498	0.0
3499	0.0
35	2.457
350	8.0E-4
3500	0.0
3501	0.0
3502	0.0
3503	0.0
3504	0.0
3505	0.0
3506	0.0
3507	0.0
3508	0.0
3509	0.0
351	4.0E-4
3510	0.0
3511	0.0087
3512	0.0786
3513	0.0027
3514	1.0147
3515	0.0016
3516	0.0016
3517	0.004
3518	0.004
3519	0.004
352	4.0E-4
3520	8.0E-4
3521	3.0E-4
3522	8.0E-4
3523	3.0E-4
3524	3.0E-4
3525	3.0E-4
3526	3.0E-4
3527	3.0E-4
3528	3.0E-4
3529	3.0E-4
353	4.0E-4
3530	3.0E-4
3531	3.0E-4
3532	0.0017
3533	3.0E-4
3534	0.0017
3535	3.0E-4
3536	3.0E-4
3537	3.0E-4
3538	3.0E-4
3539	3.0E-4
354	4.0E-4
3540	3.0E-4
3541	3.0E-4
3542	3.0E-4
3543	3.0E-4
3544	3.0E-4
3545	3.0E-4
3546	3.0E-4
3547	3.0E-4
3548	3.0E-4
3549	3.0E-4
355	4.0E-4
3550	3.0E-4
3551	3.0E-4
3552	3.0E-4
3553	3.0E-4
3554	3.0E-4
3555	8.0E-4
3556	3.0E-4
3557	3.0E-4
3558	3.0E-4
3559	3.0E-4
356	2.3383
3560	3.0E-4
3561	3.0E-4
3562	3.0E-4
3563	3.0E-4
3564	0.0013
3565	0.0013
3566	0.0013
3567	0.0013
3568	0.0013
3569	0.0013
357	2.1339
3570	0.0013
3571	0.0013
3572	0.0013
3573	0.0013
3574	0.001
3575	0.001
3576	0.001
3577	0.001
3578	0.001
3579	0.001
358	0.4555
3580	0.0011
3581	0.0011
3582	0.0012
3583	0.0202
3584	1.239
3585	1.4292
3586	1.8802
3587	1.4292
3588	0.032
3589	0.032
359	0.6524
3590	0.055
3591	0.0565
3592	0.0565
3593	0.0565
3594	0.0714
3595	0.0714
3596	0.0714
3597	0.0453
3598	0.0714
3599	0.0714
36	5.4854
360	0.4555
3600	0.6046
3601	0.0477
3602	0.3091
3603	0.0665
3604	0.0682
3605	0.2327
3606	0.2327
3607	0.0144
3608	0.0352
3609	0.0144
361	0.4555
3610	0.0352
3611	0.0215
3612	0.0215
3613	0.1869
3614	0.0352
3615	0.1187
3616	0.1553
3617	0.0291
3618	0.0291
3619	0.0291
362	1.1202
3620	0.0291
3621	0.0291
3622	0.0291
3623	0.0291
3624	0.0657
3625	0.0291
3626	0.0588
3627	0.0367
3628	0.0367
3629	0.0367
363	0.0294
3630	0.0367
3631	0.0367
3632	0.0367
3633	0.0367
3634	0.0465
3635	0.0465
3636	0.0465
3637	0.0731
3638	0.0165
3639	0.0165
364	0.0294
3640	0.0165
3641	0.0165
3642	0.0165
3643	2.0896
3644	2.0896
3645	1.9595
3646	1.9595
3647	1.9595
3648	1.9595
3649	0.0153
365	0.0455
3650	0.0153
3651	0.0153
3652	0.0153
3653	0.0153
3654	0.0153
3655	0.0153
3656	0.0153
3657	0.0153
3658	0.0153
3659	0.0303
366	0.0294
3660	0.0146
3661	0.0146
3662	0.0146
3663	0.0146
3664	0.629
3665	0.0
3666	0.0
3667	0.0
3668	0.0
3669	0.0
367	0.0294
3670	0.0
3671	0.0
3672	0.0
3673	0.0
3674	0.0
3675	0.0
3676	0.0
3677	0.0
3678	0.0
3679	0.0
368	0.0294
3680	0.0
3681	0.0
3682	0.0
3683	0.0
3684	0.0
3685	0.0
3686	0.0
3687	0.0
3688	0.0
3689	0.0
369	1.2418
3690	0.0
3691	0.0
3692	0.0
3693	0.0
3694	0.0
3695	0.0
3696	0.0
3697	0.0
3698	0.0
3699	0.0
37	25.2637
370	5.0E-4
3700	5.0E-4
3701	0.0014
3702	0.0778
3703	4.0E-4
3704	0.017
3705	0.0665
3706	0.0373
3707	0.0159
3708	0.0159
3709	0.0095
371	0.0048
3710	0.0082
3711	0.0159
3712	0.0082
3713	0.0125
3714	0.0125
3715	0.0125
3716	0.004
3717	0.004
3718	0.0055
3719	0.0052
372	5.0E-4
3720	0.0054
3721	0.0024
3722	0.0024
3723	0.0014
3724	0.0014
3725	0.0014
3726	0.0047
3727	0.0047
3728	0.0047
3729	1.1819
373	5.0E-4
3730	0.0014
3731	0.0014
3732	0.0014
3733	0.2588
3734	1.0189
3735	0.274
3736	0.2588
3737	0.0288
3738	0.0941
3739	0.1086
374	4.0E-4
3740	0.2556
3741	0.0632
3742	1.6588
3743	0.0288
3744	0.0288
3745	0.0288
3746	0.0288
3747	0.0288
3748	0.0098
3749	0.0134
375	4.0E-4
3750	0.0098
3751	0.0086
3752	0.0086
3753	0.0086
3754	0.0086
3755	0.0086
3756	0.0086
3757	0.0086
3758	0.0086
3759	0.0316
376	5.0E-4
3760	0.0316
3761	0.0316
3762	0.2014
3763	0.2014
3764	0.2014
3765	0.2014
3766	1.288
3767	1.288
3768	0.0159
3769	0.0159
377	5.0E-4
3770	0.0159
3771	0.0159
3772	0.0159
3773	1.3687
3774	1.3687
3775	1.3687
3776	1.3687
3777	0.0194
3778	0.0194
3779	0.0194
378	5.0E-4
3780	0.0194
3781	0.9668
3782	1.2948
3783	0.9668
3784	0.9668
3785	0.9668
3786	0.9668
3787	0.017
3788	0.0214
3789	1.192
379	5.0E-4
3790	1.192
3791	1.192
3792	0.404
3793	0.404
3794	0.404
3795	0.404
3796	0.404
3797	0.404
3798	0.404
3799	0.404
38	23.2346
380	4.0E-4
3800	0.0
3801	0.0
3802	0.0
3803	0.0
3804	0.0
3805	0.0
3806	0.0
3807	0.0
3808	3.6332
3809	0.0
381	4.0E-4
3810	0.0011
3811	0.0011
3812	0.0011
3813	0.0
3814	0.0
3815	0.0
3816	0.0
3817	0.0
3818	0.0
3819	0.0
382	0.036
3820	0.0
3821	0.0
3822	0.0
3823	0.0
3824	0.0
3825	0.0
3826	0.0
3827	0.0
3828	0.0
3829	0.0
383	0.036
3830	0.0
3831	0.0
3832	0.0
3833	0.0
3834	10.7192
3835	5.0847
3836	2.0265
3837	0.8365
3838	0.5263
3839	0.4203
384	0.0677
3840	0.3977
3841	0.3895
3842	0.3885
3843	0.3882
3844	0.3882
3845	0.3882
3846	0.3882
3847	0.3882
3848	0.3882
3849	0.3882
385	0.0677
3850	0.3882
3851	0.3882
3852	0.3882
3853	0.3882
3854	0.3882
3855	0.3882
3856	0.3882
3857	0.3882
3858	0.3882
3859	0.3882
386	0.0677
3860	0.3882
3861	0.3882
3862	0.3882
3863	0.3882
3864	0.3882
3865	0.3882
3866	0.3885
3867	0.3894
3868	0.3966
3869	0.4197
387	0.1516
3870	0.5366
3871	1.0165
3872	2.8173
3873	8.135
3874	0.2238
3875	8.3467
3876	4.0304
3877	1.6619
3878	0.7357
3879	0.4935
388	0.0406
3880	0.4111
3881	0.3933
3882	0.387
3883	0.3862
3884	0.3859
3885	0.3859
3886	0.3859
3887	0.3859
3888	0.3859
3889	0.3859
389	0.0947
3890	0.3859
3891	0.3859
3892	0.3859
3893	0.3859
3894	0.3859
3895	0.3859
3896	0.3859
3897	0.3859
3898	0.3862
3899	0.3868
39	6.1542
390	0.0031
3900	0.3925
3901	0.4107
3902	0.5019
3903	0.8765
3904	2.2667
3905	6.3435
3906	0.2222
3907	2.7939
3908	1.5505
3909	0.794
391	0.0721
3910	0.4848
3911	0.4037
3912	0.3827
3913	0.4075
3914	0.5335
3915	0.9646
3916	2.1492
3917	0.2079
3918	5.9714
3919	2.9733
392	0.0022
3920	1.2952
3921	0.6329
3922	0.4588
3923	0.3999
3924	0.3871
3925	0.3825
3926	0.3819
3927	0.3818
3928	0.3818
3929	0.3818
393	0.0022
3930	0.3818
3931	0.3818
3932	0.3819
3933	0.3824
3934	0.3865
3935	0.3997
3936	0.4651
3937	0.7344
3938	1.7138
3939	4.5498
394	0.0022
3940	0.2193
3941	9.1379
3942	4.382
3943	1.7836
3944	0.7695
3945	0.5046
3946	0.4143
3947	0.3949
3948	0.3879
3949	0.3871
395	0.0022
3950	0.3868
3951	0.3868
3952	0.3868
3953	0.3868
3954	0.3868
3955	0.3868
3956	0.3868
3957	0.3868
3958	0.3868
3959	0.3868
396	0.0031
3960	0.3868
3961	0.3868
3962	0.3868
3963	0.3868
3964	0.3868
3965	0.3868
3966	0.3868
3967	0.3871
3968	0.3878
3969	0.394
397	0.0022
3970	0.4138
3971	0.5136
3972	0.9234
3973	2.4504
3974	6.941
3975	0.2228
3976	4.6501
3977	2.3838
3978	1.0894
3979	0.5738
398	0.0022
3980	0.4377
3981	0.3919
3982	0.3818
3983	0.3782
3984	0.3777
3985	0.3777
3986	0.3781
3987	0.3813
3988	0.3917
3989	0.4429
399	0.0047
3990	0.6535
3991	1.4047
3992	3.5518
3993	0.2165
3994	7.5551
3995	3.6784
3996	1.54
3997	0.7017
3998	0.4823
3999	0.4076
4	0.009
40	8.9118
400	0.0022
4000	0.3916
4001	0.3858
4002	0.385
4003	0.3848
4004	0.3848
4005	0.3848
4006	0.3848
4007	0.3848
4008	0.3848
4009	0.3848
401	0.0021
4010	0.3848
4011	0.3848
4012	0.3848
4013	0.3848
4014	0.385
4015	0.3857
4016	0.3908
4017	0.4073
4018	0.4899
4019	0.8294
402	0.0022
4020	2.0827
4021	5.7459
4022	0.2215
4023	14.1475
4024	6.6071
4025	2.5519
4026	0.981
4027	0.5724
4028	0.4323
4029	0.4027
403	0.0022
4030	0.3919
4031	0.3906
4032	0.3902
4033	0.3902
4034	0.3902
4035	0.3902
4036	0.3902
4037	0.3902
4038	0.3902
4039	0.3902
404	0.0031
4040	0.3902
4041	0.3902
4042	0.3902
4043	0.3902
4044	0.3902
4045	0.3902
4046	0.3902
4047	0.3902
4048	0.3902
4049	0.3902
405	0.0022
4050	0.3902
4051	0.3902
4052	0.3902
4053	0.3902
4054	0.3902
4055	0.3902
4056	0.3902
4057	0.3902
4058	0.3902
4059	0.3902
406	0.0031
4060	0.3902
4061	0.3902
4062	0.3902
4063	0.3902
4064	0.3902
4065	0.3902
4066	0.3902
4067	0.3902
4068	0.3906
4069	0.3917
407	0.0021
4070	0.4012
4071	0.4316
4072	0.5856
4073	1.2176
4074	3.6117
4075	10.7234
4076	0.2252
4077	6.7636
4078	3.3261
4079	1.4178
408	0.0021
4080	0.6675
4081	0.4708
4082	0.404
4083	0.3895
4084	0.3843
4085	0.3837
4086	0.3835
4087	0.3835
4088	0.3835
4089	0.3835
409	0.0443
4090	0.3835
4091	0.3835
4092	0.3835
4093	0.3835
4094	0.3837
4095	0.3842
4096	0.3889
4097	0.4037
4098	0.4777
4099	0.7822
41	6.0149
410	0.0443
4100	1.8985
4101	5.1481
4102	0.2205
4103	4.1208
4104	2.1471
4105	1.0062
4106	0.5495
4107	0.4285
4108	0.388
4109	0.3789
411	0.0443
4110	0.3759
4111	0.3758
4112	0.3785
4113	0.3878
4114	0.4332
4115	0.6203
4116	1.2802
4117	3.152
4118	0.2148
4119	0.0
412	0.0443
4120	0.0
4121	0.0027
4122	0.0061
4123	0.0061
4124	0.0
4125	0.0
4126	0.0
4127	0.0
4128	0.0
4129	0.0
413	0.0443
4130	0.0
4131	0.0
4132	0.0
4133	0.0
4134	0.0
4135	0.0
4136	0.0
4137	0.0
4138	0.0
4139	4.3734
414	0.0443
4140	2.2639
4141	1.0687
4142	0.5968
4143	0.4729
4144	0.4318
4145	0.4227
4146	0.4196
4147	0.4196
4148	0.4223
4149	0.4318
415	0.0316
4150	0.4789
4151	0.6754
4152	1.3719
4153	3.3677
4154	5.0E-4
4155	5.0E-4
4156	5.0E-4
4157	5.0E-4
4158	5.0E-4
4159	5.0E-4
416	0.1938
4160	0.0
4161	0.0
4162	0.0
4163	0.0
4164	0.0
4165	0.0
4166	0.0
4167	0.0
4168	0.0
4169	0.0
417	5.0E-4
4170	0.0
4171	0.0
4172	0.0
4173	0.0
4174	0.0
4175	0.0
4176	0.0
4177	0.0
4178	0.0
4179	0.0
418	5.0E-4
4180	0.0
4181	0.0
4182	0.0
4183	0.0
4184	0.0
4185	0.0
4186	0.0
4187	0.0
4188	0.0
4189	0.0
419	5.0E-4
4190	0.0
4191	0.0
4192	0.0
4193	0.0
4194	0.0
4195	0.0
4196	0.0
4197	0.0
4198	0.0
4199	0.0
42	7.7199
420	5.0E-4
4200	0.0
4201	0.0
4202	0.0
4203	0.0
4204	0.0
4205	0.0
4206	0.0
4207	0.0
4208	0.0
4209	0.0
421	5.0E-4
4210	0.0
4211	0.0
4212	0.0
4213	0.0
4214	0.0
4215	0.0
4216	0.0
4217	0.0
4218	0.0
4219	0.0
422	5.0E-4
4220	0.0
4221	0.0
4222	0.0
4223	0.0
4224	0.0
4225	0.0
4226	0.0
4227	0.0
4228	0.0
4229	0.0
423	5.0E-4
4230	0.0
4231	0.0
4232	0.0
4233	0.0
4234	0.0
4235	0.0
4236	0.0
4237	0.0
4238	0.0
4239	0.0
424	5.0E-4
4240	0.0
4241	0.0
4242	0.0
4243	0.0
4244	0.0
4245	0.0
4246	0.0
4247	0.0
4248	0.0
4249	0.0
425	1.6887
4250	0.0
4251	0.0
4252	0.0
4253	0.0
4254	0.0
4255	0.0
4256	0.0
4257	0.0
4258	0.0
4259	0.0
426	0.6361
4260	0.0
4261	0.0
4262	0.0
4263	0.0
4264	0.0
4265	0.0
4266	0.0
4267	0.0
4268	0.0
4269	0.0
427	0.4625
4270	0.0
4271	0.0
4272	0.0
4273	0.0
4274	0.0
4275	0.0
4276	0.0
4277	0.0
4278	0.0
4279	0.0
428	0.0733
4280	0.0
4281	0.0
4282	0.0
4283	0.0
4284	0.0
4285	0.0
4286	0.0
4287	0.0
4288	0.0
4289	0.0
429	0.4603
4290	0.0
4291	0.0
4292	0.0
4293	0.0
4294	0.0
4295	0.0
4296	0.0
4297	0.0
4298	0.0
4299	0.0
43	19.0057
430	0.9711
4300	0.0
4301	0.0
4302	0.0
4303	0.0
4304	0.0
4305	0.0
4306	0.0
4307	0.0
4308	0.0
4309	0.0
431	0.0259
4310	0.0
4311	0.0
4312	0.0
4313	0.0
4314	0.0
4315	0.0
4316	0.0
4317	0.0
4318	0.0
4319	0.0
432	0.0021
4320	0.0
4321	0.0
4322	0.0
4323	0.0
4324	0.0
4325	0.0
4326	0.0
4327	0.0
4328	0.0
4329	0.0
433	0.0282
4330	0.0
4331	0.0
4332	0.0
4333	0.0
4334	0.0
4335	0.0
4336	0.0
4337	0.0
4338	0.0
4339	0.0
434	0.0282
4340	0.0
4341	0.0
4342	0.0
4343	0.0
4344	0.0
4345	0.0
4346	0.0
4347	0.0
4348	0.0
4349	0.0
435	0.0264
4350	0.0
4351	0.0
4352	0.0
4353	0.0
4354	0.0
4355	0.0
4356	0.0
4357	0.0
4358	0.0
4359	0.0
436	0.0264
4360	0.0
4361	0.0
4362	0.0
4363	0.0
4364	0.0
4365	0.0
4366	0.0
4367	0.0
4368	0.0
4369	0.0
437	0.0264
4370	0.0
4371	0.0
4372	0.0
4373	0.0
4374	0.0
4375	0.0
4376	0.0
4377	0.0
4378	0.0
4379	0.0
438	0.0264
4380	0.0
4381	0.0
4382	0.0
4383	0.0
4384	0.0
4385	0.0
4386	0.0
4387	0.0
4388	0.0
4389	0.0
439	0.0264
4390	0.0
4391	0.0
4392	0.0
4393	0.0
4394	0.0
4395	0.0
4396	0.0
4397	0.0
4398	0.0
4399	0.0
44	5.0277
440	0.0267
4400	0.0
4401	0.0
4402	0.0
4403	0.0
4404	0.0
4405	0.0
4406	0.0
4407	0.0
4408	0.0
4409	0.0
441	0.0027
4410	0.0
4411	0.0
4412	0.0
4413	0.0
4414	0.0
4415	0.0
4416	0.0
4417	0.0
4418	0.0
4419	0.0
442	0.0033
4420	0.0
4421	0.0
4422	0.0
4423	0.0
4424	0.0
4425	0.0
4426	0.0
4427	0.0
4428	0.0
4429	0.0
443	0.0033
4430	0.0
4431	0.0
4432	0.0
4433	0.0
4434	0.0
4435	0.0
4436	3.0E-4
4437	3.0E-4
4438	1.0E-4
4439	3.0E-4
444	0.0033
4440	3.0E-4
4441	3.0E-4
4442	3.0E-4
4443	1.0E-4
4444	1.0E-4
4445	1.0E-4
4446	2.0E-4
4447	3.0E-4
4448	1.0E-4
4449	1.0E-4
445	0.0383
4450	2.0E-4
4451	0.0
4452	0.0
4453	0.0
4454	0.0
4455	0.0
4456	0.0
4457	0.0
4458	3.6332
4459	0.0
446	0.0388
4460	0.0011
4461	0.0011
4462	0.0011
4463	0.0
4464	0.0
4465	0.0
4466	0.0
4467	0.0
4468	0.0
4469	0.0
447	0.0383
4470	0.0
4471	0.0
4472	0.0
4473	0.0
4474	0.0
4475	0.0
4476	0.0
4477	0.0
4478	0.0
4479	0.0
448	0.0687
4480	0.0
4481	0.0
4482	0.0
4483	0.0
4484	0.6302
4485	2.0146
4486	0.0
4487	0.0
4488	0.0
4489	0.0
449	0.0448
4490	0.0
4491	0.0
4492	0.0
4493	0.0
4494	0.0
4495	0.0
4496	0.0
4497	0.0
4498	0.0
4499	0.0
45	2.8704
450	0.0286
4500	0.0
4501	0.0
4502	0.0
4503	0.0
4504	0.0
4505	0.0
4506	0.0
4507	0.0
4508	0.0
4509	0.0
451	0.0265
4510	0.0
4511	0.0
4512	0.0
4513	0.0
4514	0.0
4515	0.0
4516	0.0
4517	0.0
4518	0.0
4519	0.0
452	0.0195
4520	0.0
4521	0.0
4522	0.0
4523	0.0
4524	0.0
4525	0.0
4526	0.0
4527	0.0
4528	0.0
4529	0.0
453	0.0177
4530	0.0
4531	0.0
4532	0.0
4533	0.0
4534	0.0
4535	0.0
4536	0.0
4537	0.0
4538	0.0
4539	0.0
454	0.0177
4540	0.0
4541	0.0
4542	0.0
4543	0.0
4544	0.0
4545	0.0
4546	0.0
4547	0.0
4548	0.0
4549	0.0
455	0.0177
4550	0.0
4551	0.0
4552	0.0
4553	0.0
4554	0.0
4555	0.0
4556	0.0
4557	0.0
4558	0.0
4559	0.0
456	0.0177
4560	0.0
4561	0.0
4562	0.0
4563	0.0
4564	0.0
4565	0.0
4566	0.0
4567	0.0
4568	0.0
4569	0.0
457	0.2049
4570	0.0
4571	0.0
4572	0.0
4573	0.0
4574	0.0
4575	0.0
4576	0.0
4577	0.0
4578	0.0
4579	0.0
458	0.2049
4580	0.0
4581	0.0
4582	0.0
4583	0.0
4584	0.0
4585	0.0
4586	0.0
4587	0.0
4588	0.0
4589	0.0
459	0.2049
4590	0.0
4591	0.0
4592	0.0
4593	0.0
4594	0.0
4595	0.0
4596	0.0
4597	0.0
4598	0.0
4599	0.0
46	5.5479
460	0.188
4600	0.0
4601	0.0
4602	0.0
4603	0.0
4604	0.0
4605	0.0
4606	0.0
4607	0.0
4608	0.0
4609	0.0
461	0.2049
4610	0.0
4611	0.0
4612	0.0
4613	0.0
4614	0.0
4615	0.0
4616	0.0
4617	0.0
4618	0.0
4619	0.0
462	0.2061
4620	0.0
4621	0.0
4622	0.0
4623	0.0
4624	0.0
4625	0.0
4626	0.0
4627	0.0
4628	0.0
4629	0.0
463	0.2061
4630	0.0
4631	0.0
4632	0.0
4633	0.0
4634	0.0
4635	0.0
4636	0.0
4637	0.0
4638	0.0
4639	0.0
464	0.2061
4640	0.0
4641	0.0
4642	0.0
4643	0.0
4644	0.0
4645	0.0
4646	0.0
4647	0.0
4648	0.0
4649	0.0
465	0.2049
4650	0.0
4651	0.0
4652	0.0
4653	0.0
4654	0.0
4655	0.0
4656	0.0
4657	0.0
4658	0.0
4659	0.0
466	0.2049
4660	0.0
4661	0.0
4662	0.0
4663	0.0
4664	0.0
4665	0.0
4666	0.0
4667	0.0
4668	0.0
4669	0.0
467	0.2235
4670	0.0
4671	0.0
4672	0.0
4673	0.0
4674	0.0
4675	0.0
4676	0.0
4677	0.0
4678	0.0
4679	0.0
468	0.2235
4680	0.0
4681	0.0
4682	0.0
4683	0.0
4684	0.0
4685	0.0
4686	0.0
4687	0.0
4688	0.0
4689	0.0
469	0.0606
4690	0.0
4691	0.0
4692	0.0
4693	0.0
4694	0.0
4695	0.0
4696	0.0
4697	0.0
4698	0.0
4699	0.0
47	1.4282
470	0.0495
4700	0.0
4701	0.0
4702	0.0
4703	0.0
4704	0.0
4705	0.0
4706	0.0
4707	0.0
4708	0.0
4709	0.0
471	0.0495
4710	0.0
4711	0.0
4712	0.0
4713	0.0
4714	0.0
4715	0.0
4716	0.0
4717	0.0
4718	0.0
4719	0.0
472	0.0495
4720	0.0
4721	0.0
4722	0.0
4723	0.0
4724	0.0
4725	0.0
4726	0.0
4727	0.0
4728	0.0
4729	0.0
473	0.0447
4730	0.0
4731	0.0
4732	0.0
4733	0.0
4734	0.0
4735	0.0
4736	0.0
4737	0.0
4738	0.0
4739	0.0
474	0.0647
4740	0.0
4741	0.0
4742	0.0
4743	0.0
4744	0.0
4745	0.0
4746	0.0
4747	0.0
4748	0.0
4749	0.0
475	0.0166
4750	0.0
4751	0.0
4752	0.0
4753	0.0
4754	0.0
4755	0.0
4756	0.0
4757	0.0
4758	0.0
4759	0.0
476	0.0159
4760	0.0
4761	0.0
4762	3.0E-4
4763	3.0E-4
4764	1.0E-4
4765	3.0E-4
4766	3.0E-4
4767	3.0E-4
4768	3.0E-4
4769	1.0E-4
477	0.016
4770	1.0E-4
4771	1.0E-4
4772	2.0E-4
4773	4.0E-4
4774	0.2123
4775	0.1902
4776	0.7682
4777	0.7682
4778	0.1343
4779	0.1343
478	0.016
4780	0.1343
4781	0.1122
4782	0.1122
4783	0.1122
4784	0.1209
4785	0.1438
4786	0.1438
4787	0.1484
4788	0.1484
4789	0.1122
479	0.1592
4790	0.1233
4791	0.1122
4792	0.1233
4793	0.0026
4794	0.0024
4795	0.0024
4796	0.0024
4797	0.0024
4798	0.0024
4799	0.059
48	3.1754
480	0.2392
4800	0.0024
4801	0.007
4802	0.0086
4803	0.0086
4804	0.0086
4805	0.0764
4806	1.4223
4807	0.0382
4808	0.0382
4809	0.0764
481	0.1584
4810	3.0124
4811	0.051
4812	0.2245
4813	0.0071
4814	0.0081
4815	0.3195
4816	0.0208
4817	0.0208
4818	0.0208
4819	1.1286
482	0.0679
4820	0.0208
4821	0.0054
4822	0.0054
4823	0.0054
4824	0.0054
4825	0.0054
4826	0.0054
4827	0.0054
4828	0.0265
4829	0.0265
483	0.066
4830	0.0115
4831	0.0077
4832	0.0077
4833	0.1035
4834	0.1035
4835	0.1035
4836	0.1035
4837	0.1035
4838	0.0377
4839	0.0065
484	0.066
4840	0.0262
4841	0.0262
4842	0.0262
4843	0.0089
4844	0.0221
4845	0.0044
4846	0.0044
4847	0.0044
4848	0.3458
4849	0.3458
485	0.0564
4850	0.3458
4851	0.2598
4852	0.2598
4853	0.2598
4854	0.0156
4855	0.0156
4856	0.0156
4857	0.0278
4858	0.0278
4859	0.0278
486	0.0518
4860	0.0836
4861	0.0836
4862	0.6301
4863	0.0077
4864	0.0077
4865	0.0203
4866	0.0077
4867	0.0184
4868	0.0148
4869	0.0203
487	0.0518
4870	0.0203
4871	2.0E-4
4872	2.0E-4
4873	2.0E-4
4874	2.0E-4
4875	2.0E-4
4876	2.0E-4
4877	2.0E-4
4878	2.0E-4
4879	2.0E-4
488	0.0518
4880	2.0E-4
4881	2.0E-4
4882	2.0E-4
4883	2.0E-4
4884	2.0E-4
4885	2.0E-4
4886	2.0E-4
4887	2.0E-4
4888	2.0E-4
4889	2.0E-4
489	0.0518
4890	2.0E-4
4891	2.0E-4
4892	2.0E-4
4893	2.0E-4
4894	2.0E-4
4895	2.0E-4
4896	2.0E-4
4897	2.0E-4
4898	2.0E-4
4899	2.0E-4
49	1.4273
490	0.0518
4900	2.0E-4
4901	2.0E-4
4902	2.0E-4
4903	2.0E-4
4904	2.0E-4
4905	2.0E-4
4906	2.0E-4
4907	2.0E-4
4908	2.0E-4
4909	2.0E-4
491	0.0518
4910	2.0E-4
4911	2.0E-4
4912	2.0E-4
4913	2.0E-4
4914	2.0E-4
4915	2.0E-4
4916	2.0E-4
4917	2.0E-4
4918	2.0E-4
4919	2.0E-4
492	0.0829
4920	2.0E-4
4921	2.0E-4
4922	2.0E-4
4923	2.0E-4
4924	7.0E-4
4925	7.0E-4
4926	7.0E-4
4927	7.0E-4
4928	7.0E-4
4929	0.0015
493	0.0518
4930	1.0366
4931	1.0366
4932	1.0366
4933	1.0366
4934	1.0366
4935	1.0366
4936	1.0366
4937	0.0356
4938	0.0356
4939	0.0356
494	5.0E-4
4940	0.0356
4941	0.0356
4942	0.0356
4943	0.0356
4944	0.0356
4945	0.0356
4946	0.0356
4947	0.0356
4948	0.0356
4949	0.0356
495	5.0E-4
4950	0.0356
4951	0.0356
4952	0.0356
4953	0.0356
4954	0.0356
4955	0.0356
4956	0.0356
4957	0.0356
4958	0.0356
4959	0.0356
496	0.0042
4960	0.0356
4961	0.0356
4962	0.0356
4963	0.0508
4964	0.0356
4965	0.0356
4966	0.0356
4967	0.0356
4968	0.0356
4969	0.0356
497	5.0E-4
4970	0.0356
4971	0.0356
4972	0.0047
4973	0.0047
4974	0.0047
4975	0.0047
4976	0.0047
4977	0.0047
4978	0.0047
4979	0.0047
498	0.0041
4980	0.0047
4981	0.0047
4982	0.0047
4983	0.0047
4984	0.0047
4985	0.0047
4986	0.0047
4987	0.0047
4988	0.0047
4989	0.0047
499	0.0137
4990	0.0047
4991	0.0047
4992	0.0047
4993	0.0047
4994	0.0047
4995	0.0047
4996	0.0047
4997	0.0047
4998	0.0047
4999	0.0047
5	0.009
50	1.4273
500	0.3562
5000	0.0047
5001	0.0378
5002	0.0378
5003	0.0378
5004	0.0378
5005	0.0378
5006	0.0378
5007	0.0378
5008	1.1395
5009	1.1395
501	0.3459
5010	1.1395
5011	1.1395
5012	1.1395
5013	0.0087
5014	0.0087
5015	0.0087
5016	0.0087
5017	0.0087
5018	0.0087
5019	0.0087
502	0.3402
5020	0.0087
5021	0.0087
5022	0.0087
5023	0.0087
5024	0.0087
5025	0.0087
5026	0.0087
5027	0.0087
5028	0.0087
5029	0.0087
503	0.136
5030	0.0087
5031	0.0087
5032	0.0087
5033	0.0037
5034	0.0037
5035	0.3478
5036	0.0
5037	0.0
5038	0.0
5039	0.0
504	0.136
5040	0.0
5041	0.0
5042	0.0
5043	0.0
5044	0.0
5045	0.0
5046	0.0
5047	0.0
5048	0.0
5049	0.0
505	0.389
5050	0.0
5051	4.3734
5052	2.2639
5053	1.0687
5054	0.5968
5055	0.4729
5056	0.4318
5057	0.4227
5058	0.4196
5059	0.4196
506	0.013
5060	0.4223
5061	0.4318
5062	0.4789
5063	0.6754
5064	1.3719
5065	3.3677
5066	5.0E-4
5067	5.0E-4
5068	5.0E-4
5069	5.0E-4
507	0.013
5070	5.0E-4
5071	5.0E-4
5072	7.9272
5073	5.6691
5074	2.3918
5075	0.8515
5076	0.3316
5077	0.1958
5078	0.1468
5079	0.1373
508	0.013
5080	0.1339
5081	0.1335
5082	0.1334
5083	0.1334
5084	0.1334
5085	0.1334
5086	0.1334
5087	0.1334
5088	0.1334
5089	0.1334
509	0.013
5090	0.1334
5091	0.1334
5092	0.1334
5093	0.1334
5094	0.1334
5095	0.1334
5096	0.1334
5097	0.1334
5098	0.1334
5099	0.1334
510	0.013
5100	0.1334
5101	0.1334
5102	0.1334
5103	0.1335
5104	0.1338
5105	0.1364
5106	0.1433
5107	0.1787
5108	0.2785
5109	0.622
511	0.013
5110	1.5048
5111	2.4226
5112	6.1564
5113	4.4298
5114	1.8914
5115	0.692
5116	0.2877
5117	0.1816
5118	0.1434
5119	0.136
512	0.013
5120	0.1334
5121	0.1331
5122	0.133
5123	0.133
5124	0.133
5125	0.133
5126	0.133
5127	0.133
5128	0.133
5129	0.133
513	0.013
5130	0.133
5131	0.133
5132	0.133
5133	0.133
5134	0.1331
5135	0.1333
5136	0.1353
5137	0.1408
5138	0.1684
5139	0.2463
514	0.013
5140	0.5134
5141	1.1989
5142	1.8971
5143	2.0153
5144	1.5291
5145	0.7181
5146	0.3169
5147	0.1846
5148	0.1573
5149	0.1712
515	0.013
5150	0.257
5151	0.48
5152	0.6663
5153	4.3835
5154	3.189
5155	1.3901
5156	0.5321
5157	0.2433
5158	0.167
5159	0.1397
516	0.013
5160	0.1343
5161	0.1324
5162	0.1322
5163	0.1321
5164	0.1321
5165	0.1321
5166	0.1322
5167	0.1323
5168	0.1338
5169	0.1378
517	0.013
5170	0.1576
5171	0.2135
5172	0.4042
5173	0.8922
5174	1.3708
5175	6.7465
5176	4.843
5177	2.0583
5178	0.7452
5179	0.3023
518	0.013
5180	0.1864
5181	0.1446
5182	0.1365
5183	0.1335
5184	0.1332
5185	0.1331
5186	0.1331
5187	0.1331
5188	0.1331
5189	0.1331
519	0.158
5190	0.1331
5191	0.1331
5192	0.1331
5193	0.1331
5194	0.1331
5195	0.1331
5196	0.1331
5197	0.1331
5198	0.1331
5199	0.1331
52	21.9308
520	0.158
5200	0.1332
5201	0.1334
5202	0.1357
5203	0.1416
5204	0.1718
5205	0.2571
5206	0.5496
5207	1.301
5208	2.0723
5209	3.398
521	0.1161
5210	2.4988
5211	1.111
5212	0.4427
5213	0.2182
5214	0.1585
5215	0.1373
5216	0.133
5217	0.1316
5218	0.1315
5219	0.1326
522	0.1219
5220	0.1358
5221	0.1512
5222	0.195
5223	0.3431
5224	0.7213
5225	1.078
5226	5.5654
5227	4.0163
5228	1.7244
5229	0.6388
523	0.3697
5230	0.2729
5231	0.1768
5232	0.1423
5233	0.1355
5234	0.1331
5235	0.1328
5236	0.1327
5237	0.1327
5238	0.1327
5239	0.1327
524	0.1219
5240	0.1327
5241	0.1327
5242	0.1327
5243	0.1327
5244	0.1327
5245	0.1328
5246	0.133
5247	0.1349
5248	0.1398
5249	0.1648
525	0.1219
5250	0.2354
5251	0.477
5252	1.0968
5253	1.7217
5254	10.4869
5255	7.4598
5256	3.1147
5257	1.0817
5258	0.3948
5259	0.2161
526	3.6737
5260	0.1513
5261	0.1389
5262	0.1345
5263	0.134
5264	0.1338
5265	0.1338
5266	0.1338
5267	0.1338
5268	0.1338
5269	0.1338
527	0.0998
5270	0.1338
5271	0.1338
5272	0.1338
5273	0.1338
5274	0.1338
5275	0.1338
5276	0.1338
5277	0.1338
5278	0.1338
5279	0.1338
528	0.0968
5280	0.1338
5281	0.1338
5282	0.1338
5283	0.1338
5284	0.1338
5285	0.1338
5286	0.1338
5287	0.1338
5288	0.1338
5289	0.1338
529	0.0887
5290	0.1338
5291	0.1338
5292	0.1338
5293	0.1338
5294	0.1338
5295	0.1338
5296	0.1338
5297	0.1338
5298	0.134
5299	0.1343
53	0.9105
530	0.0887
5300	0.1378
5301	0.1468
5302	0.1935
5303	0.3249
5304	0.7787
5305	1.9467
5306	3.1818
5307	4.9748
5308	3.6029
5309	1.5573
531	6.0E-4
5310	0.5855
5311	0.2581
5312	0.1719
5313	0.141
5314	0.1349
5315	0.1328
5316	0.1326
5317	0.1325
5318	0.1325
5319	0.1325
532	0.0201
5320	0.1325
5321	0.1325
5322	0.1325
5323	0.1326
5324	0.1327
5325	0.1344
5326	0.1388
5327	0.1613
5328	0.2245
5329	0.4407
533	6.0E-4
5330	0.9946
5331	1.5463
5332	3.0034
5333	2.2223
5334	0.9991
5335	0.4068
5336	0.2081
5337	0.1549
5338	0.1362
5339	0.1325
534	6.0E-4
5340	0.1322
5341	0.1348
5342	0.1485
5343	0.1874
5344	0.3185
5345	0.6527
5346	0.9607
5347	3.1471
5348	2.3111
5349	1.0368
535	6.0E-4
5350	0.4247
5351	0.2217
5352	0.1676
5353	0.1487
5354	0.1449
5355	0.1447
5356	0.1474
5357	0.1614
5358	0.2016
5359	0.3381
536	1.5582
5360	0.6897
5361	1.0168
5362	2.0E-4
5363	2.0E-4
5364	2.0E-4
5365	2.0E-4
5366	2.0E-4
5367	2.0E-4
5368	2.0E-4
5369	2.0E-4
537	1.5582
5370	2.0E-4
5371	2.0E-4
5372	2.0E-4
5373	2.0E-4
5374	2.0E-4
5375	2.0E-4
5376	2.0E-4
5377	1.0E-4
5378	0.0
5379	1.0E-4
538	1.5586
5380	0.0
5381	1.0E-4
5382	0.0
5383	0.0
5384	0.0
5385	0.0
5386	0.0
5387	0.0
5388	0.0
5389	0.0
539	1.5922
5390	0.0
5391	0.0
5392	0.0
5393	0.0
5394	0.0
5395	0.0
5396	0.0
5397	4.3734
5398	2.2639
5399	1.0687
54	0.8729
540	1.5582
5400	0.5968
5401	0.4729
5402	0.4318
5403	0.4227
5404	0.4196
5405	0.4196
5406	0.4223
5407	0.4318
5408	0.4789
5409	0.6754
541	1.5922
5410	1.3719
5411	3.3677
5412	5.0E-4
5413	5.0E-4
5414	5.0E-4
5415	5.0E-4
5416	5.0E-4
5417	5.0E-4
5418	0.0279
5419	0.0279
542	1.5582
5420	0.0279
5421	2.0E-4
5422	0.1034
5423	0.1034
5424	0.0482
5425	0.0482
5426	0.0135
5427	0.0135
5428	0.0135
5429	5.0E-4
543	1.558
5430	5.0E-4
5431	5.0E-4
5432	5.0E-4
5433	5.0E-4
5434	5.0E-4
5435	0.0725
5436	0.0013
5437	0.0013
5438	0.0026
5439	6.0E-4
544	1.5582
5440	6.0E-4
5441	6.0E-4
5442	0.0318
5443	0.0318
5444	9.0E-4
5445	9.0E-4
5446	9.0E-4
5447	0.041
5448	0.041
5449	1.3811
545	1.6078
5450	1.3811
5451	1.3811
5452	1.3811
5453	1.6198
5454	1.4525
5455	0.9501
5456	3.7718
5457	0.5785
5458	0.5785
5459	0.0547
546	1.5582
5460	0.0221
5461	0.0221
5462	0.0221
5463	0.0221
5464	0.0038
5465	0.0038
5466	0.0029
5467	0.0029
5468	1.9169
5469	0.0222
547	0.1877
5470	1.162
5471	0.0222
5472	7.0E-4
5473	7.0E-4
5474	7.0E-4
5475	7.0E-4
5476	7.0E-4
5477	7.0E-4
5478	7.0E-4
5479	7.0E-4
548	0.1112
5480	0.0019
5481	0.0019
5482	0.0019
5483	0.15
5484	0.0284
5485	0.0062
5486	0.0021
5487	0.0021
5488	0.0021
5489	0.0021
549	0.0402
5490	0.0051
5491	0.005
5492	0.0051
5493	0.0051
5494	0.0056
5495	0.0051
5496	0.0051
5497	0.0123
5498	0.0069
5499	0.0069
55	0.868
550	0.2478
5500	0.0069
5501	0.0069
5502	0.0177
5503	0.0782
5504	0.0782
5505	0.0782
5506	0.0278
5507	0.0278
5508	0.0278
5509	0.0107
551	0.2622
5510	0.0059
5511	0.0057
5512	0.0071
5513	3.0E-4
5514	1.0E-4
5515	1.0E-4
5516	1.0E-4
5517	1.0E-4
5518	1.0E-4
5519	1.0E-4
552	0.2478
5520	1.0E-4
5521	3.0E-4
5522	3.0E-4
5523	3.1471
5524	2.3111
5525	1.0368
5526	0.4247
5527	0.2217
5528	0.1676
5529	0.1487
553	0.2606
5530	0.1449
5531	0.1447
5532	0.1474
5533	0.1614
5534	0.2016
5535	0.3381
5536	0.6897
5537	1.0168
5538	2.0E-4
5539	2.0E-4
554	0.2653
5540	2.0E-4
5541	2.0E-4
5542	2.0E-4
5543	2.0E-4
5544	2.0E-4
5545	2.0E-4
5546	2.0E-4
5547	2.0E-4
5548	2.0E-4
5549	2.0E-4
555	0.2665
5550	2.0E-4
5551	2.0E-4
5552	2.0E-4
5553	0.0
5554	0.0
5555	0.0
5556	0.0
5557	0.0
5558	0.0
5559	0.0
556	0.2665
5560	0.0
5561	0.0
5562	0.0
5563	0.0
5564	0.0
5565	0.0
5566	0.0
5567	0.0
5568	0.0
5569	0.0
557	0.5982
5570	0.0
5571	0.0
5572	0.0
5573	0.0
5574	0.0
5575	0.0
5576	0.0
5577	0.0
5578	0.0
5579	0.0
558	0.177
5580	0.0
5581	0.0
5582	0.0
5583	0.0
5584	0.0
5585	0.0
5586	0.0
5587	0.0
5588	0.0
5589	0.0
559	0.177
5590	0.0
5591	0.0
5592	0.0
5593	0.0
5594	0.0
5595	0.0
5596	0.0
5597	0.0
5598	0.0
5599	0.0
56	0.8117
560	0.177
5600	0.0
5601	0.0
5602	0.0
5603	0.0
5604	0.0
5605	0.0
5606	0.0
5607	0.0
5608	0.0
5609	0.0
561	0.1678
5610	0.0
5611	0.0
5612	0.0
5613	0.0
5614	0.0
5615	0.0
5616	0.0
5617	0.0
5618	0.0
5619	0.0
562	0.1678
5620	0.0
5621	0.0
5622	0.0
5623	0.0
5624	0.0
5625	0.0
5626	0.0
5627	0.0
5628	0.0
5629	0.0
563	0.1678
5630	0.0
5631	0.0
5632	0.0
5633	0.0
5634	0.0
5635	0.0
5636	0.0
5637	0.0
5638	0.0
5639	0.0
564	0.1678
5640	0.0
5641	0.0
5642	0.0
5643	0.0
5644	0.0
5645	0.0
5646	0.0
5647	0.0
5648	0.0
5649	0.0
565	0.1765
5650	0.0
5651	0.0
5652	0.0
5653	0.0
5654	0.0
5655	0.0
5656	0.0
5657	0.0
5658	0.0
5659	0.0
566	0.0108
5660	0.0
5661	0.0
5662	0.0
5663	0.0
5664	0.0
5665	0.0
5666	0.0
5667	0.0
5668	0.0
5669	0.0
567	0.0108
5670	0.0
5671	0.0
5672	0.0
5673	0.0
5674	0.0
5675	0.0
5676	0.0
5677	0.0
5678	0.0
5679	0.0
568	0.0108
5680	0.0
5681	0.0
5682	0.0
5683	0.0
5684	0.0
5685	0.0
5686	0.0
5687	0.0
5688	0.0
5689	0.0
569	0.024
5690	0.0
5691	0.0
5692	0.0
5693	0.0
5694	0.0
5695	0.0
5696	0.0
5697	0.0
5698	0.0
5699	0.0
57	0.794
570	0.0108
5700	0.0
5701	0.0
5702	0.0
5703	0.0
5704	0.0
5705	0.0
5706	0.0
5707	0.0
5708	0.0
5709	0.0
571	0.0108
5710	0.0
5711	0.0
5712	0.0
5713	0.0
5714	0.0
5715	0.0
5716	0.0
5717	0.0
5718	0.0
5719	0.0
572	0.0108
5720	0.0
5721	0.0
5722	0.0
5723	0.0
5724	0.0
5725	0.0
5726	0.0
5727	0.0
5728	0.0
5729	0.0
573	0.0108
5730	0.0
5731	0.0
5732	0.0
5733	0.0
5734	0.0
5735	0.0
5736	0.0
5737	0.0
5738	0.0
5739	0.0
574	0.0108
5740	0.0
5741	0.0
5742	0.0
5743	0.0
5744	0.0
5745	0.0
5746	0.0
5747	0.0
5748	0.0
5749	0.0
575	0.0108
5750	0.0
5751	0.0
5752	0.0
5753	0.0
5754	0.0
5755	0.0
5756	0.0
5757	0.0
5758	0.0
5759	0.0
576	0.0108
5760	0.0
5761	0.0
5762	0.0
5763	0.0
5764	0.0
5765	0.0
5766	0.0
5767	0.0
5768	0.0
5769	0.0
577	0.0108
5770	0.0
5771	0.0
5772	0.0
5773	0.0
5774	0.0
5775	0.0
5776	0.0
5777	0.0
5778	0.0
5779	0.0
578	1.5771
5780	0.0
5781	0.0
5782	0.0
5783	0.0
5784	0.0
5785	3.1471
5786	2.3111
5787	1.0368
5788	0.4247
5789	0.2217
579	0.2433
5790	0.1676
5791	0.1487
5792	0.145
5793	0.1447
5794	0.1474
5795	0.1614
5796	0.2016
5797	0.3381
5798	0.6897
5799	1.0168
58	0.8697
580	0.2433
5800	2.0E-4
5801	2.0E-4
5802	2.0E-4
5803	2.0E-4
5804	2.0E-4
5805	2.0E-4
5806	2.0E-4
5807	2.0E-4
5808	2.0E-4
5809	2.0E-4
581	0.256
5810	2.0E-4
5811	2.0E-4
5812	2.0E-4
5813	2.0E-4
5814	2.0E-4
5815	0.0173
5816	0.0173
5817	1.0E-4
5818	0.0028
5819	0.013
582	0.0132
5820	0.8399
5821	0.8399
5822	0.1674
5823	1.3913
5824	0.1725
5825	0.7278
5826	0.6962
5827	0.6962
5828	0.9545
5829	0.6962
583	0.0132
5830	0.6962
5831	0.6962
5832	0.7719
5833	0.7719
5834	0.058
5835	0.3348
5836	0.3348
5837	0.3348
5838	0.3348
5839	0.3348
584	0.0115
5840	0.3348
5841	0.3348
5842	0.0925
5843	0.0925
5844	0.0033
5845	6.0E-4
5846	6.0E-4
5847	6.0E-4
5848	7.0E-4
5849	6.0E-4
585	0.0133
5850	6.0E-4
5851	6.0E-4
5852	6.0E-4
5853	6.0E-4
5854	6.0E-4
5855	6.0E-4
5856	7.0E-4
5857	6.0E-4
5858	7.0E-4
5859	6.0E-4
586	0.0132
5860	7.0E-4
5861	6.0E-4
5862	7.0E-4
5863	6.0E-4
5864	6.0E-4
5865	6.0E-4
5866	7.0E-4
5867	0.0165
5868	0.0018
5869	0.0018
587	0.0154
5870	0.0018
5871	0.0018
5872	0.0018
5873	0.0018
5874	0.0018
5875	0.0054
5876	0.0018
5877	1.0417
5878	0.0018
5879	0.0018
588	0.0115
5880	0.0018
5881	0.0018
5882	0.0018
5883	0.0018
5884	0.0018
5885	0.0018
5886	0.0018
5887	0.0018
5888	0.0018
5889	0.0018
589	0.0153
5890	0.0018
5891	0.0018
5892	2.0E-4
5893	4.0E-4
5894	2.0E-4
5895	2.0E-4
5896	2.0E-4
5897	2.0E-4
5898	2.0E-4
5899	2.0E-4
59	0.8642
590	0.0153
5900	2.0E-4
5901	2.0E-4
5902	2.0E-4
5903	2.0E-4
5904	2.0E-4
5905	2.0E-4
5906	2.0E-4
5907	2.0E-4
5908	2.0E-4
5909	2.0E-4
591	0.0153
5910	2.0E-4
5911	2.0E-4
5912	2.0E-4
5913	2.0E-4
5914	2.0E-4
5915	2.0E-4
5916	2.0E-4
5917	2.0E-4
5918	2.0E-4
5919	2.0E-4
592	0.0153
5920	0.0031
5921	0.0111
5922	0.1089
5923	0.1089
5924	0.1089
5925	0.1089
5926	0.1089
5927	0.1089
5928	0.1089
5929	0.1089
593	8.6776
5930	1.2486
5931	1.2486
5932	1.2486
5933	1.2486
5934	1.2486
5935	1.2486
5936	0.0946
5937	0.0895
5938	0.3715
5939	0.0627
594	0.0153
5940	1.0E-4
5941	1.0E-4
5942	1.0E-4
5943	1.0E-4
5944	1.0E-4
5945	1.0E-4
5946	1.0E-4
5947	1.0E-4
5948	2.0E-4
5949	1.0E-4
595	0.0108
5950	1.0E-4
5951	0.0986
5952	0.0016
5953	0.0019
5954	0.0032
5955	0.6728
5956	1.0518
5957	0.0032
5958	0.0
5959	0.0
596	0.0108
5960	0.0
5961	0.0
5962	0.0
5963	0.0
5964	0.0
5965	0.0
5966	0.0
5967	0.0
5968	0.0
5969	0.0
597	0.0108
5970	0.0
5971	0.0
5972	0.0
5973	0.0
5974	0.0031
5975	0.0141
5976	0.0542
5977	0.0542
5978	0.0052
5979	0.0052
598	0.0392
5980	0.0052
5981	0.0052
5982	0.0052
5983	0.0052
5984	0.0052
5985	0.0052
5986	0.0052
5987	0.0052
5988	0.0052
5989	0.0052
599	0.0197
5990	0.0052
5991	0.0052
5992	0.0628
5993	0.0
5994	0.0
5995	0.0
5996	3.0E-4
5997	3.0E-4
5998	3.0E-4
5999	3.0E-4
6	0.009
60	0.8127
600	0.0101
6000	3.0E-4
6001	0.0012
6002	0.0012
6003	0.0014
6004	0.6782
6005	0.7674
6006	2.0E-4
6007	2.0E-4
6008	2.0E-4
6009	2.0E-4
601	0.0101
6010	2.0E-4
6011	2.0E-4
6012	0.2884
602	0.0101
603	0.0101
604	0.0101
605	0.0101
606	0.0101
607	0.0101
608	0.0101
609	0.0101
61	22.9432
610	0.0101
611	0.1427
612	0.2155
613	0.0242
614	0.2192
615	0.0228
616	0.0269
617	0.0287
618	0.0287
619	0.0287
62	0.1184
620	0.1528
621	0.5062
622	0.0231
623	0.023
624	0.0228
625	0.0715
626	0.0715
627	0.1245
628	0.0184
629	0.0184
63	0.7724
630	0.5727
631	0.0825
632	0.0
633	0.0
634	0.0
635	0.0
636	0.0
637	0.0
638	0.0
639	0.0
64	0.6092
640	0.0
641	0.0
642	0.0
643	0.0
644	0.0
645	0.0
646	0.0
647	0.0
648	0.0095
649	0.0095
65	0.6591
650	0.0095
651	0.0095
652	0.0095
653	0.0095
654	0.0095
655	0.0095
656	0.0095
657	0.0095
658	0.0
659	0.0
66	0.6104
660	0.0
661	0.0
662	0.0
663	0.0
664	0.0
665	1.0E-4
666	1.0E-4
667	0.0162
668	0.0134
669	0.035
67	0.5952
670	0.0348
671	0.0321
672	0.0321
673	0.0352
674	0.0492
675	0.0291
676	0.0292
677	0.0312
678	0.0461
679	0.0
68	0.7751
680	0.0
681	0.0
682	0.0
683	0.0
684	0.0
685	0.0
686	0.0292
687	0.0316
688	0.0316
689	0.0316
69	0.8193
690	0.0
691	0.0
692	0.0
693	0.0
694	0.0
695	0.0
696	0.0
697	0.0
698	0.0
699	0.0
7	0.2577
70	0.6566
700	0.0
701	0.0
702	0.0
703	0.0
704	0.0
705	0.0
706	0.0
707	0.0
708	0.0
709	0.0272
71	0.8657
710	0.001
711	7.0E-4
712	0.001
713	7.0E-4
714	7.0E-4
715	7.0E-4
716	7.0E-4
717	7.0E-4
718	7.0E-4
719	7.0E-4
72	1.0096
720	7.0E-4
721	7.0E-4
722	0.0019
723	7.0E-4
724	0.0019
725	7.0E-4
726	7.0E-4
727	7.0E-4
728	7.0E-4
729	7.0E-4
73	8.8661
730	7.0E-4
731	7.0E-4
732	7.0E-4
733	7.0E-4
734	7.0E-4
735	7.0E-4
736	7.0E-4
737	7.0E-4
738	7.0E-4
739	7.0E-4
74	3.0979
740	7.0E-4
741	7.0E-4
742	7.0E-4
743	7.0E-4
744	7.0E-4
745	0.001
746	7.0E-4
747	7.0E-4
748	7.0E-4
749	7.0E-4
75	1.6695
750	7.0E-4
751	0.0462
752	7.0E-4
753	7.0E-4
754	7.0E-4
755	0.0224
756	0.0224
757	0.0224
758	0.0224
759	0.0224
76	1.9245
760	0.0224
761	0.0224
762	0.0224
763	0.0118
764	0.0118
765	0.0118
766	0.013
767	0.0125
768	0.009
769	0.0118
77	0.5596
770	0.0118
771	0.0
772	0.0111
773	0.0111
774	0.0105
775	0.0112
776	0.0112
777	0.0105
778	0.0073
779	0.0073
78	1.9544
780	0.0111
781	0.0111
782	5.0E-4
783	0.009
784	0.0113
785	0.0113
786	0.0113
787	0.0113
788	0.0104
789	0.0104
79	1.2989
790	0.0104
791	0.0111
792	0.0111
793	0.0111
794	0.0112
795	0.0112
796	0.0105
797	0.0104
798	0.0104
799	0.0104
8	0.0219
80	7.5536
800	0.0089
801	0.0546
802	0.0824
803	0.0789
804	0.0827
805	0.0827
806	0.0827
807	0.0827
808	0.0969
809	0.0969
81	10.8731
810	0.0649
811	0.065
812	0.0649
813	0.0649
814	0.0649
815	0.0649
816	0.0676
817	0.0654
818	0.0864
819	0.0861
82	4.4065
820	0.0861
821	0.0861
822	6.7613
823	1.3029
824	0.1801
825	0.1281
826	0.3712
827	0.3033
828	1.0867
829	0.0068
83	3.2321
830	0.0826
831	0.0264
832	0.0264
833	0.0264
834	0.0264
835	0.0264
836	0.0019
837	0.1679
838	0.0936
839	0.1378
84	4.0529
840	0.1867
841	0.1005
842	0.1348
843	0.0717
844	0.0717
845	0.0717
846	0.0717
847	0.0717
848	0.0717
849	0.0717
85	0.1863
850	0.0717
851	0.0717
852	0.0717
853	0.0717
854	0.0717
855	0.0717
856	0.0717
857	0.0717
858	0.0717
859	0.0717
86	0.1577
860	0.0717
861	0.0717
862	0.0717
863	0.0717
864	0.0717
865	0.0717
866	0.0717
867	0.0717
868	0.0717
869	0.0835
87	0.1796
870	0.0142
871	0.0142
872	0.0196
873	0.042
874	0.0349
875	0.039
876	0.1007
877	0.099
878	0.099
879	0.0841
88	0.1863
880	0.8496
881	0.0773
882	0.0773
883	0.0773
884	0.0773
885	0.0773
886	0.0773
887	0.1269
888	0.0773
889	0.0017
89	0.1603
890	0.0023
891	0.0017
892	0.5367
893	0.7828
894	0.5367
895	0.5367
896	0.0036
897	0.0036
898	0.0036
899	0.0036
9	0.009
90	0.197
900	5.0E-4
901	5.0E-4
902	5.0E-4
903	5.0E-4
904	5.0E-4
905	5.0E-4
906	5.0E-4
907	5.0E-4
908	5.0E-4
909	5.0E-4
91	0.197
910	5.0E-4
911	5.0E-4
912	5.0E-4
913	5.0E-4
914	5.0E-4
915	5.0E-4
916	5.0E-4
917	5.0E-4
918	0.0066
919	5.0E-4
92	0.22
920	0.0066
921	5.0E-4
922	5.0E-4
923	9.0E-4
924	5.0E-4
925	5.0E-4
926	5.0E-4
927	5.0E-4
928	5.0E-4
929	5.0E-4
93	0.1704
930	5.0E-4
931	0.0017
932	5.0E-4
933	5.0E-4
934	5.0E-4
935	8.0E-4
936	9.0E-4
937	9.0E-4
938	0.0031
939	0.0013
94	4.0E-4
940	0.0013
941	0.0013
942	0.0013
943	0.1187
944	0.1187
945	0.0302
946	0.0303
947	0.0108
948	0.0108
949	0.0101
95	4.0E-4
950	0.0108
951	0.0108
952	0.0115
953	0.013
954	0.013
955	0.013
956	0.0132
957	0.0234
958	0.0146
959	0.0146
96	4.0E-4
960	0.0145
961	0.0146
962	0.0146
963	0.0158
964	0.0146
965	0.0146
966	0.0146
967	0.0146
968	0.0195
969	0.0195
97	4.0E-4
970	0.3065
971	0.0145
972	0.0166
973	0.0167
974	0.0166
975	0.0166
976	0.0166
977	0.0166
978	0.0166
979	0.0292
98	4.0E-4
980	0.0132
981	0.1694
982	0.0145
983	0.0144
984	0.0146
985	0.0179
986	0.0144
987	0.0117
988	0.0116
989	0.0103
99	4.0E-4
990	0.0402
991	0.2361
992	0.0748
993	0.2672
994	0.0402
995	0.8662
996	0.0121
997	0.0121
998	0.0152
999	0.0151
