1	0.0467
10	0.6554
100	1.0E-4
1000	0.0041
1001	0.0041
1002	0.0039
1003	0.0026
1004	0.003
1005	0.0026
1006	0.0037
1007	0.0037
1008	0.0039
1009	0.0036
101	1.0E-4
1010	0.0033
1011	0.0033
1012	0.0034
1013	0.0034
1014	0.0034
1015	0.0041
1016	0.004
1017	0.004
1018	0.0036
1019	0.0036
102	0.0035
1020	0.6915
1021	1.018
1022	0.0026
1023	1.0E-4
1024	3.0E-4
1025	0.0361
1026	0.0361
1027	0.0098
1028	0.0024
1029	0.0031
103	1.0E-4
1030	0.004
1031	3.0E-4
1032	0.0
1033	0.004
1034	0.2134
1035	0.0025
1036	0.0025
1037	0.0025
1038	0.004
1039	1.076
104	1.0E-4
1040	1.076
1041	1.076
1042	1.076
1043	1.076
1044	1.076
1045	1.076
1046	1.076
1047	1.076
1048	1.076
1049	1.076
105	1.0E-4
1050	1.076
1051	1.076
1052	1.076
1053	1.076
1054	1.076
1055	1.076
1056	1.076
1057	1.076
1058	1.076
1059	1.076
106	0.9831
1060	1.076
1061	1.076
1062	1.076
1063	1.076
1064	1.076
1065	1.076
1066	0.0
1067	0.0
1068	0.0
1069	0.0
107	0.3254
1070	0.0
1071	0.0
1072	0.0
1073	0.0
1074	0.0
1075	0.0
1076	0.0
1077	0.0
1078	0.0
1079	0.0
108	0.1833
1080	0.0
1081	0.0
1082	0.0
1083	0.0
1084	0.0
1085	0.0
1086	0.0
1087	0.0
1088	0.0
1089	0.0
109	0.167
1090	0.0
1091	0.0
1092	0.0
1093	0.0
1094	0.0
1095	0.0
1096	0.0
1097	2.0E-4
1098	2.0E-4
1099	2.0E-4
11	0.0021
110	0.167
1100	0.0089
1101	0.0105
1102	0.0044
1103	0.0044
1104	0.0044
1105	0.0044
1106	0.0044
1107	0.0044
1108	0.0044
1109	0.0044
111	0.6451
1110	0.0044
1111	0.0044
1112	0.0044
1113	0.0044
1114	0.0044
1115	0.0044
1116	0.0044
1117	0.0044
1118	0.0044
1119	0.0044
112	0.67
1120	0.0044
1121	0.0044
1122	0.0044
1123	0.0044
1124	0.0044
1125	0.0044
1126	0.0044
1127	0.0044
1128	0.0044
1129	0.0044
113	0.2844
1130	0.0044
1131	0.0044
1132	0.0044
1133	0.0044
1134	0.0044
1135	0.0044
1136	0.0044
1137	0.0044
1138	0.0044
1139	0.0044
114	0.1688
1140	0.0044
1141	0.0044
1142	0.0044
1143	0.0044
1144	0.0044
1145	0.0044
1146	0.0044
1147	0.0044
1148	0.0044
1149	0.0044
115	0.3084
1150	0.0044
1151	0.0044
1152	0.0044
1153	0.0044
1154	0.0044
1155	0.0044
1156	0.0044
1157	0.0044
1158	0.0044
1159	0.0
116	0.5325
1160	0.0
1161	2.0E-4
1162	0.0
1163	0.0
1164	0.0
1165	0.0
1166	0.0
1167	0.0
1168	0.0
1169	0.0
117	0.2171
1170	0.0
1171	0.0
1172	0.0
1173	0.0
1174	0.0
1175	0.0
1176	0.0
1177	3.0E-4
1178	0.0014
1179	0.0
118	0.5592
1180	0.0
1181	0.0
1182	0.0
1183	0.0
1184	0.0
1185	0.0
1186	0.0
1187	2.0E-4
1188	2.0E-4
1189	2.0E-4
119	1.3323
1190	2.0E-4
1191	3.0E-4
1192	3.0E-4
1193	9.0E-4
1194	9.0E-4
1195	9.0E-4
1196	3.0E-4
1197	3.0E-4
1198	1.0E-4
1199	0.0914
12	0.0026
120	0.5958
1200	1.0E-4
1201	1.0E-4
1202	1.0E-4
1203	1.0E-4
1204	1.0E-4
1205	1.0E-4
1206	1.0E-4
1207	1.0E-4
1208	1.0E-4
1209	1.0E-4
121	0.5443
1210	1.0E-4
1211	1.0E-4
1212	1.0E-4
1213	0.0013
1214	1.0E-4
1215	0.1241
1216	0.1905
1217	0.1241
1218	0.1241
1219	3.0E-4
122	0.5958
1220	3.0E-4
1221	0.0
1222	0.0
1223	0.0
1224	0.0
1225	2.0E-4
1226	2.0E-4
1227	0.0022
1228	0.0022
1229	0.0022
123	0.8405
1230	0.0022
1231	0.0022
1232	0.0022
1233	0.0022
1234	0.0
1235	0.0
1236	0.0
1237	0.0
1238	0.0
1239	0.0
124	0.7712
1240	0.0
1241	0.0
1242	0.0
1243	0.0
1244	0.0
1245	0.0
1246	0.0
1247	0.0
1248	0.0
1249	0.0
125	0.7756
1250	0.0
1251	0.0
1252	0.0
1253	0.0
1254	0.0
1255	0.0
1256	0.0
1257	0.0
1258	0.0
1259	0.0
126	0.7793
1260	0.0
1261	0.0
1262	0.0
1263	0.0
1264	0.0
1265	0.0
1266	0.0
1267	0.0
1268	0.0
1269	0.0026
127	0.241
1270	0.0026
1271	0.0026
1272	0.0026
1273	0.0026
1274	0.0026
1275	0.0026
1276	0.0026
1277	0.0026
1278	0.0026
1279	0.0024
128	0.241
1280	0.0024
1281	0.0024
1282	0.0024
1283	0.0024
1284	0.0
1285	0.0
1286	0.0
1287	0.0
1288	0.0066
1289	0.0066
129	0.2267
1290	0.0066
1291	0.0101
1292	0.0043
1293	0.0286
1294	0.0286
1295	0.0012
1296	0.0012
1297	0.0
1298	0.0
1299	0.0
13	0.0021
130	0.2145
1300	1.0E-4
1301	0.0
1302	0.0
1303	0.0
1304	0.0
1305	1.0E-4
1306	1.0E-4
1307	1.0E-4
1308	0.0
1309	7.0E-4
131	0.1779
1310	0.0
1311	4.0E-4
1312	2.0E-4
1313	1.0E-4
1314	1.0E-4
1315	1.0E-4
1316	1.0E-4
1317	1.0E-4
1318	1.0E-4
1319	1.0E-4
132	2.225
1320	1.0E-4
1321	1.0E-4
1322	1.0E-4
1323	1.0E-4
1324	1.0E-4
1325	1.0E-4
1326	1.0E-4
1327	1.0E-4
1328	1.0E-4
1329	1.0E-4
133	0.0724
1330	1.0E-4
1331	1.0E-4
1332	1.0E-4
1333	1.0E-4
1334	1.0E-4
1335	1.0E-4
1336	1.0E-4
1337	1.0E-4
1338	1.0E-4
1339	1.0E-4
134	0.0663
1340	2.0E-4
1341	2.0E-4
1342	5.0E-4
1343	5.0E-4
1344	2.0E-4
1345	0.0038
1346	8.0E-4
1347	8.0E-4
1348	8.0E-4
1349	8.0E-4
135	0.0789
1350	8.0E-4
1351	8.0E-4
1352	8.0E-4
1353	8.0E-4
1354	8.0E-4
1355	8.0E-4
1356	8.0E-4
1357	8.0E-4
1358	8.0E-4
1359	8.0E-4
136	0.0841
1360	8.0E-4
1361	8.0E-4
1362	1.0E-4
1363	0.0109
1364	0.0109
1365	8.0E-4
1366	7.0E-4
1367	8.0E-4
1368	8.0E-4
1369	8.0E-4
137	0.0901
1370	0.1504
1371	0.0138
1372	0.0048
1373	0.0061
1374	0.0114
1375	0.0042
1376	0.0027
1377	0.0027
1378	0.0011
1379	0.2115
138	0.1408
1380	0.001
1381	0.001
1382	6.0E-4
1383	6.0E-4
1384	6.0E-4
1385	6.0E-4
1386	6.0E-4
1387	6.0E-4
1388	6.0E-4
1389	6.0E-4
139	0.0231
1390	0.0
1391	1.0E-4
1392	0.0
1393	0.0
1394	0.0
1395	0.0
1396	1.0E-4
1397	1.0E-4
1398	1.0E-4
1399	1.0E-4
14	0.2326
140	0.022
1400	1.0E-4
1401	1.0E-4
1402	0.0
1403	0.0
1404	0.0
1405	0.0
1406	0.0
1407	0.0
1408	0.0039
1409	0.017
141	0.0203
1410	0.017
1411	0.017
1412	0.017
1413	0.017
1414	0.017
1415	0.017
1416	0.0204
1417	0.0263
1418	0.017
1419	0.0259
142	0.0964
1420	0.0259
1421	0.017
1422	1.0E-4
1423	1.0E-4
1424	1.0E-4
1425	1.0E-4
1426	1.0E-4
1427	1.0E-4
1428	1.0E-4
1429	1.0E-4
143	0.1358
1430	1.0E-4
1431	1.0E-4
1432	1.0E-4
1433	0.0028
1434	0.0028
1435	0.0028
1436	0.0028
1437	0.0028
1438	1.0E-4
1439	1.0E-4
144	0.0301
1440	6.0E-4
1441	8.0E-4
1442	0.0033
1443	0.2031
1444	7.0E-4
1445	2.0E-4
1446	1.0E-4
1447	1.0E-4
1448	1.0E-4
1449	1.0E-4
145	0.2555
1450	1.0E-4
1451	1.0E-4
1452	1.0E-4
1453	1.0E-4
1454	1.0E-4
1455	1.0E-4
1456	1.0E-4
1457	6.0E-4
1458	3.0E-4
1459	5.0E-4
146	0.0203
1460	5.0E-4
1461	0.005
1462	0.005
1463	0.005
1464	0.005
1465	0.005
1466	0.005
1467	4.0762
1468	2.0E-4
1469	0.0019
147	0.0203
1470	0.0019
1471	0.0019
1472	0.0021
1473	1.0E-4
1474	1.0E-4
1475	1.0E-4
1476	1.0E-4
1477	1.0E-4
1478	1.0E-4
1479	1.0E-4
148	0.0926
1480	1.0E-4
1481	1.0E-4
1482	1.0E-4
1483	0.0
1484	0.0
1485	0.0
1486	0.0
1487	2.0E-4
1488	2.0E-4
1489	2.0E-4
149	0.0269
1490	2.0E-4
1491	2.0E-4
1492	2.0E-4
1493	2.0E-4
1494	2.0E-4
1495	0.0
1496	0.0
1497	0.0
1498	0.0
1499	2.0E-4
15	0.0022
150	0.0267
1500	0.0
1501	0.0
1502	1.0E-4
1503	1.0E-4
1504	0.0
1505	2.0E-4
1506	1.0E-4
1507	0.001
1508	1.0E-4
1509	1.0E-4
151	0.0687
1510	1.0E-4
1511	1.0E-4
1512	1.0E-4
1513	1.0E-4
1514	1.0E-4
1515	1.0E-4
1516	1.0E-4
1517	1.0E-4
1518	1.0E-4
1519	2.0E-4
152	0.0181
1520	0.0
1521	0.0
1522	0.0
1523	0.0
1524	0.0
1525	0.0
1526	0.0
1527	1.0E-4
1528	1.0E-4
1529	1.0E-4
153	0.0694
1530	1.0E-4
1531	0.0
1532	0.0
1533	0.0121
1534	0.0
1535	0.0
1536	0.0
1537	1.0E-4
1538	0.2489
1539	0.3854
154	3.0E-4
1540	0.5417
1541	0.5411
1542	0.2489
1543	0.0017
1544	0.0
1545	0.0
1546	0.0
1547	0.0
1548	0.0
1549	0.0
155	0.1232
1550	0.0
1551	0.0
1552	1.0E-4
1553	0.0
1554	0.0
1555	0.0
1556	0.0
1557	0.0
1558	0.0
1559	0.0
156	0.0514
1560	0.0
1561	1.0E-4
1562	1.0E-4
1563	1.0E-4
1564	0.0
1565	0.0
1566	0.0
1567	0.0
1568	0.0
1569	0.0
157	0.1268
1570	0.0
1571	0.0
1572	0.0
1573	0.0
1574	0.0
1575	0.0
1576	0.0
1577	0.0
1578	0.0
1579	0.0
158	0.1476
1580	0.0
1581	0.0
1582	0.0
1583	0.0
1584	0.0
1585	0.0
1586	0.0
1587	0.0
1588	0.0
1589	5.0E-4
159	0.1268
1590	4.0E-4
1591	4.0E-4
1592	0.0
1593	0.0
1594	0.0
1595	0.0
1596	0.0
1597	0.0
1598	0.0
1599	0.0
16	0.9049
160	0.136
1600	0.0
1601	0.0
1602	0.0062
1603	0.0062
1604	0.0062
1605	0.0062
1606	0.0062
1607	1.0E-4
1608	0.089
1609	0.089
161	0.1306
1610	0.089
1611	0.089
1612	0.089
1613	0.089
1614	0.0024
1615	0.0024
1616	0.0024
1617	0.0024
1618	0.0024
1619	0.0
162	0.1268
1620	0.1029
1621	0.0779
1622	0.0779
1623	0.0779
1624	0.0779
1625	0.0779
1626	0.0
1627	0.0
1628	0.0
1629	0.0
163	0.1232
1630	0.0
1631	0.0
1632	0.0
1633	0.0
1634	0.0
1635	0.0
1636	0.0
1637	0.0
1638	0.0
1639	0.0
164	0.0752
1640	0.0
1641	0.0
1642	0.0
1643	0.0
1644	0.0
1645	0.0
1646	0.0
1647	0.0
1648	0.0
1649	0.0
165	0.1232
1650	0.0
1651	0.0
1652	0.0
1653	0.0
1654	0.0
1655	0.0
1656	0.0
1657	0.0
1658	0.0
1659	0.0
166	0.1302
1660	0.0
1661	0.0
1662	0.0
1663	0.0
1664	0.0
1665	0.1555
1666	0.2385
1667	0.1555
1668	0.1555
1669	0.0083
167	0.1232
1670	0.0083
1671	0.0098
1672	0.0083
1673	0.0083
1674	0.0083
1675	0.0083
1676	0.0083
1677	0.0083
1678	2.398
1679	0.015
168	0.1052
1680	0.0
1681	1.0E-4
1682	1.0E-4
1683	5.0E-4
1684	1.0E-4
1685	1.0E-4
1686	1.0E-4
1687	0.0
1688	4.0E-4
1689	0.0
169	0.1052
1690	0.0
1691	0.0
1692	0.0
1693	0.0
1694	0.0
1695	0.0
1696	1.0E-4
1697	1.0E-4
1698	1.0E-4
1699	1.0E-4
17	0.0022
170	0.1052
1700	0.0
1701	0.0
1702	0.0
1703	0.0
1704	0.0
1705	0.0
1706	0.0
1707	1.0E-4
1708	1.0E-4
1709	1.0E-4
171	0.1056
1710	1.0E-4
1711	1.0E-4
1712	1.0E-4
1713	1.0E-4
1714	1.0E-4
1715	1.0E-4
1716	1.0E-4
1717	1.0E-4
1718	1.0E-4
1719	1.0E-4
172	0.1052
1720	1.0E-4
1721	1.0E-4
1722	1.0E-4
1723	0.0
1724	0.0
1725	0.0
1726	0.0
1727	0.0
1728	0.0
1729	0.0
173	0.103
1730	0.0
1731	0.0
1732	0.0
1733	0.0
1734	0.0
1735	0.0
1736	0.0
1737	1.0E-4
1738	1.0E-4
1739	1.0E-4
174	0.0793
1740	1.0E-4
1741	0.0
1742	0.0
1743	0.0
1744	0.0
1745	0.0
1746	0.0
1747	0.0
1748	0.0
1749	0.0
175	0.1235
1750	0.0
1751	0.0
1752	0.0
1753	0.0
1754	0.0
1755	0.0
1756	0.0
1757	0.0
1758	0.0
1759	0.0
176	0.134
1760	1.0E-4
1761	1.0E-4
1762	1.0E-4
1763	1.0E-4
1764	3.0E-4
1765	3.0E-4
1766	0.0
1767	0.0
1768	0.0
1769	0.0
177	0.0812
1770	0.0
1771	0.0
1772	0.0
1773	0.0
1774	0.0
1775	0.0
1776	0.0
1777	0.0
1778	0.0
1779	0.0
178	0.0247
1780	0.0
1781	0.0
1782	0.0
1783	0.0
1784	0.0
1785	0.0
1786	0.0
1787	0.0
1788	0.0
1789	0.0
179	0.044
1790	0.0
1791	0.0
1792	0.0
1793	0.0
1794	0.0
1795	0.0
1796	0.0
1797	0.0
1798	0.0
1799	0.0
18	0.1077
180	0.0411
1800	0.0
1801	0.0
1802	0.0
1803	0.0
1804	0.0
1805	0.0
1806	0.0
1807	0.0
1808	0.0
1809	0.0
181	0.0413
1810	0.0
1811	0.0
1812	0.0
1813	0.0
1814	0.0
1815	0.0
1816	0.0
1817	0.0
1818	3.0E-4
1819	0.0017
182	0.0273
1820	0.0025
1821	0.0028
1822	0.0025
1823	8.0E-4
1824	8.0E-4
1825	8.0E-4
1826	8.0E-4
1827	8.0E-4
1828	8.0E-4
1829	8.0E-4
183	0.0411
1830	0.001
1831	0.0013
1832	8.0E-4
1833	0.0012
1834	0.0012
1835	8.0E-4
1836	3.0E-4
1837	1.0E-4
1838	3.0E-4
1839	3.0E-4
184	0.0416
1840	3.0E-4
1841	2.0E-4
1842	2.0E-4
1843	2.0E-4
1844	2.0E-4
1845	2.0E-4
1846	2.0E-4
1847	2.0E-4
1848	2.0E-4
1849	1.0E-4
185	0.0411
1850	1.0E-4
1851	1.0E-4
1852	1.0E-4
1853	1.0E-4
1854	0.0
1855	0.0
1856	0.0
1857	0.0
1858	0.0
1859	0.0
186	0.0413
1860	2.0E-4
1861	0.0017
1862	0.0017
1863	0.0018
1864	0.0
1865	0.0
1866	0.0
1867	0.0
1868	0.0
1869	0.0
187	0.0413
1870	1.0E-4
1871	0.2364
1872	0.908
1873	0.9965
1874	0.2359
1875	1.1768
1876	0.7885
1877	1.1768
1878	1.1873
1879	0.0454
188	0.0411
1880	0.0454
1881	0.0454
1882	0.0454
1883	1.0402
1884	0.0365
1885	0.0365
1886	0.0365
1887	0.0365
1888	0.0365
1889	0.0365
189	0.0499
1890	0.0365
1891	0.0365
1892	0.0365
1893	0.0365
1894	0.0365
1895	0.0365
1896	0.0
1897	0.0
1898	0.0
1899	0.0
19	0.01
190	0.0011
1900	0.0
1901	0.0
1902	0.0
1903	0.0
1904	0.0
1905	0.0
1906	0.0
1907	0.0
1908	0.0
1909	0.0
191	0.0016
1910	0.0
1911	0.0
1912	0.0
1913	0.0
1914	0.0
1915	0.0
1916	0.0
1917	0.0
1918	0.0
1919	0.0
192	0.1029
1920	0.0
1921	0.0
1922	0.0
1923	0.0
1924	0.0
1925	0.0
1926	0.0
1927	0.0
1928	0.0
1929	0.0
193	0.6576
1930	0.0
1931	0.0
1932	0.0
1933	0.0
1934	0.0
1935	0.0
1936	0.0
1937	0.0
1938	0.0
1939	0.0
194	0.2495
1940	0.0
1941	0.0
1942	0.0
1943	0.0
1944	0.0
1945	0.0
1946	0.0
1947	0.0
1948	0.0
1949	0.0
195	0.3409
1950	0.0
1951	0.0
1952	0.0
1953	0.0
1954	0.0
1955	0.0
1956	0.0
1957	0.0
1958	0.0
1959	0.0
196	0.3403
1960	0.0
1961	0.0
1962	0.0
1963	0.0
1964	0.0
1965	0.0
1966	0.0
1967	0.0
1968	0.0
1969	0.0
197	0.2313
1970	0.0
1971	0.0
1972	0.0
1973	0.0
1974	0.0
1975	0.0
1976	0.0
1977	0.0
1978	0.0
1979	0.0
198	0.2838
1980	0.0
1981	0.0
1982	0.0
1983	0.0
1984	0.0
1985	0.0
1986	0.0
1987	0.0
1988	0.0
1989	0.0
199	0.339
1990	0.0
1991	0.0
1992	0.0
1993	0.0
1994	0.0
1995	1.0063
1996	0.0
1997	0.0
1998	0.0
1999	0.0
2	8.2998
20	0.0068
200	0.3725
2000	0.0
2001	0.0
2002	0.0
2003	0.0
2004	0.0
2005	0.0
2006	0.0
2007	0.0
2008	0.0
2009	0.0
201	0.6994
2010	0.0
2011	0.0
2012	0.0
2013	0.0
2014	0.0
2015	0.0
2016	0.0
2017	0.0
2018	0.0
2019	0.0
202	0.7156
2020	0.0
2021	0.0
2022	0.0
2023	0.0
2024	0.0
2025	0.0
2026	0.0
2027	0.0
2028	0.0
2029	0.0
203	0.2262
2030	0.0
2031	0.0
2032	0.0
2033	0.0
2034	0.0
2035	0.0
2036	0.0
2037	0.0
2038	0.0
2039	0.0
204	0.3322
2040	0.0
2041	0.0
2042	0.0
2043	0.0
2044	0.0
2045	0.0
2046	0.0
2047	0.0
2048	0.0
2049	0.0
205	0.2651
2050	0.0
2051	0.0
2052	0.0
2053	0.0
2054	0.0
2055	0.0
2056	0.0
2057	0.0
2058	0.0
2059	0.0
206	0.2195
2060	0.0
2061	0.0
2062	0.0
2063	0.0
2064	0.0
2065	0.0
2066	0.0
2067	0.0
2068	0.0
2069	0.0
207	8.0E-4
2070	0.0
2071	0.0
2072	0.0
2073	0.0
2074	0.0
2075	0.0
2076	0.0
2077	0.0
2078	0.0
2079	0.0
208	9.0E-4
2080	4.0E-4
2081	3.0E-4
2082	4.0E-4
2083	3.0E-4
2084	2.0E-4
2085	3.0E-4
2086	1.0E-4
2087	1.0E-4
2088	1.0E-4
2089	1.0E-4
209	0.0019
2090	2.0E-4
2091	1.0E-4
2092	1.0E-4
2093	2.0E-4
2094	2.0E-4
2095	1.0E-4
2096	2.0E-4
2097	1.0E-4
2098	9.0E-4
2099	2.0E-4
21	0.0097
210	0.0017
2100	2.3959
2101	0.0149
2102	0.0
2103	0.0952
2104	0.0
2105	0.0
2106	0.0
2107	2.0E-4
2108	2.0E-4
2109	2.0E-4
211	0.0727
2110	2.0E-4
2111	2.0E-4
2112	2.0E-4
2113	2.0E-4
2114	2.0E-4
2115	3.0E-4
2116	2.0E-4
2117	2.0E-4
2118	2.0E-4
2119	2.0E-4
212	0.4032
2120	2.0E-4
2121	2.0E-4
2122	2.0E-4
2123	2.0E-4
2124	2.0E-4
2125	0.0017
2126	0.0017
2127	8.0E-4
2128	0.001
2129	8.0E-4
213	0.4095
2130	8.0E-4
2131	8.0E-4
2132	6.0E-4
2133	6.0E-4
2134	6.0E-4
2135	6.0E-4
2136	6.0E-4
2137	0.0013
2138	0.0013
2139	0.0015
214	0.4082
2140	0.0013
2141	0.0013
2142	0.0013
2143	0.0013
2144	0.327
2145	0.3873
2146	0.3175
2147	0.3175
2148	0.327
2149	3.0E-4
215	0.4023
2150	3.0E-4
2151	3.0E-4
2152	3.0E-4
2153	3.0E-4
2154	3.0E-4
2155	3.0E-4
2156	3.0E-4
2157	3.0E-4
2158	3.0E-4
2159	4.0E-4
216	0.408
2160	4.0E-4
2161	4.0E-4
2162	4.0E-4
2163	4.0E-4
2164	4.0E-4
2165	4.0E-4
2166	4.0E-4
2167	3.0E-4
2168	3.0E-4
2169	3.0E-4
217	0.4057
2170	3.0E-4
2171	0.0083
2172	0.1019
2173	3.0E-4
2174	3.0E-4
2175	3.0E-4
2176	3.0E-4
2177	3.0E-4
2178	3.0E-4
2179	3.0E-4
218	0.2704
2180	3.0E-4
2181	3.0E-4
2182	3.0E-4
2183	3.0E-4
2184	3.0E-4
2185	3.0E-4
2186	3.0E-4
2187	3.0E-4
2188	3.0E-4
2189	3.0E-4
219	0.0751
2190	3.0E-4
2191	3.0E-4
2192	3.0E-4
2193	0.7009
2194	0.6863
2195	0.6863
2196	0.7009
2197	0.7009
2198	0.6567
2199	0.0146
22	0.0021
220	0.0796
2200	0.0146
2201	0.0146
2202	0.0146
2203	0.0146
2204	0.0146
2205	0.0146
2206	0.0146
2207	0.0146
2208	0.0146
2209	4.0E-4
221	0.0023
2210	0.0
2211	0.0
2212	1.0E-4
2213	0.0
2214	0.0
2215	0.0
2216	0.0
2217	0.0
2218	0.0
2219	0.0
222	0.0023
2220	0.0
2221	0.0
2222	1.0E-4
2223	0.0
2224	0.0
2225	0.0
2226	0.0
2227	0.0
2228	0.0
2229	0.0
223	1.0E-4
2230	0.0
2231	0.0
2232	0.0
2233	0.0
2234	0.0
2235	0.0
2236	1.0E-4
2237	0.0
2238	0.0
2239	0.0
224	0.6726
2240	0.0
2241	0.0
2242	0.0
2243	0.0
2244	0.0
2245	0.0
2246	0.0
2247	0.0
2248	0.0
2249	0.0
225	5.0E-4
2250	0.0
2251	0.0
2252	0.0
2253	0.0
2254	0.0
2255	0.0
2256	0.0
2257	0.0
2258	1.0E-4
2259	0.0
226	6.0E-4
2260	0.0
2261	0.0
2262	0.0
2263	0.0
2264	0.0
2265	0.0
2266	0.0
2267	0.0
2268	1.0E-4
2269	0.0
227	5.0E-4
2270	0.0
2271	0.0
2272	0.0
2273	0.0
2274	0.0
2275	0.0
2276	0.0
2277	0.0
2278	0.0
2279	0.0
228	5.0E-4
2280	0.0
2281	0.0
2282	1.0E-4
2283	1.0E-4
2284	0.0
2285	0.0
2286	0.0
2287	0.0
2288	0.0
2289	0.0
229	0.001
2290	1.0E-4
2291	0.0
2292	0.0
2293	0.0
2294	0.0
2295	0.0
2296	0.0
2297	0.0
2298	0.0
2299	0.0
23	0.0224
230	5.0E-4
2300	0.0
2301	0.0
2302	0.0
2303	0.0
2304	0.0
2305	0.0
2306	0.0
2307	0.0
2308	0.0
2309	0.0
231	0.0751
2310	0.0
2311	0.0
2312	0.0
2313	0.0
2314	0.0
2315	0.0
2316	0.0
2317	0.0
2318	0.0
2319	0.0
232	0.0578
2320	0.0
2321	0.0
2322	0.0
2323	0.0
2324	0.0
2325	0.0
2326	0.0
2327	0.0
2328	0.0
2329	0.0
233	0.0578
2330	0.0
2331	0.0
2332	0.0
2333	0.0
2334	0.0
2335	0.0
2336	0.0
2337	0.0
2338	0.0
2339	0.0
234	0.0578
2340	0.0
2341	0.0
2342	0.0
2343	0.0
2344	0.0
2345	0.0
2346	0.0
2347	0.0
2348	0.0
2349	0.0
235	0.0905
2350	0.0
2351	0.0
2352	0.0
2353	0.0
2354	0.0
2355	0.0
2356	0.0
2357	0.0
2358	0.0
2359	0.0
236	0.097
2360	0.0
2361	0.0
2362	3.0E-4
2363	0.0664
2364	0.0
2365	0.0
2366	0.0
2367	0.0
2368	0.0
2369	0.0
237	0.0578
2370	0.0
2371	0.0
2372	0.0
2373	0.0
2374	0.0
2375	0.0
2376	0.0
2377	0.0
2378	0.0
2379	0.0
238	0.0578
2380	0.0
2381	0.0
2382	0.0
2383	0.0
2384	0.0
2385	0.0
2386	0.0
2387	0.0
2388	0.0
2389	0.0
239	0.0578
2390	0.0
2391	0.0
2392	0.0
2393	0.0
2394	0.0
2395	0.0
2396	0.0
2397	0.0
2398	0.0
2399	0.0
24	0.0023
240	0.0922
2400	0.0
2401	0.0
2402	1.0E-4
2403	0.0
2404	0.0
2405	0.0
2406	0.0
2407	0.0
2408	0.0
2409	0.0
241	0.06
2410	0.0
2411	0.0
2412	0.0
2413	0.0
2414	0.0
2415	0.0
2416	0.0
2417	0.0
2418	0.0
2419	0.0
242	0.0858
2420	0.0
2421	0.0
2422	0.0
2423	0.0
2424	0.0
2425	0.0
2426	0.0
2427	0.0
2428	0.0
2429	0.0
243	0.0578
2430	0.0
2431	0.0
2432	0.0
2433	0.0
2434	0.0
2435	0.0
2436	0.0
2437	0.0
2438	0.0
2439	0.0
244	0.0855
2440	0.0
2441	0.0
2442	0.0
2443	0.0
2444	0.0
2445	0.0
2446	0.0
2447	0.0
2448	0.0
2449	0.0
245	0.0855
2450	0.0
2451	0.0
2452	0.0052
2453	0.0032
2454	0.0032
2455	0.0013
2456	0.0032
2457	0.0034
2458	0.0032
2459	0.0013
246	0.0784
2460	7.0E-4
2461	7.0E-4
2462	7.0E-4
2463	7.0E-4
2464	7.0E-4
2465	7.0E-4
2466	7.0E-4
2467	7.0E-4
2468	7.0E-4
2469	7.0E-4
247	0.0578
2470	7.0E-4
2471	7.0E-4
2472	7.0E-4
2473	7.0E-4
2474	7.0E-4
2475	7.0E-4
2476	7.0E-4
2477	7.0E-4
2478	7.0E-4
2479	7.0E-4
248	0.1167
2480	7.0E-4
2481	7.0E-4
2482	0.0037
2483	0.0021
2484	0.0021
2485	0.0074
2486	0.0074
2487	8.0E-4
2488	8.0E-4
2489	8.0E-4
249	0.3719
2490	8.0E-4
2491	8.0E-4
2492	8.0E-4
2493	8.0E-4
2494	8.0E-4
2495	8.0E-4
2496	8.0E-4
2497	8.0E-4
2498	8.0E-4
2499	8.0E-4
25	0.0021
250	0.0762
2500	8.0E-4
2501	8.0E-4
2502	8.0E-4
2503	8.0E-4
2504	8.0E-4
2505	8.0E-4
2506	8.0E-4
2507	8.0E-4
2508	8.0E-4
2509	8.0E-4
251	0.0796
2510	0.0
2511	0.0
2512	0.0
2513	0.0
2514	0.0
2515	0.0
2516	0.0
2517	0.0
2518	0.0
2519	0.0
252	0.1938
2520	0.0
2521	0.0
2522	0.0
2523	0.0
2524	0.0
2525	0.0
2526	0.0
2527	0.0
2528	0.0
2529	0.0
253	0.0613
2530	0.0
2531	0.0
2532	0.0
2533	0.0
2534	0.0
2535	1.0E-4
2536	0.0551
2537	0.1205
2538	0.1205
2539	0.0551
254	0.1098
2540	2.0E-4
2541	2.0E-4
2542	2.0E-4
2543	2.0E-4
2544	1.0E-4
2545	1.0E-4
2546	1.0E-4
2547	1.0E-4
2548	1.0E-4
2549	1.0E-4
255	0.1415
2550	1.0E-4
2551	0.2581
2552	0.2581
2553	0.2581
2554	0.2581
2555	0.0
2556	0.0
2557	0.0
2558	0.0
2559	0.0
256	0.1309
2560	0.0
2561	0.0
2562	0.0
2563	1.0E-4
2564	0.0
2565	0.0
2566	0.0
2567	0.0
2568	0.0
2569	0.0
257	0.1632
2570	0.0
2571	0.0
2572	0.0
2573	0.0
2574	0.0
2575	0.0
2576	0.0
2577	0.0
2578	0.0
2579	0.0
258	0.3744
2580	0.0
2581	0.0
2582	0.0
2583	0.0
2584	0.0
2585	0.0
2586	0.0
2587	0.0
2588	2.0E-4
2589	0.0
259	0.3744
2590	0.0
2591	0.0
2592	0.0
2593	0.0
2594	0.0
2595	0.0
2596	0.0
2597	0.0
2598	1.0E-4
2599	0.0
26	0.3618
260	0.3744
2600	0.0
2601	0.0
2602	0.0
2603	0.0
2604	0.0
2605	0.0
2606	0.0
2607	0.0
2608	0.0
2609	0.0
261	0.0344
2610	0.0
2611	0.0
2612	0.0
2613	0.0
2614	0.0
2615	0.0
2616	0.0
2617	0.0
2618	0.0
2619	0.0
262	0.0377
2620	0.0
2621	0.0
2622	0.0
2623	0.0
2624	0.0
2625	0.0
2626	0.0
2627	0.0
2628	0.0
2629	0.0
263	0.0357
2630	0.0
2631	0.0
2632	0.0
2633	0.0
2634	0.0
2635	0.0
2636	0.0
2637	0.0
2638	0.0
2639	0.0
264	0.0403
2640	0.0
2641	0.0
2642	0.0
2643	0.0
2644	0.0
2645	0.0
2646	0.0
2647	0.0
2648	0.0
2649	0.0
265	0.0365
2650	0.0
2651	0.0
2652	0.0
2653	0.0
2654	0.0
2655	0.0
2656	0.0
2657	0.0
2658	0.0
2659	0.0
266	0.0361
2660	0.0
2661	0.0
2662	0.0
2663	0.0
2664	0.0
2665	0.0
2666	0.0
2667	0.0
2668	0.0
2669	0.0
267	0.0389
2670	0.0
2671	1.0698
2672	1.0698
2673	1.0698
2674	1.0698
2675	1.0698
2676	1.0E-4
2677	0.0
2678	0.0
2679	0.0
268	0.0381
2680	0.0
2681	0.0
2682	0.0
2683	0.0
2684	0.0
2685	0.0
2686	0.0
2687	0.0
2688	0.0
2689	0.0
269	0.0357
2690	0.0
2691	0.0
2692	0.0
2693	0.0
2694	0.0
2695	0.0
2696	0.0
2697	0.0
2698	0.0
2699	0.0
27	4.8488
270	0.0396
2700	0.0
2701	0.0
2702	0.0
2703	0.0
2704	0.0
2705	0.0
2706	0.0
2707	0.0
2708	0.0
2709	0.0
271	0.0335
2710	0.0
2711	0.0
2712	0.0
2713	0.0
2714	0.0
2715	0.0
2716	0.0
2717	0.0
2718	0.0
2719	0.0
272	0.0385
2720	0.0
2721	0.0
2722	0.0
2723	0.0
2724	0.0
2725	0.0
2726	0.0
2727	0.0
2728	0.0
2729	0.0
273	0.0361
2730	0.0
2731	0.0
2732	0.0
2733	0.0
2734	0.0
2735	0.083
2736	0.0
2737	7.0E-4
2738	7.0E-4
2739	7.0E-4
274	0.0339
2740	7.0E-4
2741	7.0E-4
2742	7.0E-4
2743	7.0E-4
2744	7.0E-4
2745	7.0E-4
2746	7.0E-4
2747	7.0E-4
2748	0.0
2749	0.0
275	0.0374
2750	0.0
2751	0.0
2752	0.0
2753	0.0053
2754	0.0
2755	0.0
2756	0.0
2757	0.0
2758	0.0
2759	0.0
276	0.042
2760	0.0
2761	0.0
2762	0.0
2763	0.001
2764	0.001
2765	0.001
2766	0.001
2767	0.001
2768	0.001
2769	0.001
277	0.0367
2770	0.001
2771	0.0369
2772	0.0369
2773	0.0369
2774	0.0369
2775	0.0369
2776	0.0369
2777	0.0369
2778	0.0369
2779	0.0369
278	0.039
2780	0.0369
2781	0.0369
2782	0.0369
2783	0.0
2784	0.0
2785	0.0
2786	2.0E-4
2787	4.0E-4
2788	4.0E-4
2789	0.0
279	0.036
2790	0.0
2791	0.0
2792	0.0
2793	0.0
2794	0.0
2795	0.0
2796	0.0
2797	0.0
2798	3.0E-4
2799	0.0
28	3.6766
280	0.0415
2800	0.0
2801	0.0
2802	0.0
2803	0.0
2804	0.0
2805	0.0
2806	0.0
2807	0.0
2808	0.0
2809	0.0
281	0.0361
2810	0.0
2811	0.0
2812	0.0
2813	0.0
2814	0.0
2815	0.0
2816	0.0
2817	0.0
2818	0.0
2819	0.0
282	0.0371
2820	0.0
2821	0.0
2822	0.0
2823	0.0
2824	0.0
2825	0.0
2826	0.0
2827	0.0
2828	0.0
2829	0.0
283	0.0361
2830	0.0
2831	0.0
2832	0.0
2833	0.0
2834	0.0
2835	0.0
2836	0.0
2837	0.0
2838	0.0
2839	0.0
284	0.0366
2840	0.0
2841	0.0
2842	0.0
2843	0.0
2844	0.0
2845	0.0
2846	0.0
2847	0.0
2848	0.0
2849	0.0
285	0.0362
2850	0.0
2851	0.0
2852	0.0
2853	0.0
2854	0.0
2855	0.0
2856	0.0
2857	0.0
2858	0.0
2859	0.0
286	0.0357
2860	0.0
2861	0.0
2862	0.0
2863	0.0
2864	0.0
2865	0.0
2866	0.0
2867	0.0
2868	0.0
2869	0.0
287	0.0357
2870	0.0
2871	0.0
2872	0.0
2873	0.0
2874	0.0
2875	0.0
2876	0.0
2877	0.0
2878	0.0
2879	0.0
288	0.0368
2880	0.0
2881	0.0
2882	0.0
2883	0.0
2884	0.0
2885	0.0
2886	0.0
2887	0.0
2888	0.0
2889	0.0
289	0.0361
2890	0.0
2891	0.0
2892	0.0
2893	0.0
2894	0.0
2895	0.0
2896	0.0
2897	0.0
2898	0.0
2899	0.0
29	3.7688
290	0.0364
2900	0.0
2901	0.0
2902	0.0
2903	0.0
2904	0.0
2905	0.0
2906	0.0
2907	0.0
2908	0.0
2909	0.0
291	0.037
2910	0.0
2911	0.0
2912	0.0
2913	0.0
2914	0.0
2915	0.0
2916	0.0
2917	0.0
2918	0.0
2919	0.0
292	0.0368
2920	0.0
2921	0.0
2922	0.0
2923	0.0
2924	0.0
2925	0.0
2926	0.0
2927	0.0
2928	0.0
2929	0.0
293	0.0364
2930	0.0
2931	0.0
2932	0.0
2933	0.0
2934	0.0
2935	0.0
2936	0.0
2937	0.0
2938	0.0
2939	0.0
294	0.0533
2940	0.0
2941	0.0
2942	0.0
2943	0.0
2944	0.0
2945	0.0
2946	0.0
2947	0.0
2948	0.0
2949	0.0
295	0.0534
2950	0.0
2951	0.0
2952	0.0
2953	0.0
2954	0.0
2955	0.0
2956	0.0
2957	0.0
2958	0.0
2959	0.0
296	0.0532
2960	0.0
2961	0.0
2962	0.0
2963	0.0
2964	0.0
2965	0.0
2966	0.0
2967	0.0
2968	0.0
2969	0.0
297	0.0553
2970	0.0
2971	0.0
2972	0.0
2973	0.0
2974	0.0
2975	0.0
2976	0.0
2977	0.0
2978	0.0
2979	0.0
298	0.0554
2980	0.0
2981	0.0
2982	0.0
2983	0.0025
2984	3.0E-4
2985	3.0E-4
2986	3.0E-4
2987	3.0E-4
2988	3.0E-4
2989	3.0E-4
299	0.0532
2990	3.0E-4
2991	2.0E-4
2992	2.0E-4
2993	2.0E-4
2994	1.0E-4
2995	2.0E-4
2996	2.0E-4
2997	2.0E-4
2998	1.0E-4
2999	0.0
3	0.0038
30	0.9736
300	0.2356
3000	0.0
3001	0.0
3002	0.0
3003	0.0
3004	0.0
3005	0.0
3006	0.0
3007	0.0
3008	0.0
3009	0.0
301	0.0532
3010	0.0
3011	0.0
3012	0.0
3013	0.0
3014	0.0
3015	0.0
3016	0.0
3017	0.0
3018	0.0
3019	0.0
302	0.1383
3020	0.0
3021	0.0
3022	0.0
3023	0.0
3024	0.0
3025	0.0
3026	2.0E-4
3027	2.0E-4
3028	1.0E-4
3029	1.0E-4
303	0.1653
3030	4.0E-4
3031	4.0E-4
3032	0.0
3033	0.0
3034	0.0
3035	0.0
3036	0.0
3037	0.0
3038	0.0
3039	0.0
304	0.0023
3040	0.0
3041	0.0
3042	0.0
3043	0.0
3044	0.0
3045	0.0
3046	0.0
3047	0.0
3048	0.0
3049	0.0
305	0.0054
3050	0.0
3051	0.0
3052	0.0
3053	0.0
3054	0.0
3055	1.0E-4
3056	1.0E-4
3057	1.0E-4
3058	1.0E-4
3059	0.0
306	0.0055
3060	0.0
3061	0.0
3062	0.0
3063	0.0
3064	0.0
3065	1.0E-4
3066	1.0E-4
3067	0.0
3068	1.0E-4
3069	0.0
307	0.0061
3070	0.0
3071	0.0
3072	0.0
3073	0.0
3074	0.0
3075	0.0
3076	0.0
3077	0.0
3078	1.0E-4
3079	1.0E-4
308	0.003
3080	1.0E-4
3081	1.0E-4
3082	1.0E-4
3083	1.0E-4
3084	1.0E-4
3085	1.0E-4
3086	1.0E-4
3087	1.0E-4
3088	0.2204
3089	0.8674
309	0.3184
3090	0.0766
3091	0.0766
3092	0.0766
3093	0.0766
3094	0.078
3095	0.1549
3096	0.0766
3097	0.0846
3098	0.1357
3099	0.1266
31	0.563
310	0.2681
3100	0.1266
3101	0.1266
3102	0.0848
3103	0.0848
3104	0.094
3105	0.1266
3106	0.1266
3107	0.1291
3108	0.1266
3109	0.1593
311	0.2693
3110	0.1266
3111	0.438
3112	0.1184
3113	0.1184
3114	0.0201
3115	0.0227
3116	0.0201
3117	0.0235
3118	0.0201
3119	0.1119
312	0.282
3120	0.1396
3121	0.0
3122	0.0
3123	0.0
3124	0.0
3125	0.0
3126	0.0
3127	0.0
3128	0.0
3129	1.0018
313	0.2681
3130	1.0E-4
3131	1.0E-4
3132	1.0E-4
3133	1.0E-4
3134	1.0E-4
3135	1.0E-4
3136	1.0E-4
3137	1.0E-4
3138	1.0E-4
3139	2.0E-4
314	0.2681
3140	0.0363
3141	0.0363
3142	0.0363
3143	0.0363
3144	0.0363
3145	0.0363
3146	0.0363
3147	0.0363
3148	0.0363
3149	0.0363
315	0.2681
3150	0.0363
3151	0.0363
3152	3.0E-4
3153	1.0E-4
3154	1.0E-4
3155	1.0E-4
3156	1.0E-4
3157	1.0E-4
3158	1.0E-4
3159	1.0E-4
316	0.2681
3160	1.0E-4
3161	1.0E-4
3162	1.0E-4
3163	0.0166
3164	0.0012
3165	1.0E-4
3166	1.0E-4
3167	3.0E-4
3168	3.0E-4
3169	8.0E-4
317	0.2681
3170	0.0573
3171	0.0582
3172	0.0582
3173	0.0573
3174	1.0E-4
3175	1.0E-4
3176	1.0E-4
3177	0.008
3178	0.008
3179	0.008
318	0.2681
3180	0.0091
3181	0.0763
3182	2.7938
3183	0.0116
3184	1.4489
3185	0.008
3186	5.1633
3187	0.0108
3188	3.794
3189	0.3452
319	0.2681
3190	0.3452
3191	0.0092
3192	0.008
3193	0.008
3194	0.008
3195	0.008
3196	0.204
3197	0.0
3198	0.0
3199	0.0
32	0.8868
320	0.3243
3200	0.0
3201	0.0
3202	0.0
3203	0.0
3204	0.0
3205	0.0
3206	0.0
3207	0.0
3208	0.0
3209	0.0
321	0.0306
3210	0.0
3211	0.0
3212	0.0
3213	0.0
3214	0.0
3215	0.0
3216	0.0
3217	0.0
3218	0.0
3219	0.0
322	0.0308
3220	8.7382
3221	6.6743
3222	1.8858
3223	4.6133
3224	7.3616
3225	3.4716
3226	5.9863
3227	11.7245
3228	5.2996
3229	3.0165
323	0.0308
3230	0.0
3231	0.0
3232	0.0
3233	0.0
3234	0.0
3235	0.0
3236	0.0
3237	0.0
3238	0.0
3239	0.0
324	0.0471
3240	0.0
3241	0.0
3242	0.0
3243	0.0
3244	0.0
3245	0.0
3246	0.0
3247	0.0
3248	0.0
3249	0.0
325	0.0075
3250	0.0
3251	0.0
3252	0.0
3253	0.0
3254	0.0
3255	0.0
3256	0.0
3257	0.0
3258	0.0
3259	0.0
326	0.0075
3260	0.0
3261	0.0
3262	0.0
3263	0.0
3264	0.0
3265	0.0
3266	0.0
3267	0.0
3268	0.0
3269	0.0
327	0.0075
3270	0.0
3271	0.0
3272	0.0
3273	0.0
3274	3.6371
3275	0.0
3276	0.0
3277	0.0
3278	0.0
3279	0.0
328	0.0075
3280	0.0
3281	0.0
3282	0.0
3283	0.0
3284	0.0
3285	0.0
3286	0.0
3287	0.0
3288	0.0
3289	0.0
329	0.0075
3290	0.0
3291	0.0
3292	0.0
3293	0.0
3294	0.0
3295	0.0
3296	0.0
3297	0.0
3298	0.0
3299	0.0
33	1.0819
330	0.0075
3300	8.0E-4
3301	8.0E-4
3302	8.0E-4
3303	3.0E-4
3304	3.0E-4
3305	3.0E-4
3306	3.0E-4
3307	3.0E-4
3308	3.0E-4
3309	3.0E-4
331	0.0265
3310	3.0E-4
3311	3.0E-4
3312	3.0E-4
3313	2.0E-4
3314	2.0E-4
3315	2.0E-4
3316	2.0E-4
3317	2.0E-4
3318	2.0E-4
3319	2.0E-4
332	0.0292
3320	2.0E-4
3321	3.0E-4
3322	0.0075
3323	0.0075
3324	0.0075
3325	0.0075
3326	0.0075
3327	0.0075
3328	0.0075
3329	0.0
333	0.0022
3330	0.0
3331	0.0
3332	0.0
3333	0.0
3334	0.0
3335	0.0
3336	0.0
3337	0.0
3338	0.0
3339	0.0
334	0.0514
3340	0.0
3341	0.0
3342	0.0
3343	0.0
3344	0.0
3345	0.0
3346	0.0
3347	0.0
3348	0.0
3349	0.0
335	0.0514
3350	0.0
3351	0.0
3352	0.0
3353	0.0
3354	0.0
3355	0.0
3356	0.0
3357	0.0
3358	0.0
3359	0.0
336	0.0514
3360	0.0
3361	0.0
3362	0.0
3363	0.0
3364	0.0
3365	0.0
3366	0.0
3367	0.0
3368	0.0
3369	0.0
337	0.1976
3370	0.0
3371	0.0
3372	0.0
3373	0.0
3374	0.0
3375	0.0
3376	0.0
3377	0.0
3378	0.0
3379	0.0
338	0.1976
3380	0.0
3381	0.0
3382	0.0
3383	0.0
3384	0.0
3385	0.0
3386	0.0
3387	0.0
3388	0.0
3389	0.0
339	0.1976
3390	0.0
3391	0.0
3392	0.0
3393	0.0
3394	0.0
3395	0.0
3396	0.0
3397	0.0
3398	0.0
3399	0.0
34	0.5426
340	5.0E-4
3400	0.0
3401	0.0
3402	0.0
3403	0.0
3404	0.0
3405	0.0
3406	0.0
3407	0.0
3408	0.0
3409	0.0
341	0.0031
3410	0.0
3411	0.0
3412	0.0
3413	0.0
3414	0.0
3415	0.0
3416	0.0
3417	0.0
3418	0.0
3419	0.0
342	1.0E-4
3420	0.0
3421	0.0
3422	0.0
3423	0.0
3424	0.0
3425	0.0
3426	0.0
3427	0.0
3428	0.0
3429	0.0
343	1.0E-4
3430	0.0
3431	0.0
3432	0.0
3433	0.0
3434	0.0
3435	0.0
3436	0.0
3437	0.0
3438	0.0
3439	0.0
344	0.0012
3440	0.0
3441	0.0
3442	0.0
3443	0.0
3444	0.0
3445	0.0
3446	0.0
3447	0.0
3448	0.0
3449	0.0
345	1.0E-4
3450	0.0
3451	0.0
3452	0.0
3453	0.0
3454	0.0
3455	0.0
3456	0.0
3457	0.0
3458	0.0
3459	0.0
346	1.0E-4
3460	0.0
3461	0.0
3462	0.0
3463	0.0
3464	0.0
3465	0.0
3466	0.0
3467	0.0
3468	0.0
3469	0.0
347	1.0E-4
3470	0.0
3471	0.0
3472	0.0
3473	0.0
3474	0.0
3475	0.0
3476	0.0
3477	0.0
3478	0.0
3479	1.0698
348	2.0E-4
3480	1.0698
3481	1.0698
3482	1.0698
3483	1.0698
3484	1.0698
3485	1.0698
3486	1.0698
3487	1.0698
3488	1.0698
3489	0.0
349	1.0E-4
3490	0.0
3491	0.0
3492	0.0
3493	0.0
3494	0.0
3495	0.0
3496	0.0
3497	0.0
3498	0.0
3499	0.0
35	0.6229
350	1.0E-4
3500	0.0
3501	0.0
3502	0.0
3503	0.0
3504	0.0
3505	0.0
3506	0.0
3507	0.0
3508	0.0
3509	0.0
351	1.0E-4
3510	0.0
3511	0.0029
3512	0.1401
3513	0.0
3514	2.0157
3515	4.0E-4
3516	4.0E-4
3517	0.0
3518	0.0
3519	0.0
352	1.0E-4
3520	0.0
3521	0.0
3522	0.0
3523	0.0
3524	0.0
3525	0.0
3526	0.0
3527	0.0
3528	0.0
3529	0.0
353	1.0E-4
3530	0.0
3531	0.0
3532	0.0
3533	0.0
3534	0.0
3535	0.0
3536	0.0
3537	0.0
3538	0.0
3539	0.0
354	1.0E-4
3540	0.0
3541	0.0
3542	0.0
3543	0.0
3544	0.0
3545	0.0
3546	0.0
3547	0.0
3548	0.0
3549	0.0
355	1.0E-4
3550	0.0
3551	0.0
3552	0.0
3553	0.0
3554	0.0
3555	0.0
3556	0.0
3557	0.0
3558	0.0
3559	0.0
356	0.6369
3560	0.0
3561	0.0
3562	0.0
3563	0.0
3564	0.0
3565	0.0
3566	0.0
3567	0.0
3568	0.0
3569	0.0
357	0.5794
3570	0.0
3571	0.0
3572	0.0
3573	0.0
3574	0.0
3575	0.0
3576	0.0
3577	0.0
3578	0.0
3579	0.0
358	0.1723
3580	0.0
3581	0.0
3582	0.0
3583	1.0E-4
3584	0.3607
3585	0.4161
3586	0.547
3587	0.4161
3588	0.0093
3589	0.0093
359	0.2636
3590	0.0122
3591	0.0167
3592	0.0167
3593	0.0167
3594	0.0209
3595	0.0209
3596	0.0209
3597	0.0133
3598	0.0209
3599	0.0209
36	1.4229
360	0.1723
3600	0.5274
3601	0.0139
3602	0.0899
3603	0.0195
3604	0.02
3605	0.0681
3606	0.0681
3607	0.0042
3608	0.0103
3609	0.0042
361	0.1723
3610	0.0103
3611	0.0063
3612	0.0063
3613	0.0442
3614	0.0103
3615	0.0347
3616	0.0454
3617	0.0085
3618	0.0085
3619	0.0085
362	1.0813
3620	0.0085
3621	0.0085
3622	0.0085
3623	0.0085
3624	0.0192
3625	0.0085
3626	0.0171
3627	0.0107
3628	0.0107
3629	0.0107
363	0.003
3630	0.0107
3631	0.0107
3632	0.0107
3633	0.0107
3634	0.0136
3635	0.0136
3636	0.0136
3637	0.0216
3638	0.0049
3639	0.0049
364	0.003
3640	0.0049
3641	0.0049
3642	0.0049
3643	2.1939
3644	2.1939
3645	2.0569
3646	2.0569
3647	2.0569
3648	2.0569
3649	0.0023
365	0.0054
3650	0.0023
3651	0.0023
3652	0.0023
3653	0.0023
3654	0.0023
3655	0.0023
3656	0.0023
3657	0.0023
3658	0.0023
3659	0.0089
366	0.003
3660	0.0043
3661	0.0043
3662	0.0043
3663	0.0043
3664	0.0409
3665	0.0
3666	0.0
3667	0.0
3668	0.0
3669	0.0
367	0.003
3670	0.0
3671	0.0
3672	0.0
3673	0.0
3674	0.0
3675	0.0
3676	0.0
3677	0.0
3678	0.0
3679	0.0
368	0.003
3680	0.0
3681	0.0
3682	0.0
3683	0.0
3684	0.0
3685	0.0
3686	0.0
3687	0.0
3688	0.0
3689	0.0
369	0.4689
3690	0.0
3691	0.0
3692	0.0
3693	0.0
3694	0.0
3695	0.0
3696	0.0
3697	0.0
3698	0.0
3699	0.0
37	6.8338
370	1.0E-4
3700	0.0
3701	0.0
3702	0.1399
3703	1.0E-4
3704	0.0
3705	0.0
3706	0.0
3707	0.0
3708	0.0
3709	0.0
371	2.0E-4
3710	0.0
3711	0.0
3712	0.0
3713	0.0
3714	0.0
3715	0.0
3716	0.0
3717	0.0
3718	0.0
3719	0.0
372	1.0E-4
3720	0.0
3721	0.0
3722	0.0
3723	0.0
3724	0.0
3725	0.0
3726	0.0
3727	0.0
3728	0.0
3729	7.259
373	1.0E-4
3730	0.0
3731	0.0
3732	0.0
3733	0.0033
3734	0.0149
3735	0.0035
3736	0.0033
3737	2.0E-4
3738	5.0E-4
3739	5.0E-4
374	1.0E-4
3740	0.001
3741	3.0E-4
3742	5.7467
3743	2.0E-4
3744	2.0E-4
3745	2.0E-4
3746	2.0E-4
3747	2.0E-4
3748	1.0E-4
3749	1.0E-4
375	1.0E-4
3750	1.0E-4
3751	7.0E-4
3752	7.0E-4
3753	7.0E-4
3754	7.0E-4
3755	7.0E-4
3756	7.0E-4
3757	7.0E-4
3758	7.0E-4
3759	0.0026
376	1.0E-4
3760	0.0026
3761	0.0026
3762	0.0103
3763	0.0103
3764	0.0103
3765	0.0103
3766	1.2114
3767	1.2114
3768	0.0011
3769	0.0011
377	1.0E-4
3770	0.0011
3771	0.0011
3772	0.0011
3773	1.4419
3774	1.4419
3775	1.4419
3776	1.4419
3777	0.0015
3778	0.0015
3779	0.0015
378	1.0E-4
3780	0.0015
3781	0.7068
3782	0.9374
3783	0.7068
3784	0.7068
3785	0.7068
3786	0.7068
3787	0.0012
3788	0.0017
3789	0.8074
379	1.0E-4
3790	0.8074
3791	0.8074
3792	0.0425
3793	0.0425
3794	0.0425
3795	0.0425
3796	0.0425
3797	0.0425
3798	0.0425
3799	0.0425
38	6.3064
380	1.0E-4
3800	0.0
3801	0.0
3802	0.0
3803	0.0
3804	0.0
3805	0.0
3806	0.0
3807	0.0
3808	3.6371
3809	0.0
381	1.0E-4
3810	0.0
3811	0.0
3812	0.0
3813	0.0
3814	0.0
3815	0.0
3816	0.0
3817	0.0
3818	0.0
3819	0.0
382	0.0037
3820	0.0
3821	0.0
3822	0.0
3823	0.0
3824	0.0
3825	0.0
3826	0.0
3827	0.0
3828	0.0
3829	0.0
383	0.0037
3830	0.0
3831	0.0
3832	0.0
3833	0.0
3834	10.192
3835	4.8765
3836	1.9068
3837	0.8163
3838	0.5012
3839	0.4078
384	0.0071
3840	0.3797
3841	0.3712
3842	0.3686
3843	0.3678
3844	0.3675
3845	0.3675
3846	0.3674
3847	0.3674
3848	0.3674
3849	0.3674
385	0.0071
3850	0.3674
3851	0.3674
3852	0.3674
3853	0.3674
3854	0.3674
3855	0.3674
3856	0.3674
3857	0.3674
3858	0.3674
3859	0.3674
386	0.0071
3860	0.3674
3861	0.3674
3862	0.3674
3863	0.3675
3864	0.3675
3865	0.3677
3866	0.3684
3867	0.3707
3868	0.3785
3869	0.4071
387	0.0156
3870	0.5183
3871	0.9929
3872	2.6972
3873	7.7769
3874	0.2137
3875	7.829
3876	3.8124
3877	1.5441
3878	0.7057
3879	0.4632
388	0.0042
3880	0.3913
3881	0.3696
3882	0.3631
3883	0.3611
3884	0.3604
3885	0.3603
3886	0.3602
3887	0.3602
3888	0.3602
3889	0.3602
389	0.0085
3890	0.3602
3891	0.3602
3892	0.3602
3893	0.3602
3894	0.3602
3895	0.3602
3896	0.3602
3897	0.3604
3898	0.3609
3899	0.3627
39	1.6175
390	2.0E-4
3900	0.3687
3901	0.3908
3902	0.4764
3903	0.8416
3904	2.1398
3905	5.9816
3906	0.2093
3907	2.3221
3908	1.2965
3909	0.6559
391	0.0024
3910	0.4057
3911	0.3345
3912	0.3193
3913	0.3387
3914	0.4468
3915	0.8036
3916	1.793
3917	0.1733
3918	5.4662
3919	2.7438
392	2.0E-4
3920	1.1758
3921	0.5896
3922	0.4198
3923	0.3693
3924	0.354
3925	0.3494
3926	0.348
3927	0.3476
3928	0.3474
3929	0.3474
393	2.0E-4
3930	0.3474
3931	0.3475
3932	0.3479
3933	0.3491
3934	0.3534
3935	0.3689
3936	0.4289
3937	0.6848
3938	1.5776
3939	4.1857
394	2.0E-4
3940	0.2016
3941	8.6161
3942	4.1673
3943	1.6653
3944	0.7429
3945	0.4763
3946	0.3972
3947	0.3734
3948	0.3662
3949	0.364
395	2.0E-4
3950	0.3633
3951	0.3631
3952	0.363
3953	0.363
3954	0.363
3955	0.363
3956	0.363
3957	0.363
3958	0.363
3959	0.363
396	2.0E-4
3960	0.363
3961	0.363
3962	0.363
3963	0.363
3964	0.363
3965	0.363
3966	0.3632
3967	0.3638
3968	0.3657
3969	0.3724
397	2.0E-4
3970	0.3966
3971	0.4907
3972	0.8924
3973	2.3258
3974	6.5797
3975	0.211
3976	4.1543
3977	2.1459
3978	0.9661
3979	0.5198
398	2.0E-4
3980	0.3903
3981	0.3518
3982	0.3401
3983	0.3366
3984	0.3356
3985	0.3355
3986	0.3364
3987	0.3396
3988	0.3514
3989	0.3973
399	3.0E-4
3990	0.5924
3991	1.2609
3992	3.1881
3993	0.1941
3994	7.0406
3995	3.4567
3996	1.4221
3997	0.6678
3998	0.4496
3999	0.3848
4	0.0021
40	2.1769
400	2.0E-4
4000	0.3653
4001	0.3593
4002	0.3575
4003	0.3569
4004	0.3568
4005	0.3568
4006	0.3568
4007	0.3567
4008	0.3567
4009	0.3567
401	1.0E-4
4010	0.3568
4011	0.3568
4012	0.3568
4013	0.3569
4014	0.3574
4015	0.359
4016	0.3644
4017	0.3843
4018	0.4614
4019	0.7902
402	2.0E-4
4020	1.953
4021	5.3825
4022	0.2073
4023	13.6083
4024	6.4119
4025	2.427
4026	0.972
4027	0.5519
4028	0.4275
4029	0.3901
403	2.0E-4
4030	0.3787
4031	0.3753
4032	0.3743
4033	0.374
4034	0.3739
4035	0.3738
4036	0.3738
4037	0.3738
4038	0.3738
4039	0.3738
404	2.0E-4
4040	0.3738
4041	0.3738
4042	0.3738
4043	0.3738
4044	0.3738
4045	0.3738
4046	0.3738
4047	0.3738
4048	0.3738
4049	0.3738
405	2.0E-4
4050	0.3738
4051	0.3738
4052	0.3738
4053	0.3738
4054	0.3738
4055	0.3738
4056	0.3738
4057	0.3738
4058	0.3738
4059	0.3738
406	2.0E-4
4060	0.3738
4061	0.3738
4062	0.3738
4063	0.3738
4064	0.3738
4065	0.3738
4066	0.3739
4067	0.3742
4068	0.3751
4069	0.3781
407	1.0E-4
4070	0.3886
4071	0.4266
4072	0.5748
4073	1.2074
4074	3.4996
4075	10.3724
4076	0.2176
4077	6.2536
4078	3.1007
4079	1.2995
408	1.0E-4
4080	0.6292
4081	0.4352
4082	0.3776
4083	0.3602
4084	0.3549
4085	0.3533
4086	0.3528
4087	0.3526
4088	0.3526
4089	0.3526
409	0.0046
4090	0.3526
4091	0.3526
4092	0.3526
4093	0.3528
4094	0.3532
4095	0.3546
4096	0.3595
4097	0.3771
4098	0.4457
4099	0.738
41	1.5805
410	0.0046
4100	1.7658
4101	4.7842
4102	0.2047
4103	3.6302
4104	1.9054
4105	0.8802
4106	0.4899
4107	0.3765
4108	0.3428
4109	0.3326
411	0.0046
4110	0.3297
4111	0.3296
4112	0.3322
4113	0.3425
4114	0.3826
4115	0.5534
4116	1.1325
4117	2.7893
4118	0.1899
4119	0.0
412	0.0046
4120	0.0
4121	0.0
4122	0.0
4123	0.0
4124	0.0
4125	0.0
4126	0.0
4127	0.0
4128	0.0
4129	0.0
413	0.0046
4130	0.0
4131	0.0
4132	0.0
4133	0.0
4134	0.0
4135	0.0
4136	0.0
4137	0.0
4138	0.0
4139	4.3645
414	0.0046
4140	2.2742
4141	1.0588
4142	0.6018
4143	0.4708
4144	0.4322
4145	0.4208
4146	0.4176
4147	0.4175
4148	0.4204
4149	0.4323
415	0.0033
4150	0.4794
4151	0.6823
4152	1.3749
4153	3.3753
4154	0.0
4155	0.0
4156	0.0
4157	0.0
4158	0.0
4159	0.0
416	0.018
4160	0.0
4161	0.0
4162	0.0
4163	0.0
4164	0.0
4165	0.0
4166	0.0
4167	0.0
4168	0.0
4169	0.0
417	1.0E-4
4170	0.0
4171	0.0
4172	0.0
4173	0.0
4174	0.0
4175	0.0
4176	0.0
4177	0.0
4178	0.0
4179	0.0
418	1.0E-4
4180	0.0
4181	0.0
4182	0.0
4183	0.0
4184	0.0
4185	0.0
4186	0.0
4187	0.0
4188	0.0
4189	0.0
419	1.0E-4
4190	0.0
4191	0.0
4192	0.0
4193	0.0
4194	0.0
4195	0.0
4196	0.0
4197	0.0
4198	0.0
4199	0.0
42	2.0449
420	1.0E-4
4200	0.0
4201	0.0
4202	0.0
4203	0.0
4204	0.0
4205	0.0
4206	0.0
4207	0.0
4208	0.0
4209	0.0
421	1.0E-4
4210	0.0
4211	0.0
4212	0.0
4213	0.0
4214	0.0
4215	0.0
4216	0.0
4217	0.0
4218	0.0
4219	0.0
422	1.0E-4
4220	0.0
4221	0.0
4222	0.0
4223	0.0
4224	0.0
4225	0.0
4226	0.0
4227	0.0
4228	0.0
4229	0.0
423	1.0E-4
4230	0.0
4231	0.0
4232	0.0
4233	0.0
4234	0.0
4235	0.0
4236	0.0
4237	0.0
4238	0.0
4239	0.0
424	1.0E-4
4240	0.0
4241	0.0
4242	0.0
4243	0.0
4244	0.0
4245	0.0
4246	0.0
4247	0.0
4248	0.0
4249	0.0
425	1.3574
4250	0.0
4251	0.0
4252	0.0
4253	0.0
4254	0.0
4255	0.0
4256	0.0
4257	0.0
4258	0.0
4259	0.0
426	0.0767
4260	0.0
4261	0.0
4262	0.0
4263	0.0
4264	0.0
4265	0.0
4266	0.0
4267	0.0
4268	0.0
4269	0.0
427	0.0303
4270	0.0
4271	0.0
4272	0.0
4273	0.0
4274	0.0
4275	0.0
4276	0.0
4277	0.0
4278	0.0
4279	0.0
428	0.0077
4280	0.0
4281	0.0
4282	0.0
4283	0.0
4284	0.0
4285	0.0
4286	0.0
4287	0.0
4288	0.0
4289	0.0
429	0.1263
4290	0.0
4291	0.0
4292	0.0
4293	0.0
4294	0.0
4295	0.0
4296	0.0
4297	0.0
4298	0.0
4299	0.0
43	5.2055
430	0.2509
4300	0.0
4301	0.0
4302	0.0
4303	0.0
4304	0.0
4305	0.0
4306	0.0
4307	0.0
4308	0.0
4309	0.0
431	0.0031
4310	0.0
4311	0.0
4312	0.0
4313	0.0
4314	0.0
4315	0.0
4316	0.0
4317	0.0
4318	0.0
4319	0.0
432	2.0E-4
4320	0.0
4321	0.0
4322	0.0
4323	0.0
4324	0.0
4325	0.0
4326	0.0
4327	0.0
4328	0.0
4329	0.0
433	0.003
4330	0.0
4331	0.0
4332	0.0
4333	0.0
4334	0.0
4335	0.0
4336	0.0
4337	0.0
4338	0.0
4339	0.0
434	0.003
4340	0.0
4341	0.0
4342	0.0
4343	0.0
4344	0.0
4345	0.0
4346	0.0
4347	0.0
4348	0.0
4349	0.0
435	0.0028
4350	0.0
4351	0.0
4352	0.0
4353	0.0
4354	0.0
4355	0.0
4356	0.0
4357	0.0
4358	0.0
4359	0.0
436	0.0028
4360	0.0
4361	0.0
4362	0.0
4363	0.0
4364	0.0
4365	0.0
4366	0.0
4367	0.0
4368	0.0
4369	0.0
437	0.0028
4370	0.0
4371	0.0
4372	0.0
4373	0.0
4374	0.0
4375	0.0
4376	0.0
4377	0.0
4378	0.0
4379	0.0
438	0.0028
4380	0.0
4381	0.0
4382	0.0
4383	0.0
4384	0.0
4385	0.0
4386	0.0
4387	0.0
4388	0.0
4389	0.0
439	0.0028
4390	0.0
4391	0.0
4392	0.0
4393	0.0
4394	0.0
4395	0.0
4396	0.0
4397	0.0
4398	0.0
4399	0.0
44	1.3278
440	0.0028
4400	0.0
4401	0.0
4402	0.0
4403	0.0
4404	0.0
4405	0.0
4406	0.0
4407	0.0
4408	0.0
4409	0.0
441	6.0E-4
4410	0.0
4411	0.0
4412	0.0
4413	0.0
4414	0.0
4415	0.0
4416	0.0
4417	0.0
4418	0.0
4419	0.0
442	7.0E-4
4420	0.0
4421	0.0
4422	0.0
4423	0.0
4424	0.0
4425	0.0
4426	0.0
4427	0.0
4428	0.0
4429	0.0
443	7.0E-4
4430	0.0
4431	0.0
4432	0.0
4433	0.0
4434	0.0
4435	0.0
4436	1.0E-4
4437	1.0E-4
4438	0.0
4439	1.0E-4
444	7.0E-4
4440	1.0E-4
4441	1.0E-4
4442	1.0E-4
4443	0.0
4444	0.0
4445	0.0
4446	0.0
4447	1.0E-4
4448	0.0
4449	0.0
445	0.0041
4450	0.0
4451	0.0
4452	0.0
4453	0.0
4454	0.0
4455	0.0
4456	0.0
4457	0.0
4458	3.6371
4459	0.0
446	0.0042
4460	0.0
4461	0.0
4462	0.0
4463	0.0
4464	0.0
4465	0.0
4466	0.0
4467	0.0
4468	0.0
4469	0.0
447	0.0041
4470	0.0
4471	0.0
4472	0.0
4473	0.0
4474	0.0
4475	0.0
4476	0.0
4477	0.0
4478	0.0
4479	0.0
448	0.0071
4480	0.0
4481	0.0
4482	0.0
4483	0.0
4484	0.0415
4485	1.0154
4486	0.0
4487	0.0
4488	0.0
4489	0.0
449	0.004
4490	0.0
4491	0.0
4492	0.0
4493	0.0
4494	0.0
4495	0.0
4496	0.0
4497	0.0
4498	0.0
4499	0.0
45	0.6506
450	0.0029
4500	0.0
4501	0.0
4502	0.0
4503	0.0
4504	0.0
4505	0.0
4506	0.0
4507	0.0
4508	0.0
4509	0.0
451	0.0027
4510	0.0
4511	0.0
4512	0.0
4513	0.0
4514	0.0
4515	0.0
4516	0.0
4517	0.0
4518	0.0
4519	0.0
452	0.0022
4520	0.0
4521	0.0
4522	0.0
4523	0.0
4524	0.0
4525	0.0
4526	0.0
4527	0.0
4528	0.0
4529	0.0
453	0.0021
4530	0.0
4531	0.0
4532	0.0
4533	0.0
4534	0.0
4535	0.0
4536	0.0
4537	0.0
4538	0.0
4539	0.0
454	0.0021
4540	0.0
4541	0.0
4542	0.0
4543	0.0
4544	0.0
4545	0.0
4546	0.0
4547	0.0
4548	0.0
4549	0.0
455	0.0021
4550	0.0
4551	0.0
4552	0.0
4553	0.0
4554	0.0
4555	0.0
4556	0.0
4557	0.0
4558	0.0
4559	0.0
456	0.0021
4560	0.0
4561	0.0
4562	0.0
4563	0.0
4564	0.0
4565	0.0
4566	0.0
4567	0.0
4568	0.0
4569	0.0
457	0.0216
4570	0.0
4571	0.0
4572	0.0
4573	0.0
4574	0.0
4575	0.0
4576	0.0
4577	0.0
4578	0.0
4579	0.0
458	0.0216
4580	0.0
4581	0.0
4582	0.0
4583	0.0
4584	0.0
4585	0.0
4586	0.0
4587	0.0
4588	0.0
4589	0.0
459	0.0216
4590	0.0
4591	0.0
4592	0.0
4593	0.0
4594	0.0
4595	0.0
4596	0.0
4597	0.0
4598	0.0
4599	0.0
46	1.369
460	0.0197
4600	0.0
4601	0.0
4602	0.0
4603	0.0
4604	0.0
4605	0.0
4606	0.0
4607	0.0
4608	0.0
4609	0.0
461	0.0216
4610	0.0
4611	0.0
4612	0.0
4613	0.0
4614	0.0
4615	0.0
4616	0.0
4617	0.0
4618	0.0
4619	0.0
462	0.0218
4620	0.0
4621	0.0
4622	0.0
4623	0.0
4624	0.0
4625	0.0
4626	0.0
4627	0.0
4628	0.0
4629	0.0
463	0.0218
4630	0.0
4631	0.0
4632	0.0
4633	0.0
4634	0.0
4635	0.0
4636	0.0
4637	0.0
4638	0.0
4639	0.0
464	0.0218
4640	0.0
4641	0.0
4642	0.0
4643	0.0
4644	0.0
4645	0.0
4646	0.0
4647	0.0
4648	0.0
4649	0.0
465	0.0216
4650	0.0
4651	0.0
4652	0.0
4653	0.0
4654	0.0
4655	0.0
4656	0.0
4657	0.0
4658	0.0
4659	0.0
466	0.0216
4660	0.0
4661	0.0
4662	0.0
4663	0.0
4664	0.0
4665	0.0
4666	0.0
4667	0.0
4668	0.0
4669	0.0
467	0.0237
4670	0.0
4671	0.0
4672	0.0
4673	0.0
4674	0.0
4675	0.0
4676	0.0
4677	0.0
4678	0.0
4679	0.0
468	0.0237
4680	0.0
4681	0.0
4682	0.0
4683	0.0
4684	0.0
4685	0.0
4686	0.0
4687	0.0
4688	0.0
4689	0.0
469	0.0058
4690	0.0
4691	0.0
4692	0.0
4693	0.0
4694	0.0
4695	0.0
4696	0.0
4697	0.0
4698	0.0
4699	0.0
47	0.3619
470	0.0068
4700	0.0
4701	0.0
4702	0.0
4703	0.0
4704	0.0
4705	0.0
4706	0.0
4707	0.0
4708	0.0
4709	0.0
471	0.0068
4710	0.0
4711	0.0
4712	0.0
4713	0.0
4714	0.0
4715	0.0
4716	0.0
4717	0.0
4718	0.0
4719	0.0
472	0.0068
4720	0.0
4721	0.0
4722	0.0
4723	0.0
4724	0.0
4725	0.0
4726	0.0
4727	0.0
4728	0.0
4729	0.0
473	0.0063
4730	0.0
4731	0.0
4732	0.0
4733	0.0
4734	0.0
4735	0.0
4736	0.0
4737	0.0
4738	0.0
4739	0.0
474	0.0014
4740	0.0
4741	0.0
4742	0.0
4743	0.0
4744	0.0
4745	0.0
4746	0.0
4747	0.0
4748	0.0
4749	0.0
475	6.0E-4
4750	0.0
4751	0.0
4752	0.0
4753	0.0
4754	0.0
4755	0.0
4756	0.0
4757	0.0
4758	0.0
4759	0.0
476	6.0E-4
4760	0.0
4761	0.0
4762	0.0
4763	0.0
4764	0.0
4765	0.0
4766	0.0
4767	0.0
4768	0.0
4769	0.0
477	6.0E-4
4770	0.0
4771	0.0
4772	0.0
4773	0.0
4774	0.0618
4775	0.0554
4776	0.2237
4777	0.2237
4778	0.0391
4779	0.0391
478	6.0E-4
4780	0.0391
4781	0.0327
4782	0.0327
4783	0.0327
4784	0.0352
4785	0.0419
4786	0.0419
4787	0.0432
4788	0.0432
4789	0.0327
479	0.0438
4790	0.0359
4791	0.0327
4792	0.0359
4793	8.0E-4
4794	7.0E-4
4795	7.0E-4
4796	7.0E-4
4797	7.0E-4
4798	7.0E-4
4799	0.0014
48	0.8499
480	0.0606
4800	7.0E-4
4801	0.0015
4802	0.0026
4803	0.0026
4804	0.0026
4805	0.0225
4806	0.7423
4807	0.0112
4808	0.0112
4809	0.0225
481	0.0436
4810	2.7118
4811	0.015
4812	0.0654
4813	0.0021
4814	0.0024
4815	0.1142
4816	0.0061
4817	0.0061
4818	0.0061
4819	1.2671
482	7.0E-4
4820	0.0061
4821	0.0016
4822	0.0016
4823	0.0016
4824	0.0016
4825	0.0016
4826	0.0016
4827	0.0016
4828	0.0078
4829	0.0078
483	7.0E-4
4830	0.0034
4831	0.0023
4832	0.0023
4833	0.0088
4834	0.0088
4835	0.0088
4836	0.0088
4837	0.0088
4838	0.0111
4839	0.0019
484	7.0E-4
4840	0.0077
4841	0.0077
4842	0.0077
4843	0.0027
4844	0.0066
4845	0.0013
4846	0.0013
4847	0.0013
4848	0.3649
4849	0.3649
485	6.0E-4
4850	0.3649
4851	0.2738
4852	0.2738
4853	0.2738
4854	0.0025
4855	0.0025
4856	0.0025
4857	0.0278
4858	0.0278
4859	0.0278
486	6.0E-4
4860	0.0836
4861	0.0836
4862	0.0408
4863	0.0
4864	0.0
4865	0.0
4866	0.0
4867	0.0
4868	0.0
4869	0.0
487	6.0E-4
4870	0.0
4871	0.0
4872	0.0
4873	0.0
4874	0.0
4875	0.0
4876	0.0
4877	0.0
4878	0.0
4879	0.0
488	6.0E-4
4880	0.0
4881	0.0
4882	0.0
4883	0.0
4884	0.0
4885	0.0
4886	0.0
4887	0.0
4888	0.0
4889	0.0
489	6.0E-4
4890	0.0
4891	0.0
4892	0.0
4893	0.0
4894	0.0
4895	0.0
4896	0.0
4897	0.0
4898	0.0
4899	0.0
49	0.3618
490	6.0E-4
4900	0.0
4901	0.0
4902	0.0
4903	0.0
4904	0.0
4905	0.0
4906	0.0
4907	0.0
4908	0.0
4909	0.0
491	6.0E-4
4910	0.0
4911	0.0
4912	0.0
4913	0.0
4914	0.0
4915	0.0
4916	0.0
4917	0.0
4918	0.0
4919	0.0
492	8.0E-4
4920	0.0
4921	0.0
4922	0.0
4923	0.0
4924	0.0
4925	0.0
4926	0.0
4927	0.0
4928	0.0
4929	0.0
493	6.0E-4
4930	0.1691
4931	0.1691
4932	0.1691
4933	0.1691
4934	0.1691
4935	0.1691
4936	0.1691
4937	5.0E-4
4938	5.0E-4
4939	5.0E-4
494	1.0E-4
4940	5.0E-4
4941	5.0E-4
4942	5.0E-4
4943	5.0E-4
4944	5.0E-4
4945	5.0E-4
4946	5.0E-4
4947	5.0E-4
4948	5.0E-4
4949	5.0E-4
495	1.0E-4
4950	5.0E-4
4951	5.0E-4
4952	5.0E-4
4953	5.0E-4
4954	5.0E-4
4955	5.0E-4
4956	5.0E-4
4957	5.0E-4
4958	5.0E-4
4959	5.0E-4
496	2.0E-4
4960	5.0E-4
4961	5.0E-4
4962	5.0E-4
4963	7.0E-4
4964	5.0E-4
4965	5.0E-4
4966	5.0E-4
4967	5.0E-4
4968	5.0E-4
4969	5.0E-4
497	1.0E-4
4970	5.0E-4
4971	5.0E-4
4972	0.0
4973	0.0
4974	0.0
4975	0.0
4976	0.0
4977	0.0
4978	0.0
4979	0.0
498	0.0019
4980	0.0
4981	0.0
4982	0.0
4983	0.0
4984	0.0
4985	0.0
4986	0.0
4987	0.0
4988	0.0
4989	0.0
499	5.0E-4
4990	0.0
4991	0.0
4992	0.0
4993	0.0
4994	0.0
4995	0.0
4996	0.0
4997	0.0
4998	0.0
4999	0.0
5	0.0021
50	0.3618
500	0.1003
5000	0.0
5001	2.0E-4
5002	2.0E-4
5003	2.0E-4
5004	2.0E-4
5005	2.0E-4
5006	2.0E-4
5007	2.0E-4
5008	0.3385
5009	0.3385
501	0.0976
5010	0.3385
5011	0.3385
5012	0.3385
5013	0.0
5014	0.0
5015	0.0
5016	0.0
5017	0.0
5018	0.0
5019	0.0
502	0.096
5020	0.0
5021	0.0
5022	0.0
5023	0.0
5024	0.0
5025	0.0
5026	0.0
5027	0.0
5028	0.0
5029	0.0
503	0.0389
5030	0.0
5031	0.0
5032	0.0
5033	0.0
5034	0.0
5035	0.5812
5036	0.0
5037	0.0
5038	0.0
5039	0.0
504	0.0389
5040	0.0
5041	0.0
5042	0.0
5043	0.0
5044	0.0
5045	0.0
5046	0.0
5047	0.0
5048	0.0
5049	0.0
505	0.1114
5050	0.0
5051	4.3645
5052	2.2742
5053	1.0588
5054	0.6018
5055	0.4708
5056	0.4323
5057	0.4208
5058	0.4176
5059	0.4175
506	0.0027
5060	0.4204
5061	0.4323
5062	0.4794
5063	0.6823
5064	1.3749
5065	3.3753
5066	0.0
5067	0.0
5068	0.0
5069	0.0
507	0.0027
5070	0.0
5071	0.0
5072	7.5687
5073	5.3518
5074	2.3077
5075	0.7979
5076	0.3307
5077	0.1868
5078	0.1427
5079	0.1292
508	0.0027
5080	0.125
5081	0.1237
5082	0.1234
5083	0.1232
5084	0.1232
5085	0.1232
5086	0.1232
5087	0.1232
5088	0.1232
5089	0.1232
509	0.0027
5090	0.1232
5091	0.1232
5092	0.1232
5093	0.1232
5094	0.1232
5095	0.1232
5096	0.1232
5097	0.1232
5098	0.1232
5099	0.1232
510	0.0027
5100	0.1232
5101	0.1232
5102	0.1233
5103	0.1236
5104	0.1247
5105	0.128
5106	0.1388
5107	0.1734
5108	0.2816
5109	0.6044
511	0.0027
5110	1.4672
5111	2.3175
5112	5.7984
5113	4.1264
5114	1.7993
5115	0.6399
5116	0.2807
5117	0.17
5118	0.136
5119	0.1256
512	0.0027
5120	0.1224
5121	0.1214
5122	0.1211
5123	0.121
5124	0.121
5125	0.121
5126	0.121
5127	0.121
5128	0.121
5129	0.121
513	0.0027
5130	0.121
5131	0.121
5132	0.121
5133	0.121
5134	0.1213
5135	0.1221
5136	0.1247
5137	0.133
5138	0.1597
5139	0.2429
514	0.0027
5140	0.4906
5141	1.1514
5142	1.7897
5143	1.6814
5144	1.264
5145	0.602
5146	0.2596
5147	0.1546
5148	0.1292
5149	0.1436
515	0.0027
5150	0.2135
5151	0.4034
5152	0.5551
5153	4.0291
5154	2.9003
5155	1.2894
5156	0.4803
5157	0.2291
5158	0.1515
5159	0.1276
516	0.0027
5160	0.1202
5161	0.118
5162	0.1173
5163	0.1171
5164	0.117
5165	0.1171
5166	0.1172
5167	0.1178
5168	0.1196
5169	0.1255
517	0.0027
5170	0.1441
5171	0.2023
5172	0.3751
5173	0.8339
5174	1.2613
5175	6.3881
5176	4.5347
5177	1.9689
5178	0.6926
5179	0.2975
518	0.0027
5180	0.1757
5181	0.1383
5182	0.1269
5183	0.1234
5184	0.1223
5185	0.1219
5186	0.1218
5187	0.1218
5188	0.1218
5189	0.1218
519	0.0454
5190	0.1218
5191	0.1218
5192	0.1218
5193	0.1218
5194	0.1218
5195	0.1218
5196	0.1218
5197	0.1218
5198	0.1218
5199	0.1219
52	5.9072
520	0.0454
5200	0.1222
5201	0.1231
5202	0.1259
5203	0.1351
5204	0.1644
5205	0.2559
5206	0.5286
5207	1.2567
5208	1.9656
5209	3.0479
521	0.0331
5210	2.2187
5211	1.0046
5212	0.39
5213	0.1987
5214	0.1395
5215	0.1213
5216	0.1157
5217	0.1141
5218	0.114
5219	0.1152
522	0.0348
5220	0.1197
5221	0.1339
5222	0.1782
5223	0.3093
5224	0.6562
5225	0.9673
5226	5.208
5227	3.7174
5228	1.6295
5229	0.5869
523	0.107
5230	0.2638
5231	0.1641
5232	0.1334
5233	0.124
5234	0.1211
5235	0.1203
5236	0.12
5237	0.1199
5238	0.1199
5239	0.1199
524	0.0348
5240	0.1199
5241	0.1199
5242	0.1199
5243	0.1199
5244	0.12
5245	0.1202
5246	0.1209
5247	0.1232
5248	0.1308
5249	0.1547
525	0.0348
5250	0.2296
5251	0.4523
5252	1.0457
5253	1.6135
5254	10.1299
5255	7.1228
5256	3.0417
5257	1.0249
5258	0.4016
5259	0.2098
526	1.1549
5260	0.1511
5261	0.1331
5262	0.1275
5263	0.1259
5264	0.1254
5265	0.1252
5266	0.1252
5267	0.1251
5268	0.1251
5269	0.1251
527	0.0269
5270	0.1251
5271	0.1251
5272	0.1251
5273	0.1251
5274	0.1251
5275	0.1251
5276	0.1251
5277	0.1251
5278	0.1251
5279	0.1251
528	0.0261
5280	0.1251
5281	0.1251
5282	0.1251
5283	0.1251
5284	0.1251
5285	0.1251
5286	0.1251
5287	0.1251
5288	0.1251
5289	0.1251
529	0.0244
5290	0.1251
5291	0.1251
5292	0.1251
5293	0.1251
5294	0.1251
5295	0.1251
5296	0.1252
5297	0.1253
5298	0.1258
5299	0.1271
53	0.0761
530	0.0244
5300	0.1316
5301	0.146
5302	0.1921
5303	0.3364
5304	0.7677
5305	1.9228
5306	3.0804
5307	4.6186
5308	3.309
5309	1.4596
531	1.0E-4
5310	0.5338
5311	0.2466
5312	0.158
5313	0.1307
5314	0.1223
5315	0.1197
5316	0.1189
5317	0.1187
5318	0.1186
5319	0.1186
532	8.0E-4
5320	0.1186
5321	0.1186
5322	0.1187
5323	0.1188
5324	0.1195
5325	0.1216
5326	0.1283
5327	0.1496
5328	0.2161
5329	0.4139
533	1.0E-4
5330	0.94
5331	1.4375
5332	2.6564
5333	1.946
5334	0.8902
5335	0.3533
5336	0.186
5337	0.1341
5338	0.1183
5339	0.1137
534	1.0E-4
5340	0.1134
5341	0.1169
5342	0.1292
5343	0.1679
5344	0.2824
5345	0.5846
5346	0.8497
5347	3.1522
5348	2.2921
5349	1.0449
535	1.0E-4
5350	0.4175
5351	0.224
5352	0.1647
5353	0.1467
5354	0.1416
5355	0.1413
5356	0.1453
5357	0.1595
5358	0.2047
5359	0.3398
536	1.1101
5360	0.6995
5361	1.0187
5362	0.0
5363	0.0
5364	0.0
5365	0.0
5366	0.0
5367	0.0
5368	0.0
5369	0.0
537	1.1101
5370	0.0
5371	0.0
5372	0.0
5373	0.0
5374	0.0
5375	0.0
5376	0.0
5377	0.0
5378	0.0
5379	0.0
538	1.1101
5380	0.0
5381	0.0
5382	0.0
5383	0.0
5384	0.0
5385	0.0
5386	0.0
5387	0.0
5388	0.0
5389	0.0
539	1.1343
5390	0.0
5391	0.0
5392	0.0
5393	0.0
5394	0.0
5395	0.0
5396	0.0
5397	4.3645
5398	2.2742
5399	1.0588
54	0.073
540	1.1101
5400	0.6018
5401	0.4708
5402	0.4323
5403	0.4208
5404	0.4176
5405	0.4175
5406	0.4204
5407	0.4323
5408	0.4794
5409	0.6823
541	1.1343
5410	1.3749
5411	3.3753
5412	0.0
5413	0.0
5414	0.0
5415	0.0
5416	0.0
5417	0.0
5418	0.0279
5419	0.0279
542	1.1101
5420	0.0279
5421	0.0
5422	0.0301
5423	0.0301
5424	0.014
5425	0.014
5426	0.0039
5427	0.0039
5428	0.0039
5429	1.0E-4
543	1.1099
5430	1.0E-4
5431	1.0E-4
5432	2.0E-4
5433	2.0E-4
5434	2.0E-4
5435	0.0036
5436	4.0E-4
5437	4.0E-4
5438	8.0E-4
5439	2.0E-4
544	1.1101
5440	2.0E-4
5441	2.0E-4
5442	5.0E-4
5443	5.0E-4
5444	3.0E-4
5445	3.0E-4
5446	3.0E-4
5447	0.0121
5448	0.0121
5449	0.7302
545	1.1454
5450	0.7302
5451	0.7302
5452	0.7302
5453	0.8566
5454	0.768
5455	1.0279
5456	4.6946
5457	0.686
5458	0.686
5459	0.0161
546	1.1101
5460	0.0064
5461	0.0064
5462	0.0064
5463	0.0064
5464	0.0011
5465	0.0011
5466	9.0E-4
5467	9.0E-4
5468	0.6622
5469	0.0066
547	0.0552
5470	1.2209
5471	0.0066
5472	2.0E-4
5473	2.0E-4
5474	2.0E-4
5475	2.0E-4
5476	2.0E-4
5477	2.0E-4
5478	2.0E-4
5479	2.0E-4
548	0.0335
5480	6.0E-4
5481	6.0E-4
5482	6.0E-4
5483	0.0202
5484	0.0084
5485	0.0019
5486	6.0E-4
5487	6.0E-4
5488	6.0E-4
5489	6.0E-4
549	0.0031
5490	0.0015
5491	0.0015
5492	0.0015
5493	0.0015
5494	0.0017
5495	0.0015
5496	0.0015
5497	0.0037
5498	0.0021
5499	0.0021
55	0.0725
550	0.0723
5500	0.0021
5501	0.0021
5502	0.0026
5503	0.0051
5504	0.0051
5505	0.0051
5506	0.0279
5507	0.0279
5508	0.0279
5509	0.0
551	0.0766
5510	0.0
5511	0.0
5512	0.0
5513	0.0
5514	0.0
5515	0.0
5516	0.0
5517	0.0
5518	0.0
5519	0.0
552	0.0723
5520	0.0
5521	0.0
5522	0.0
5523	3.1522
5524	2.2921
5525	1.0449
5526	0.4175
5527	0.224
5528	0.1647
5529	0.1467
553	0.076
5530	0.1416
5531	0.1413
5532	0.1453
5533	0.1595
5534	0.2047
5535	0.3398
5536	0.6995
5537	1.0187
5538	0.0
5539	0.0
554	0.083
5540	0.0
5541	0.0
5542	0.0
5543	0.0
5544	0.0
5545	0.0
5546	0.0
5547	0.0
5548	0.0
5549	0.0
555	0.0833
5550	0.0
5551	0.0
5552	0.0
5553	0.0
5554	0.0
5555	0.0
5556	0.0
5557	0.0
5558	0.0
5559	0.0
556	0.0833
5560	0.0
5561	0.0
5562	0.0
5563	0.0
5564	0.0
5565	0.0
5566	0.0
5567	0.0
5568	0.0
5569	0.0
557	0.1631
5570	0.0
5571	0.0
5572	0.0
5573	0.0
5574	0.0
5575	0.0
5576	0.0
5577	0.0
5578	0.0
5579	0.0
558	0.0527
5580	0.0
5581	0.0
5582	0.0
5583	0.0
5584	0.0
5585	0.0
5586	0.0
5587	0.0
5588	0.0
5589	0.0
559	0.0527
5590	0.0
5591	0.0
5592	0.0
5593	0.0
5594	0.0
5595	0.0
5596	0.0
5597	0.0
5598	0.0
5599	0.0
56	0.0672
560	0.0527
5600	0.0
5601	0.0
5602	0.0
5603	0.0
5604	0.0
5605	0.0
5606	0.0
5607	0.0
5608	0.0
5609	0.0
561	0.0501
5610	0.0
5611	0.0
5612	0.0
5613	0.0
5614	0.0
5615	0.0
5616	0.0
5617	0.0
5618	0.0
5619	0.0
562	0.0501
5620	0.0
5621	0.0
5622	0.0
5623	0.0
5624	0.0
5625	0.0
5626	0.0
5627	0.0
5628	0.0
5629	0.0
563	0.0501
5630	0.0
5631	0.0
5632	0.0
5633	0.0
5634	0.0
5635	0.0
5636	0.0
5637	0.0
5638	0.0
5639	0.0
564	0.0501
5640	0.0
5641	0.0
5642	0.0
5643	0.0
5644	0.0
5645	0.0
5646	0.0
5647	0.0
5648	0.0
5649	0.0
565	0.0528
5650	0.0
5651	0.0
5652	0.0
5653	0.0
5654	0.0
5655	0.0
5656	0.0
5657	0.0
5658	0.0
5659	0.0
566	4.0E-4
5660	0.0
5661	0.0
5662	0.0
5663	0.0
5664	0.0
5665	0.0
5666	0.0
5667	0.0
5668	0.0
5669	0.0
567	4.0E-4
5670	0.0
5671	0.0
5672	0.0
5673	0.0
5674	0.0
5675	0.0
5676	0.0
5677	0.0
5678	0.0
5679	0.0
568	4.0E-4
5680	0.0
5681	0.0
5682	0.0
5683	0.0
5684	0.0
5685	0.0
5686	0.0
5687	0.0
5688	0.0
5689	0.0
569	8.0E-4
5690	0.0
5691	0.0
5692	0.0
5693	0.0
5694	0.0
5695	0.0
5696	0.0
5697	0.0
5698	0.0
5699	0.0
57	0.0653
570	4.0E-4
5700	0.0
5701	0.0
5702	0.0
5703	0.0
5704	0.0
5705	0.0
5706	0.0
5707	0.0
5708	0.0
5709	0.0
571	4.0E-4
5710	0.0
5711	0.0
5712	0.0
5713	0.0
5714	0.0
5715	0.0
5716	0.0
5717	0.0
5718	0.0
5719	0.0
572	4.0E-4
5720	0.0
5721	0.0
5722	0.0
5723	0.0
5724	0.0
5725	0.0
5726	0.0
5727	0.0
5728	0.0
5729	0.0
573	4.0E-4
5730	0.0
5731	0.0
5732	0.0
5733	0.0
5734	0.0
5735	0.0
5736	0.0
5737	0.0
5738	0.0
5739	0.0
574	4.0E-4
5740	0.0
5741	0.0
5742	0.0
5743	0.0
5744	0.0
5745	0.0
5746	0.0
5747	0.0
5748	0.0
5749	0.0
575	4.0E-4
5750	0.0
5751	0.0
5752	0.0
5753	0.0
5754	0.0
5755	0.0
5756	0.0
5757	0.0
5758	0.0
5759	0.0
576	4.0E-4
5760	0.0
5761	0.0
5762	0.0
5763	0.0
5764	0.0
5765	0.0
5766	0.0
5767	0.0
5768	0.0
5769	0.0
577	4.0E-4
5770	0.0
5771	0.0
5772	0.0
5773	0.0
5774	0.0
5775	0.0
5776	0.0
5777	0.0
5778	0.0
5779	0.0
578	0.5866
5780	0.0
5781	0.0
5782	0.0
5783	0.0
5784	0.0
5785	3.1522
5786	2.2921
5787	1.045
5788	0.4175
5789	0.2241
579	0.0722
5790	0.1647
5791	0.1467
5792	0.1416
5793	0.1413
5794	0.1453
5795	0.1595
5796	0.2047
5797	0.3398
5798	0.6995
5799	1.0187
58	0.0726
580	0.0722
5800	0.0
5801	0.0
5802	0.0
5803	0.0
5804	0.0
5805	0.0
5806	0.0
5807	0.0
5808	0.0
5809	0.0
581	0.0761
5810	0.0
5811	0.0
5812	0.0
5813	0.0
5814	0.0
5815	0.005
5816	0.005
5817	0.0
5818	8.0E-4
5819	2.0E-4
582	4.0E-4
5820	0.4451
5821	0.4451
5822	0.0887
5823	1.6297
5824	0.0914
5825	0.6841
5826	0.6603
5827	0.6603
5828	0.995
5829	0.6603
583	4.0E-4
5830	0.6603
5831	0.6603
5832	0.6854
5833	0.6854
5834	0.0173
5835	0.1009
5836	0.1009
5837	0.1009
5838	0.1009
5839	0.1009
584	3.0E-4
5840	0.1009
5841	0.1009
5842	0.0109
5843	0.0109
5844	9.0E-4
5845	2.0E-4
5846	2.0E-4
5847	2.0E-4
5848	2.0E-4
5849	2.0E-4
585	4.0E-4
5850	2.0E-4
5851	2.0E-4
5852	2.0E-4
5853	2.0E-4
5854	2.0E-4
5855	2.0E-4
5856	2.0E-4
5857	2.0E-4
5858	2.0E-4
5859	2.0E-4
586	4.0E-4
5860	2.0E-4
5861	2.0E-4
5862	2.0E-4
5863	2.0E-4
5864	2.0E-4
5865	2.0E-4
5866	2.0E-4
5867	0.0029
5868	0.0012
5869	0.0012
587	4.0E-4
5870	0.0012
5871	0.0012
5872	0.0012
5873	0.0012
5874	0.0012
5875	0.0025
5876	0.0012
5877	1.0691
5878	0.0012
5879	0.0012
588	3.0E-4
5880	0.0012
5881	0.0012
5882	0.0012
5883	0.0012
5884	0.0012
5885	0.0012
5886	0.0012
5887	0.0012
5888	0.0012
5889	0.0012
589	5.0E-4
5890	0.0012
5891	0.0012
5892	0.0
5893	0.0
5894	0.0
5895	0.0
5896	0.0
5897	0.0
5898	0.0
5899	0.0
59	0.0721
590	5.0E-4
5900	0.0
5901	0.0
5902	0.0
5903	0.0
5904	0.0
5905	0.0
5906	0.0
5907	0.0
5908	0.0
5909	0.0
591	5.0E-4
5910	0.0
5911	0.0
5912	0.0
5913	0.0
5914	0.0
5915	0.0
5916	0.0
5917	0.0
5918	0.0
5919	0.0
592	5.0E-4
5920	9.0E-4
5921	1.0E-4
5922	0.0578
5923	0.0578
5924	0.0578
5925	0.0578
5926	0.0578
5927	0.0578
5928	0.0578
5929	0.0578
593	2.3738
5930	1.5541
5931	1.5541
5932	1.5541
5933	1.5541
5934	1.5541
5935	1.5541
5936	0.0502
5937	0.0474
5938	0.3419
5939	0.0187
594	6.0E-4
5940	0.0
5941	0.0
5942	0.0
5943	0.0
5944	0.0
5945	0.0
5946	0.0
5947	0.0
5948	0.0
5949	0.0
595	4.0E-4
5950	0.0
5951	0.0031
5952	1.0E-4
5953	2.0E-4
5954	2.0E-4
5955	0.0804
5956	1.0453
5957	2.0E-4
5958	0.0
5959	0.0
596	4.0E-4
5960	0.0
5961	0.0
5962	0.0
5963	0.0
5964	0.0
5965	0.0
5966	0.0
5967	0.0
5968	0.0
5969	0.0
597	4.0E-4
5970	0.0
5971	0.0
5972	0.0
5973	0.0
5974	0.001
5975	0.0075
5976	0.0288
5977	0.0288
5978	0.0027
5979	0.0027
598	0.0104
5980	0.0027
5981	0.0027
5982	0.0027
5983	0.0027
5984	0.0027
5985	0.0027
5986	0.0027
5987	0.0027
5988	0.0027
5989	0.0027
599	0.0052
5990	0.0027
5991	0.0027
5992	0.0201
5993	0.0
5994	0.0
5995	0.0
5996	1.0E-4
5997	1.0E-4
5998	1.0E-4
5999	1.0E-4
6	0.0021
60	0.0672
600	3.0E-4
6000	1.0E-4
6001	4.0E-4
6002	4.0E-4
6003	4.0E-4
6004	0.0817
6005	0.0926
6006	0.0
6007	0.0
6008	0.0
6009	0.0
601	3.0E-4
6010	0.0
6011	0.0
6012	0.0345
602	3.0E-4
603	3.0E-4
604	3.0E-4
605	3.0E-4
606	3.0E-4
607	3.0E-4
608	3.0E-4
609	3.0E-4
61	6.2159
610	3.0E-4
611	0.0046
612	0.0063
613	0.0065
614	0.0585
615	0.0053
616	0.0054
617	0.007
618	0.007
619	0.007
62	0.0121
620	0.0083
621	0.0126
622	0.0052
623	0.0052
624	0.0051
625	0.0203
626	0.0203
627	0.0034
628	1.0E-4
629	1.0E-4
63	0.0624
630	0.0023
631	4.0E-4
632	0.0
633	0.0
634	0.0
635	0.0
636	0.0
637	0.0
638	0.0
639	0.0
64	0.0458
640	0.0
641	0.0
642	0.0
643	0.0
644	0.0
645	0.0
646	0.0
647	0.0
648	0.0025
649	0.0025
65	0.0512
650	0.0025
651	0.0025
652	0.0025
653	0.0025
654	0.0025
655	0.0025
656	0.0025
657	0.0025
658	0.0
659	0.0
66	0.0459
660	0.0
661	0.0
662	0.0
663	0.0
664	0.0
665	0.0
666	0.0
667	0.0036
668	0.0021
669	0.0093
67	0.0447
670	0.0092
671	0.0081
672	0.0081
673	0.0082
674	0.009
675	0.0074
676	0.0074
677	0.0075
678	0.0083
679	0.0
68	0.0628
680	0.0
681	0.0
682	0.0
683	0.0
684	0.0
685	0.0
686	0.0075
687	0.0083
688	0.0083
689	0.0083
69	0.0657
690	0.0
691	0.0
692	0.0
693	0.0
694	0.0
695	0.0
696	0.0
697	0.0
698	0.0
699	0.0
7	0.012
70	0.0486
700	0.0
701	0.0
702	0.0
703	0.0
704	0.0
705	0.0
706	0.0
707	0.0
708	0.0
709	0.0064
71	0.0704
710	2.0E-4
711	1.0E-4
712	2.0E-4
713	1.0E-4
714	1.0E-4
715	1.0E-4
716	1.0E-4
717	1.0E-4
718	1.0E-4
719	1.0E-4
72	0.1176
720	1.0E-4
721	1.0E-4
722	4.0E-4
723	1.0E-4
724	4.0E-4
725	1.0E-4
726	1.0E-4
727	1.0E-4
728	1.0E-4
729	1.0E-4
73	2.449
730	1.0E-4
731	1.0E-4
732	1.0E-4
733	1.0E-4
734	1.0E-4
735	1.0E-4
736	1.0E-4
737	1.0E-4
738	1.0E-4
739	1.0E-4
74	0.8563
740	1.0E-4
741	1.0E-4
742	1.0E-4
743	1.0E-4
744	1.0E-4
745	2.0E-4
746	1.0E-4
747	1.0E-4
748	1.0E-4
749	1.0E-4
75	0.4549
750	1.0E-4
751	0.0111
752	1.0E-4
753	1.0E-4
754	1.0E-4
755	0.0058
756	0.0058
757	0.0058
758	0.0058
759	0.0058
76	0.5227
760	0.0058
761	0.0058
762	0.0058
763	0.0029
764	0.0029
765	0.0029
766	0.0033
767	0.0031
768	0.0023
769	0.0029
77	0.1508
770	0.0029
771	0.0
772	0.0028
773	0.0028
774	0.0026
775	0.0028
776	0.0028
777	0.0026
778	0.0019
779	0.0019
78	0.5242
780	0.0028
781	0.0028
782	1.0E-4
783	0.0022
784	0.0028
785	0.0028
786	0.0028
787	0.0028
788	0.0026
789	0.0026
79	0.3546
790	0.0026
791	0.0028
792	0.0028
793	0.0028
794	0.0028
795	0.0028
796	0.0026
797	0.0026
798	0.0026
799	0.0026
8	0.0025
80	2.1075
800	0.0023
801	0.0139
802	0.021
803	0.0201
804	0.0184
805	0.0184
806	0.0184
807	0.0184
808	0.0219
809	0.0219
81	3.0194
810	0.0194
811	0.0194
812	0.0194
813	0.0194
814	0.0194
815	0.0194
816	0.0202
817	0.0195
818	0.0246
819	0.0245
82	1.2215
820	0.0245
821	0.0245
822	1.9733
823	0.3801
824	0.0337
825	0.0262
826	0.0682
827	0.0614
828	2.3905
829	0.0149
83	0.8902
830	0.0173
831	0.0062
832	0.0062
833	0.0062
834	0.0062
835	0.0062
836	4.0E-4
837	0.0163
838	0.0097
839	0.013
84	1.1078
840	0.0164
841	0.0103
842	0.0127
843	0.0082
844	0.0082
845	0.0082
846	0.0082
847	0.0082
848	0.0082
849	0.0082
85	0.0082
850	0.0082
851	0.0082
852	0.0082
853	0.0082
854	0.0082
855	0.0082
856	0.0082
857	0.0082
858	0.0082
859	0.0082
86	0.0057
860	0.0082
861	0.0082
862	0.0082
863	0.0082
864	0.0082
865	0.0082
866	0.0082
867	0.0082
868	0.0082
869	0.0173
87	0.0077
870	0.0035
871	0.0035
872	0.0048
873	0.0077
874	0.0072
875	0.001
876	0.001
877	0.001
878	0.001
879	8.0E-4
88	0.0082
880	0.0074
881	8.0E-4
882	8.0E-4
883	8.0E-4
884	8.0E-4
885	8.0E-4
886	8.0E-4
887	0.0012
888	8.0E-4
889	1.0E-4
89	0.0059
890	1.0E-4
891	1.0E-4
892	0.1782
893	0.2734
894	0.1782
895	0.1782
896	1.0E-4
897	1.0E-4
898	1.0E-4
899	1.0E-4
9	0.0021
90	0.0086
900	0.0
901	0.0
902	0.0
903	0.0
904	0.0
905	0.0
906	0.0
907	0.0
908	0.0
909	0.0
91	0.0086
910	0.0
911	0.0
912	0.0
913	0.0
914	0.0
915	0.0
916	0.0
917	0.0
918	0.0017
919	0.0
92	0.0136
920	0.0017
921	0.0
922	0.0
923	1.0E-4
924	0.0
925	0.0
926	0.0
927	0.0
928	0.0
929	0.0
93	0.0062
930	0.0
931	1.0E-4
932	0.0
933	0.0
934	0.0
935	0.0
936	0.0
937	0.0
938	1.0E-4
939	0.0
94	1.0E-4
940	0.0
941	0.0
942	0.0
943	0.034
944	0.034
945	0.0082
946	0.0082
947	0.003
948	0.0029
949	0.0028
95	1.0E-4
950	0.0029
951	0.0029
952	0.003
953	0.0033
954	0.0033
955	0.0033
956	0.0034
957	0.006
958	0.004
959	0.004
96	1.0E-4
960	0.0039
961	0.004
962	0.004
963	0.0043
964	0.0039
965	0.0039
966	0.0039
967	0.0039
968	0.0053
969	0.0053
97	1.0E-4
970	0.0657
971	0.0039
972	0.0044
973	0.0045
974	0.0044
975	0.0044
976	0.0044
977	0.0044
978	0.0044
979	0.0078
98	1.0E-4
980	0.0036
981	0.0451
982	0.0038
983	0.0038
984	0.0038
985	0.0039
986	0.0038
987	0.0031
988	0.0031
989	0.0028
99	1.0E-4
990	0.0031
991	0.0054
992	0.0041
993	0.0122
994	0.0031
995	0.3707
996	0.0033
997	0.0033
998	0.0041
999	0.0041
