1	0.148
10	1.4197
100	3.0E-4
1000	0.0124
1001	0.0124
1002	0.0119
1003	0.008
1004	0.0092
1005	0.008
1006	0.0111
1007	0.011
1008	0.0119
1009	0.0108
101	3.0E-4
1010	0.01
1011	0.01
1012	0.0104
1013	0.0103
1014	0.0103
1015	0.0123
1016	0.0122
1017	0.0122
1018	0.0108
1019	0.0109
102	0.0131
1020	0.8995
1021	3.4849
1022	0.0079
1023	4.0E-4
1024	0.0011
1025	0.1021
1026	0.1021
1027	0.0277
1028	0.0066
1029	0.0092
103	3.0E-4
1030	0.0119
1031	0.0014
1032	5.0E-4
1033	0.0119
1034	0.6764
1035	0.0078
1036	0.0078
1037	0.0078
1038	0.0125
1039	1.067
104	3.0E-4
1040	1.067
1041	1.067
1042	1.067
1043	1.067
1044	1.067
1045	1.067
1046	1.067
1047	1.067
1048	1.067
1049	1.067
105	3.0E-4
1050	1.067
1051	1.067
1052	1.067
1053	1.067
1054	1.067
1055	1.067
1056	1.067
1057	1.067
1058	1.067
1059	1.067
106	2.9425
1060	1.067
1061	1.067
1062	1.067
1063	1.067
1064	1.067
1065	1.067
1066	0.001
1067	0.001
1068	0.001
1069	0.001
107	0.9909
1070	0.001
1071	0.001
1072	0.001
1073	0.001
1074	0.001
1075	0.001
1076	0.001
1077	0.001
1078	0.001
1079	0.001
108	0.557
1080	0.001
1081	0.001
1082	0.001
1083	0.001
1084	0.001
1085	0.001
1086	0.001
1087	0.001
1088	0.001
1089	0.001
109	0.5078
1090	0.001
1091	0.001
1092	0.001
1093	0.001
1094	0.001
1095	0.001
1096	0.001
1097	0.0012
1098	0.0013
1099	0.0013
11	0.0067
110	0.5078
1100	0.0697
1101	0.0811
1102	0.0185
1103	0.0185
1104	0.0185
1105	0.0185
1106	0.0185
1107	0.0185
1108	0.0185
1109	0.0185
111	1.9176
1110	0.0185
1111	0.0185
1112	0.0185
1113	0.0185
1114	0.0185
1115	0.0185
1116	0.0185
1117	0.0185
1118	0.0185
1119	0.0185
112	1.994
1120	0.0185
1121	0.0185
1122	0.0185
1123	0.0185
1124	0.0185
1125	0.0185
1126	0.0185
1127	0.0185
1128	0.0185
1129	0.0185
113	0.8622
1130	0.0185
1131	0.0185
1132	0.0185
1133	0.0185
1134	0.0185
1135	0.0185
1136	0.0185
1137	0.0185
1138	0.0185
1139	0.0185
114	0.5147
1140	0.0185
1141	0.0185
1142	0.0185
1143	0.0185
1144	0.0185
1145	0.0185
1146	0.0185
1147	0.0185
1148	0.0185
1149	0.0185
115	0.9344
1150	0.0185
1151	0.0185
1152	0.0185
1153	0.0185
1154	0.0185
1155	0.0185
1156	0.0185
1157	0.0185
1158	0.0185
1159	0.0
116	1.5803
1160	0.0
1161	5.0E-4
1162	0.0
1163	0.0
1164	0.0
1165	0.0
1166	0.0
1167	0.0
1168	0.0
1169	0.0
117	0.6573
1170	0.0
1171	0.0
1172	0.0
1173	0.0
1174	0.0
1175	0.0
1176	0.0
1177	0.0019
1178	0.0097
1179	0.0
118	1.6115
1180	0.0
1181	0.0
1182	0.0
1183	0.0
1184	0.0
1185	0.0
1186	0.0
1187	0.0015
1188	0.0015
1189	0.0015
119	3.9151
1190	0.0015
1191	0.0027
1192	0.0027
1193	0.0038
1194	0.0045
1195	0.0038
1196	0.0018
1197	0.0018
1198	0.0011
1199	0.2002
12	0.0113
120	1.7154
1200	0.0011
1201	0.0011
1202	0.0011
1203	0.0011
1204	0.0011
1205	0.0011
1206	0.0011
1207	6.0E-4
1208	7.0E-4
1209	7.0E-4
121	1.5686
1210	6.0E-4
1211	6.0E-4
1212	6.0E-4
1213	0.0096
1214	0.001
1215	0.2818
1216	0.4493
1217	0.2818
1218	0.2818
1219	0.0016
122	1.7154
1220	0.0016
1221	1.0E-4
1222	1.0E-4
1223	1.0E-4
1224	1.0E-4
1225	0.0013
1226	0.0013
1227	0.0063
1228	0.0063
1229	0.0063
123	2.4493
1230	0.0063
1231	0.0063
1232	0.0063
1233	0.0063
1234	0.0
1235	0.0
1236	0.0
1237	0.0
1238	0.0
1239	0.0
124	2.2454
1240	0.0
1241	0.0
1242	0.0
1243	0.0
1244	0.0
1245	0.0
1246	0.0
1247	0.0
1248	0.0
1249	0.0
125	2.258
1250	0.0
1251	0.0
1252	0.0
1253	0.0
1254	0.0
1255	0.0
1256	0.0
1257	0.0
1258	0.0
1259	0.0
126	2.2692
1260	0.0
1261	0.0
1262	0.0
1263	0.0
1264	0.0
1265	0.0
1266	0.0
1267	0.0
1268	0.0
1269	0.0082
127	0.704
1270	0.0082
1271	0.0082
1272	0.0082
1273	0.0082
1274	0.0082
1275	0.0082
1276	0.0082
1277	0.0082
1278	0.0082
1279	0.0069
128	0.704
1280	0.0069
1281	0.0069
1282	0.0069
1283	0.0069
1284	0.0
1285	0.0
1286	0.0
1287	0.0
1288	0.0192
1289	0.0192
129	0.6631
1290	0.0192
1291	0.0289
1292	0.0124
1293	0.0799
1294	0.0799
1295	0.0036
1296	0.0036
1297	0.0
1298	0.0
1299	0.0
13	0.0067
130	0.6278
1300	4.0E-4
1301	0.0
1302	0.0
1303	0.0
1304	0.0
1305	3.0E-4
1306	3.0E-4
1307	3.0E-4
1308	0.0
1309	0.0022
131	0.5239
1310	1.0E-4
1311	0.0012
1312	5.0E-4
1313	4.0E-4
1314	4.0E-4
1315	4.0E-4
1316	4.0E-4
1317	4.0E-4
1318	4.0E-4
1319	4.0E-4
132	6.6678
1320	4.0E-4
1321	4.0E-4
1322	4.0E-4
1323	4.0E-4
1324	4.0E-4
1325	4.0E-4
1326	4.0E-4
1327	4.0E-4
1328	4.0E-4
1329	4.0E-4
133	0.2228
1330	4.0E-4
1331	4.0E-4
1332	4.0E-4
1333	4.0E-4
1334	4.0E-4
1335	4.0E-4
1336	4.0E-4
1337	4.0E-4
1338	4.0E-4
1339	4.0E-4
134	0.2042
1340	7.0E-4
1341	5.0E-4
1342	0.0045
1343	0.0045
1344	6.0E-4
1345	0.0117
1346	0.0024
1347	0.0024
1348	0.0024
1349	0.0024
135	0.2426
1350	0.0024
1351	0.0024
1352	0.0024
1353	0.0024
1354	0.0024
1355	0.0024
1356	0.0024
1357	0.0024
1358	0.0024
1359	0.0024
136	0.2585
1360	0.0024
1361	0.0024
1362	4.0E-4
1363	0.0306
1364	0.0306
1365	0.0021
1366	0.002
1367	0.0021
1368	0.0021
1369	0.0021
137	0.2769
1370	1.1485
1371	0.1036
1372	0.0358
1373	0.0461
1374	0.0854
1375	0.0316
1376	0.0206
1377	0.0206
1378	0.0083
1379	1.585
138	0.3862
1380	0.0076
1381	0.0074
1382	0.0044
1383	0.0044
1384	0.0044
1385	0.0044
1386	0.0044
1387	0.0044
1388	0.0044
1389	0.0044
139	0.0718
1390	1.0E-4
1391	2.0E-4
1392	0.0
1393	0.0
1394	0.0
1395	0.0
1396	3.0E-4
1397	3.0E-4
1398	5.0E-4
1399	3.0E-4
14	0.7042
140	0.0688
1400	3.0E-4
1401	3.0E-4
1402	0.0
1403	1.0E-4
1404	1.0E-4
1405	1.0E-4
1406	0.0
1407	0.0
1408	0.0266
1409	0.0511
141	0.0626
1410	0.0511
1411	0.0511
1412	0.0511
1413	0.0511
1414	0.0511
1415	0.0511
1416	0.0613
1417	0.0789
1418	0.0511
1419	0.078
142	0.3093
1420	0.078
1421	0.0511
1422	3.0E-4
1423	3.0E-4
1424	4.0E-4
1425	6.0E-4
1426	4.0E-4
1427	5.0E-4
1428	4.0E-4
1429	4.0E-4
143	0.4154
1430	4.0E-4
1431	3.0E-4
1432	3.0E-4
1433	0.0192
1434	0.0192
1435	0.0192
1436	0.0192
1437	0.0192
1438	4.0E-4
1439	4.0E-4
144	0.0903
1440	0.0022
1441	0.0027
1442	0.0096
1443	0.6436
1444	0.002
1445	5.0E-4
1446	4.0E-4
1447	4.0E-4
1448	4.0E-4
1449	4.0E-4
145	0.7643
1450	4.0E-4
1451	4.0E-4
1452	4.0E-4
1453	4.0E-4
1454	4.0E-4
1455	4.0E-4
1456	4.0E-4
1457	0.0018
1458	7.0E-4
1459	0.0014
146	0.0626
1460	0.0016
1461	0.015
1462	0.0149
1463	0.015
1464	0.0149
1465	0.0149
1466	0.015
1467	4.0731
1468	7.0E-4
1469	0.0103
147	0.0626
1470	0.0103
1471	0.0103
1472	0.011
1473	0.0014
1474	0.0014
1475	0.0014
1476	0.0014
1477	0.0014
1478	0.0014
1479	0.0014
148	0.2881
1480	0.0014
1481	0.0014
1482	0.0014
1483	5.0E-4
1484	5.0E-4
1485	5.0E-4
1486	5.0E-4
1487	0.0124
1488	0.0091
1489	0.0124
149	0.0813
1490	0.0091
1491	0.0072
1492	0.0072
1493	0.0074
1494	0.0094
1495	0.0018
1496	0.0018
1497	0.0018
1498	0.0018
1499	0.0074
15	0.0071
150	0.0813
1500	0.0018
1501	0.0018
1502	0.0075
1503	0.0075
1504	0.0018
1505	0.0074
1506	0.0051
1507	0.0555
1508	0.0056
1509	7.0E-4
151	0.1736
1510	7.0E-4
1511	7.0E-4
1512	7.0E-4
1513	7.0E-4
1514	7.0E-4
1515	7.0E-4
1516	7.0E-4
1517	3.0E-4
1518	0.0012
1519	0.0017
152	0.0559
1520	5.0E-4
1521	5.0E-4
1522	5.0E-4
1523	5.0E-4
1524	5.0E-4
1525	5.0E-4
1526	5.0E-4
1527	9.0E-4
1528	9.0E-4
1529	8.0E-4
153	0.1757
1530	6.0E-4
1531	6.0E-4
1532	5.0E-4
1533	0.09
1534	1.0E-4
1535	2.0E-4
1536	2.0E-4
1537	4.0E-4
1538	0.6602
1539	1.0554
154	0.0011
1540	1.4324
1541	1.4394
1542	0.6602
1543	0.005
1544	0.0
1545	0.0
1546	0.0
1547	0.0
1548	0.0
1549	0.0
155	0.3793
1550	0.0
1551	2.0E-4
1552	5.0E-4
1553	5.0E-4
1554	5.0E-4
1555	5.0E-4
1556	5.0E-4
1557	5.0E-4
1558	5.0E-4
1559	5.0E-4
156	0.1587
1560	5.0E-4
1561	3.0E-4
1562	3.0E-4
1563	3.0E-4
1564	5.0E-4
1565	0.0
1566	0.0
1567	0.0
1568	0.0
1569	0.0
157	0.3904
1570	0.0
1571	0.0
1572	0.0
1573	0.0
1574	0.0
1575	0.0
1576	0.0
1577	0.0
1578	0.0
1579	0.0
158	0.457
1580	0.0
1581	0.0
1582	0.0
1583	0.0
1584	0.0
1585	0.0
1586	0.0
1587	0.0
1588	0.0
1589	0.0014
159	0.3904
1590	0.0012
1591	0.0012
1592	0.0
1593	0.0
1594	0.0
1595	0.0
1596	0.0
1597	0.0
1598	0.0
1599	0.0
16	2.7365
160	0.4189
1600	0.0
1601	0.0
1602	0.0168
1603	0.0168
1604	0.0168
1605	0.0168
1606	0.0168
1607	4.0E-4
1608	0.1177
1609	0.1177
161	0.4021
1610	0.1177
1611	0.1177
1612	0.1177
1613	0.1177
1614	0.0065
1615	0.0065
1616	0.0065
1617	0.0065
1618	0.0065
1619	1.0E-4
162	0.3904
1620	0.1361
1621	0.103
1622	0.103
1623	0.103
1624	0.103
1625	0.103
1626	3.0E-4
1627	3.0E-4
1628	3.0E-4
1629	3.0E-4
163	0.3793
1630	3.0E-4
1631	3.0E-4
1632	3.0E-4
1633	3.0E-4
1634	5.0E-4
1635	3.0E-4
1636	3.0E-4
1637	3.0E-4
1638	3.0E-4
1639	2.0E-4
164	0.2295
1640	2.0E-4
1641	2.0E-4
1642	2.0E-4
1643	2.0E-4
1644	2.0E-4
1645	3.0E-4
1646	2.0E-4
1647	2.0E-4
1648	2.0E-4
1649	2.0E-4
165	0.3793
1650	3.0E-4
1651	3.0E-4
1652	3.0E-4
1653	3.0E-4
1654	3.0E-4
1655	3.0E-4
1656	3.0E-4
1657	3.0E-4
1658	3.0E-4
1659	3.0E-4
166	0.4009
1660	3.0E-4
1661	3.0E-4
1662	3.0E-4
1663	3.0E-4
1664	3.0E-4
1665	0.3562
1666	0.5613
1667	0.3562
1668	0.3562
1669	0.0231
167	0.3793
1670	0.0231
1671	0.027
1672	0.0231
1673	0.0231
1674	0.0231
1675	0.0231
1676	0.0231
1677	0.0231
1678	5.3821
1679	0.0339
168	0.3461
1680	8.0E-4
1681	7.0E-4
1682	7.0E-4
1683	0.0039
1684	7.0E-4
1685	7.0E-4
1686	7.0E-4
1687	3.0E-4
1688	0.003
1689	3.0E-4
169	0.3461
1690	3.0E-4
1691	3.0E-4
1692	3.0E-4
1693	3.0E-4
1694	3.0E-4
1695	3.0E-4
1696	4.0E-4
1697	4.0E-4
1698	4.0E-4
1699	4.0E-4
17	0.0071
170	0.3461
1700	3.0E-4
1701	3.0E-4
1702	3.0E-4
1703	3.0E-4
1704	3.0E-4
1705	3.0E-4
1706	5.0E-4
1707	4.0E-4
1708	4.0E-4
1709	4.0E-4
171	0.3472
1710	4.0E-4
1711	4.0E-4
1712	4.0E-4
1713	4.0E-4
1714	4.0E-4
1715	4.0E-4
1716	4.0E-4
1717	4.0E-4
1718	4.0E-4
1719	4.0E-4
172	0.3461
1720	4.0E-4
1721	4.0E-4
1722	4.0E-4
1723	2.0E-4
1724	2.0E-4
1725	2.0E-4
1726	2.0E-4
1727	2.0E-4
1728	2.0E-4
1729	2.0E-4
173	0.339
1730	2.0E-4
1731	2.0E-4
1732	2.0E-4
1733	2.0E-4
1734	2.0E-4
1735	2.0E-4
1736	2.0E-4
1737	4.0E-4
1738	4.0E-4
1739	4.0E-4
174	0.2473
1740	4.0E-4
1741	2.0E-4
1742	2.0E-4
1743	2.0E-4
1744	2.0E-4
1745	2.0E-4
1746	2.0E-4
1747	2.0E-4
1748	2.0E-4
1749	2.0E-4
175	0.3788
1750	3.0E-4
1751	3.0E-4
1752	3.0E-4
1753	3.0E-4
1754	3.0E-4
1755	3.0E-4
1756	3.0E-4
1757	3.0E-4
1758	3.0E-4
1759	3.0E-4
176	0.4218
1760	0.0018
1761	0.0023
1762	0.0023
1763	0.0023
1764	0.0118
1765	0.0118
1766	3.0E-4
1767	3.0E-4
1768	3.0E-4
1769	3.0E-4
177	0.253
1770	3.0E-4
1771	3.0E-4
1772	2.0E-4
1773	2.0E-4
1774	2.0E-4
1775	2.0E-4
1776	2.0E-4
1777	2.0E-4
1778	2.0E-4
1779	2.0E-4
178	0.077
1780	2.0E-4
1781	2.0E-4
1782	2.0E-4
1783	2.0E-4
1784	2.0E-4
1785	2.0E-4
1786	2.0E-4
1787	2.0E-4
1788	2.0E-4
1789	5.0E-4
179	0.1372
1790	5.0E-4
1791	2.0E-4
1792	2.0E-4
1793	2.0E-4
1794	2.0E-4
1795	2.0E-4
1796	2.0E-4
1797	2.0E-4
1798	3.0E-4
1799	3.0E-4
18	0.3075
180	0.1283
1800	3.0E-4
1801	3.0E-4
1802	3.0E-4
1803	3.0E-4
1804	3.0E-4
1805	3.0E-4
1806	3.0E-4
1807	3.0E-4
1808	3.0E-4
1809	3.0E-4
181	0.129
1810	3.0E-4
1811	3.0E-4
1812	3.0E-4
1813	3.0E-4
1814	3.0E-4
1815	4.0E-4
1816	4.0E-4
1817	3.0E-4
1818	0.0047
1819	0.0223
182	0.0853
1820	0.0073
1821	0.0081
1822	0.0073
1823	0.0155
1824	0.0155
1825	0.0155
1826	0.0155
1827	0.0155
1828	0.0155
1829	0.0155
183	0.1283
1830	0.0196
1831	0.0267
1832	0.0155
1833	0.0264
1834	0.0264
1835	0.0155
1836	0.0196
1837	0.0098
1838	0.0264
1839	0.0257
184	0.1298
1840	0.0257
1841	0.022
1842	0.0202
1843	0.0202
1844	0.0202
1845	0.0202
1846	0.0202
1847	0.0202
1848	0.0202
1849	0.0072
185	0.1283
1850	0.0072
1851	0.0092
1852	0.0072
1853	0.0055
1854	1.0E-4
1855	0.0
1856	0.0
1857	0.0
1858	0.0
1859	0.0
186	0.1291
1860	0.0012
1861	0.0045
1862	0.0045
1863	0.0048
1864	0.0
1865	0.0
1866	0.0
1867	1.0E-4
1868	1.0E-4
1869	0.0
187	0.1289
1870	4.0E-4
1871	0.6571
1872	2.5111
1873	2.7547
1874	0.6515
1875	3.2577
1876	2.1839
1877	3.2577
1878	3.2867
1879	0.1258
188	0.1283
1880	0.1258
1881	0.1258
1882	0.1258
1883	2.8801
1884	0.0813
1885	0.0813
1886	0.0813
1887	0.0813
1888	0.0813
1889	0.0813
189	0.1558
1890	0.0813
1891	0.0813
1892	0.0813
1893	0.0813
1894	0.0813
1895	0.0813
1896	0.0
1897	0.0
1898	0.0
1899	0.0
19	0.0698
190	0.0037
1900	0.0
1901	0.0
1902	0.0
1903	0.0
1904	0.0
1905	0.0
1906	0.0
1907	0.0
1908	0.0
1909	0.0
191	0.005
1910	0.0
1911	0.0
1912	0.0
1913	0.0
1914	0.0
1915	0.0
1916	0.0
1917	0.0
1918	0.0
1919	0.0
192	0.3226
1920	0.0
1921	0.0
1922	0.0
1923	0.0
1924	0.0
1925	0.0
1926	0.0
1927	0.0
1928	0.0
1929	0.0
193	2.2181
1930	0.0
1931	0.0
1932	0.0
1933	0.0
1934	0.0
1935	0.0
1936	0.0
1937	0.0
1938	0.0
1939	0.0
194	0.7868
1940	0.0
1941	0.0
1942	0.0
1943	0.0
1944	0.0
1945	0.0
1946	0.0
1947	0.0
1948	0.0
1949	0.0
195	1.0666
1950	0.0
1951	0.0
1952	0.0
1953	0.0
1954	0.0
1955	0.0
1956	0.0
1957	0.0
1958	0.0
1959	0.0
196	1.0615
1960	0.0
1961	0.0
1962	0.0
1963	0.0
1964	0.0
1965	0.0
1966	0.0
1967	0.0
1968	0.0
1969	0.0
197	0.7298
1970	0.0
1971	0.0
1972	0.0
1973	0.0
1974	0.0
1975	0.0
1976	0.0
1977	0.0
1978	0.0
1979	0.0
198	0.8927
1980	0.0
1981	0.0
1982	0.0
1983	0.0
1984	0.0
1985	0.0
1986	0.0
1987	0.0
1988	0.0
1989	0.0
199	1.0576
1990	0.0
1991	0.0
1992	0.0
1993	0.0
1994	0.0
1995	1.0063
1996	0.0
1997	0.0
1998	0.0
1999	0.0
2	26.0831
20	0.2299
200	1.2448
2000	0.0
2001	0.0
2002	0.0
2003	0.0
2004	0.0
2005	0.0
2006	0.0
2007	0.0
2008	0.0
2009	0.0
201	2.0864
2010	0.0
2011	0.0
2012	0.0
2013	0.0
2014	0.0
2015	0.0
2016	0.0
2017	0.0
2018	0.0
2019	0.0
202	2.1373
2020	0.0
2021	0.0
2022	0.0
2023	0.0
2024	0.0
2025	0.0
2026	0.0
2027	0.0
2028	0.0
2029	0.0
203	0.6744
2030	0.0
2031	0.0
2032	0.0
2033	0.0
2034	0.0
2035	0.0
2036	0.0
2037	0.0
2038	0.0
2039	0.0
204	0.9738
2040	0.0
2041	0.0
2042	0.0
2043	0.0
2044	0.0
2045	0.0
2046	0.0
2047	0.0
2048	0.0
2049	0.0
205	0.7927
2050	0.0
2051	0.0
2052	0.0
2053	0.0
2054	0.0
2055	0.0
2056	0.0
2057	0.0
2058	0.0
2059	0.0
206	0.6556
2060	0.0
2061	0.0
2062	0.0
2063	0.0
2064	0.0
2065	0.0
2066	0.0
2067	0.0
2068	0.0
2069	0.0
207	0.0083
2070	0.0
2071	0.0
2072	0.0
2073	0.0
2074	0.0
2075	0.0
2076	0.0
2077	0.0
2078	0.0
2079	0.0
208	0.0087
2080	0.0183
2081	0.0137
2082	0.0183
2083	0.0137
2084	0.0113
2085	0.0144
2086	0.0027
2087	0.0027
2088	0.0027
2089	0.0027
209	0.0302
2090	0.0113
2091	0.0027
2092	0.0027
2093	0.011
2094	0.011
2095	0.0027
2096	0.0113
2097	0.0073
2098	0.0424
2099	0.0086
21	0.067
210	0.0239
2100	5.3776
2101	0.0336
2102	1.0E-4
2103	0.2336
2104	1.0E-4
2105	3.0E-4
2106	3.0E-4
2107	7.0E-4
2108	7.0E-4
2109	7.0E-4
211	0.2214
2110	7.0E-4
2111	7.0E-4
2112	7.0E-4
2113	7.0E-4
2114	7.0E-4
2115	9.0E-4
2116	7.0E-4
2117	7.0E-4
2118	7.0E-4
2119	7.0E-4
212	1.4687
2120	7.0E-4
2121	7.0E-4
2122	7.0E-4
2123	7.0E-4
2124	7.0E-4
2125	0.0136
2126	0.0136
2127	0.0164
2128	0.0332
2129	0.0164
213	1.4363
2130	0.0164
2131	0.0164
2132	0.0068
2133	0.0068
2134	0.0068
2135	0.0068
2136	0.0068
2137	0.018
2138	0.018
2139	0.0206
214	1.4437
2140	0.018
2141	0.018
2142	0.018
2143	0.018
2144	0.6564
2145	0.7773
2146	0.6374
2147	0.6374
2148	0.6564
2149	8.0E-4
215	1.4224
2150	8.0E-4
2151	8.0E-4
2152	8.0E-4
2153	8.0E-4
2154	8.0E-4
2155	8.0E-4
2156	8.0E-4
2157	8.0E-4
2158	8.0E-4
2159	0.0012
216	1.4308
2160	0.0012
2161	0.0012
2162	0.0012
2163	0.0012
2164	0.0012
2165	0.0012
2166	0.0012
2167	9.0E-4
2168	9.0E-4
2169	9.0E-4
217	1.4842
2170	9.0E-4
2171	0.0421
2172	0.5146
2173	9.0E-4
2174	9.0E-4
2175	9.0E-4
2176	9.0E-4
2177	9.0E-4
2178	9.0E-4
2179	9.0E-4
218	0.9376
2180	8.0E-4
2181	8.0E-4
2182	8.0E-4
2183	8.0E-4
2184	8.0E-4
2185	8.0E-4
2186	8.0E-4
2187	8.0E-4
2188	8.0E-4
2189	8.0E-4
219	0.2455
2190	8.0E-4
2191	8.0E-4
2192	8.0E-4
2193	0.9034
2194	0.8847
2195	0.8847
2196	0.9034
2197	0.9034
2198	0.8467
2199	0.037
22	0.0067
220	0.2604
2200	0.037
2201	0.037
2202	0.037
2203	0.037
2204	0.037
2205	0.037
2206	0.037
2207	0.037
2208	0.037
2209	0.0019
221	0.0117
2210	1.0E-4
2211	5.0E-4
2212	0.0013
2213	4.0E-4
2214	3.0E-4
2215	4.0E-4
2216	1.0E-4
2217	1.0E-4
2218	2.0E-4
2219	5.0E-4
222	0.0117
2220	2.0E-4
2221	4.0E-4
2222	8.0E-4
2223	2.0E-4
2224	2.0E-4
2225	3.0E-4
2226	3.0E-4
2227	3.0E-4
2228	3.0E-4
2229	6.0E-4
223	6.0E-4
2230	4.0E-4
2231	2.0E-4
2232	2.0E-4
2233	2.0E-4
2234	2.0E-4
2235	4.0E-4
2236	0.001
2237	4.0E-4
2238	6.0E-4
2239	6.0E-4
224	1.6334
2240	6.0E-4
2241	4.0E-4
2242	4.0E-4
2243	4.0E-4
2244	6.0E-4
2245	6.0E-4
2246	3.0E-4
2247	3.0E-4
2248	3.0E-4
2249	4.0E-4
225	0.0049
2250	1.0E-4
2251	1.0E-4
2252	1.0E-4
2253	1.0E-4
2254	1.0E-4
2255	1.0E-4
2256	1.0E-4
2257	1.0E-4
2258	9.0E-4
2259	3.0E-4
226	0.0052
2260	4.0E-4
2261	6.0E-4
2262	4.0E-4
2263	6.0E-4
2264	2.0E-4
2265	2.0E-4
2266	2.0E-4
2267	4.0E-4
2268	9.0E-4
2269	2.0E-4
227	0.0046
2270	2.0E-4
2271	2.0E-4
2272	2.0E-4
2273	2.0E-4
2274	2.0E-4
2275	6.0E-4
2276	6.0E-4
2277	6.0E-4
2278	6.0E-4
2279	4.0E-4
228	0.0049
2280	4.0E-4
2281	6.0E-4
2282	0.001
2283	0.0014
2284	4.0E-4
2285	2.0E-4
2286	2.0E-4
2287	2.0E-4
2288	2.0E-4
2289	2.0E-4
229	0.0068
2290	0.0012
2291	3.0E-4
2292	3.0E-4
2293	3.0E-4
2294	6.0E-4
2295	6.0E-4
2296	6.0E-4
2297	6.0E-4
2298	1.0E-4
2299	1.0E-4
23	0.0693
230	0.0049
2300	1.0E-4
2301	1.0E-4
2302	1.0E-4
2303	1.0E-4
2304	1.0E-4
2305	1.0E-4
2306	0.0
2307	0.0
2308	0.0
2309	0.0
231	0.2459
2310	0.0
2311	0.0
2312	0.0
2313	0.0
2314	0.0
2315	0.0
2316	0.0
2317	0.0
2318	0.0
2319	0.0
232	0.1846
2320	0.0
2321	0.0
2322	0.0
2323	0.0
2324	0.0
2325	0.0
2326	0.0
2327	0.0
2328	0.0
2329	0.0
233	0.1846
2330	0.0
2331	0.0
2332	0.0
2333	0.0
2334	0.0
2335	0.0
2336	0.0
2337	0.0
2338	0.0
2339	0.0
234	0.1846
2340	0.0
2341	0.0
2342	0.0
2343	0.0
2344	0.0
2345	0.0
2346	0.0
2347	0.0
2348	0.0
2349	0.0
235	0.3041
2350	0.0
2351	0.0
2352	0.0
2353	0.0
2354	0.0
2355	0.0
2356	0.0
2357	0.0
2358	0.0
2359	0.0
236	0.3263
2360	0.0
2361	0.0
2362	0.0039
2363	0.1675
2364	0.0
2365	0.0
2366	0.0
2367	0.0
2368	0.0
2369	0.0
237	0.1846
2370	0.0
2371	0.0
2372	0.0
2373	0.0
2374	0.0
2375	0.0
2376	0.0
2377	0.0
2378	0.0
2379	0.0
238	0.1846
2380	0.0
2381	0.0
2382	0.0
2383	0.0
2384	0.0
2385	0.0
2386	0.0
2387	0.0
2388	0.0
2389	0.0
239	0.1846
2390	0.0
2391	0.0
2392	0.0
2393	0.0
2394	0.0
2395	0.0
2396	0.0
2397	0.0
2398	0.0
2399	0.0
24	0.0073
240	0.3357
2400	0.0
2401	0.0
2402	7.0E-4
2403	0.0
2404	0.0
2405	0.0
2406	0.0
2407	0.0
2408	0.0
2409	0.0
241	0.1919
2410	0.0
2411	0.0
2412	0.0
2413	0.0
2414	0.0
2415	0.0
2416	0.0
2417	1.0E-4
2418	1.0E-4
2419	1.0E-4
242	0.2976
2420	0.0
2421	0.0
2422	0.0
2423	0.0
2424	0.0
2425	0.0
2426	0.0
2427	0.0
2428	0.0
2429	0.0
243	0.1846
2430	0.0
2431	0.0
2432	0.0
2433	0.0
2434	0.0
2435	0.0
2436	0.0
2437	0.0
2438	0.0
2439	0.0
244	0.2836
2440	0.0
2441	0.0
2442	0.0
2443	0.0
2444	0.0
2445	0.0
2446	0.0
2447	0.0
2448	0.0
2449	0.0
245	0.2836
2450	0.0
2451	0.0
2452	0.0157
2453	0.0095
2454	0.0095
2455	0.004
2456	0.0095
2457	0.0101
2458	0.0095
2459	0.004
246	0.2538
2460	0.002
2461	0.002
2462	0.002
2463	0.002
2464	0.002
2465	0.002
2466	0.002
2467	0.002
2468	0.002
2469	0.002
247	0.1846
2470	0.002
2471	0.002
2472	0.002
2473	0.002
2474	0.002
2475	0.002
2476	0.002
2477	0.002
2478	0.002
2479	0.002
248	0.5279
2480	0.002
2481	0.002
2482	0.0111
2483	0.0062
2484	0.0062
2485	0.0222
2486	0.0222
2487	0.0023
2488	0.0023
2489	0.0023
249	1.1037
2490	0.0023
2491	0.0023
2492	0.0023
2493	0.0023
2494	0.0023
2495	0.0023
2496	0.0023
2497	0.0023
2498	0.0023
2499	0.0023
25	0.0067
250	0.2467
2500	0.0023
2501	0.0023
2502	0.0023
2503	0.0023
2504	0.0023
2505	0.0023
2506	0.0023
2507	0.0023
2508	0.0023
2509	0.0023
251	0.2578
2510	2.0E-4
2511	1.0E-4
2512	1.0E-4
2513	1.0E-4
2514	1.0E-4
2515	0.0
2516	0.0
2517	0.0
2518	0.0
2519	0.0
252	0.5828
2520	0.0
2521	0.0
2522	0.0
2523	0.0
2524	1.0E-4
2525	0.0
2526	0.0
2527	0.0
2528	0.0
2529	0.0
253	0.1957
2530	0.0
2531	0.0
2532	1.0E-4
2533	1.0E-4
2534	1.0E-4
2535	5.0E-4
2536	0.1717
2537	0.3789
2538	0.3789
2539	0.1717
254	0.3344
2540	6.0E-4
2541	6.0E-4
2542	6.0E-4
2543	6.0E-4
2544	2.0E-4
2545	2.0E-4
2546	2.0E-4
2547	4.0E-4
2548	4.0E-4
2549	4.0E-4
255	0.4278
2550	4.0E-4
2551	0.2573
2552	0.2573
2553	0.2573
2554	0.2573
2555	1.0E-4
2556	1.0E-4
2557	1.0E-4
2558	1.0E-4
2559	1.0E-4
256	0.3958
2560	1.0E-4
2561	1.0E-4
2562	1.0E-4
2563	0.0041
2564	1.0E-4
2565	1.0E-4
2566	1.0E-4
2567	1.0E-4
2568	1.0E-4
2569	0.0
257	0.4962
2570	0.0
2571	0.0
2572	0.0
2573	0.0
2574	0.0
2575	0.0
2576	0.0
2577	0.0
2578	0.0
2579	0.0
258	1.1116
2580	0.0
2581	0.0
2582	0.0
2583	0.0
2584	0.0
2585	0.0
2586	3.0E-4
2587	3.0E-4
2588	0.0098
2589	0.002
259	1.1116
2590	0.002
2591	0.002
2592	0.0018
2593	0.0018
2594	0.0018
2595	0.0018
2596	0.0018
2597	0.0018
2598	0.0071
2599	3.0E-4
26	1.1393
260	1.1116
2600	3.0E-4
2601	3.0E-4
2602	3.0E-4
2603	3.0E-4
2604	1.0E-4
2605	1.0E-4
2606	1.0E-4
2607	1.0E-4
2608	1.0E-4
2609	1.0E-4
261	0.1046
2610	1.0E-4
2611	1.0E-4
2612	1.0E-4
2613	1.0E-4
2614	1.0E-4
2615	1.0E-4
2616	1.0E-4
2617	1.0E-4
2618	1.0E-4
2619	1.0E-4
262	0.1149
2620	1.0E-4
2621	1.0E-4
2622	1.0E-4
2623	1.0E-4
2624	1.0E-4
2625	1.0E-4
2626	1.0E-4
2627	1.0E-4
2628	1.0E-4
2629	1.0E-4
263	0.1089
2630	0.0
2631	0.0
2632	0.0
2633	0.0
2634	0.0
2635	0.0
2636	0.0
2637	0.0
2638	0.0
2639	0.0
264	0.1225
2640	0.0
2641	0.0
2642	0.0
2643	0.0
2644	0.0
2645	0.0
2646	0.0
2647	0.0
2648	0.0
2649	0.0
265	0.1111
2650	0.0
2651	0.0
2652	0.0
2653	0.0
2654	0.0
2655	0.0
2656	0.0
2657	0.0
2658	0.0
2659	0.0
266	0.1101
2660	0.0
2661	0.0
2662	0.0
2663	4.0E-4
2664	2.0E-4
2665	2.0E-4
2666	2.0E-4
2667	1.0E-4
2668	1.0E-4
2669	1.0E-4
267	0.1184
2670	1.0E-4
2671	1.0699
2672	1.0699
2673	1.0699
2674	1.0699
2675	1.0699
2676	8.0E-4
2677	0.0
2678	1.0E-4
2679	1.0E-4
268	0.1159
2680	1.0E-4
2681	1.0E-4
2682	1.0E-4
2683	1.0E-4
2684	1.0E-4
2685	0.0
2686	0.0
2687	0.0
2688	0.0
2689	0.0
269	0.1089
2690	0.0
2691	0.0
2692	0.0
2693	0.0
2694	0.0
2695	0.0
2696	0.0
2697	0.0
2698	0.0
2699	0.0
27	14.7176
270	0.1207
2700	0.0
2701	0.0
2702	0.0
2703	0.0
2704	0.0
2705	0.0
2706	0.0
2707	0.0
2708	0.0
2709	0.0
271	0.1019
2710	0.0
2711	0.0
2712	0.0
2713	0.0
2714	0.0
2715	0.0
2716	0.0
2717	0.0
2718	0.0
2719	0.0
272	0.1169
2720	0.0
2721	0.0
2722	0.0
2723	0.0
2724	0.0
2725	0.0
2726	1.0E-4
2727	2.0E-4
2728	0.0
2729	0.0
273	0.1099
2730	0.0
2731	0.0
2732	0.0
2733	0.0
2734	0.0
2735	0.2051
2736	3.0E-4
2737	0.002
2738	0.002
2739	0.002
274	0.1029
2740	0.002
2741	0.002
2742	0.002
2743	0.002
2744	0.002
2745	0.002
2746	0.002
2747	0.002
2748	3.0E-4
2749	3.0E-4
275	0.1139
2750	3.0E-4
2751	3.0E-4
2752	3.0E-4
2753	0.0143
2754	2.0E-4
2755	2.0E-4
2756	3.0E-4
2757	5.0E-4
2758	5.0E-4
2759	6.0E-4
276	0.128
2760	5.0E-4
2761	5.0E-4
2762	6.0E-4
2763	0.0027
2764	0.0027
2765	0.0027
2766	0.0027
2767	0.0027
2768	0.0027
2769	0.0027
277	0.1116
2770	0.0027
2771	0.0823
2772	0.0823
2773	0.0823
2774	0.0823
2775	0.0823
2776	0.0823
2777	0.0823
2778	0.0823
2779	0.0823
278	0.1203
2780	0.0823
2781	0.0823
2782	0.0823
2783	1.0E-4
2784	5.0E-4
2785	5.0E-4
2786	0.0034
2787	0.0162
2788	0.0162
2789	3.0E-4
279	0.1097
2790	3.0E-4
2791	3.0E-4
2792	3.0E-4
2793	3.0E-4
2794	4.0E-4
2795	4.0E-4
2796	4.0E-4
2797	5.0E-4
2798	0.007
2799	2.0E-4
28	11.2963
280	0.2795
2800	2.0E-4
2801	2.0E-4
2802	2.0E-4
2803	2.0E-4
2804	2.0E-4
2805	2.0E-4
2806	2.0E-4
2807	2.0E-4
2808	2.0E-4
2809	2.0E-4
281	0.1099
2810	2.0E-4
2811	2.0E-4
2812	2.0E-4
2813	2.0E-4
2814	2.0E-4
2815	2.0E-4
2816	2.0E-4
2817	2.0E-4
2818	2.0E-4
2819	2.0E-4
282	0.1129
2820	2.0E-4
2821	2.0E-4
2822	2.0E-4
2823	2.0E-4
2824	2.0E-4
2825	2.0E-4
2826	2.0E-4
2827	2.0E-4
2828	2.0E-4
2829	2.0E-4
283	0.1101
2830	2.0E-4
2831	2.0E-4
2832	2.0E-4
2833	2.0E-4
2834	2.0E-4
2835	2.0E-4
2836	2.0E-4
2837	2.0E-4
2838	2.0E-4
2839	2.0E-4
284	0.1114
2840	2.0E-4
2841	2.0E-4
2842	2.0E-4
2843	2.0E-4
2844	2.0E-4
2845	2.0E-4
2846	2.0E-4
2847	2.0E-4
2848	2.0E-4
2849	2.0E-4
285	0.1103
2850	2.0E-4
2851	2.0E-4
2852	2.0E-4
2853	2.0E-4
2854	2.0E-4
2855	2.0E-4
2856	2.0E-4
2857	2.0E-4
2858	2.0E-4
2859	2.0E-4
286	0.1089
2860	2.0E-4
2861	2.0E-4
2862	2.0E-4
2863	2.0E-4
2864	2.0E-4
2865	2.0E-4
2866	2.0E-4
2867	2.0E-4
2868	2.0E-4
2869	2.0E-4
287	0.1089
2870	2.0E-4
2871	2.0E-4
2872	2.0E-4
2873	2.0E-4
2874	2.0E-4
2875	2.0E-4
2876	2.0E-4
2877	2.0E-4
2878	2.0E-4
2879	2.0E-4
288	0.1119
2880	2.0E-4
2881	2.0E-4
2882	2.0E-4
2883	2.0E-4
2884	2.0E-4
2885	2.0E-4
2886	2.0E-4
2887	2.0E-4
2888	2.0E-4
2889	2.0E-4
289	0.1101
2890	2.0E-4
2891	2.0E-4
2892	2.0E-4
2893	2.0E-4
2894	2.0E-4
2895	2.0E-4
2896	2.0E-4
2897	2.0E-4
2898	2.0E-4
2899	2.0E-4
29	11.2347
290	0.1108
2900	2.0E-4
2901	2.0E-4
2902	2.0E-4
2903	2.0E-4
2904	2.0E-4
2905	2.0E-4
2906	2.0E-4
2907	2.0E-4
2908	2.0E-4
2909	2.0E-4
291	0.1142
2910	2.0E-4
2911	2.0E-4
2912	2.0E-4
2913	2.0E-4
2914	2.0E-4
2915	2.0E-4
2916	2.0E-4
2917	2.0E-4
2918	2.0E-4
2919	2.0E-4
292	0.1121
2920	2.0E-4
2921	2.0E-4
2922	2.0E-4
2923	2.0E-4
2924	2.0E-4
2925	2.0E-4
2926	2.0E-4
2927	2.0E-4
2928	2.0E-4
2929	2.0E-4
293	0.1107
2930	2.0E-4
2931	2.0E-4
2932	2.0E-4
2933	2.0E-4
2934	2.0E-4
2935	2.0E-4
2936	2.0E-4
2937	2.0E-4
2938	2.0E-4
2939	2.0E-4
294	0.1656
2940	2.0E-4
2941	2.0E-4
2942	2.0E-4
2943	2.0E-4
2944	2.0E-4
2945	2.0E-4
2946	2.0E-4
2947	2.0E-4
2948	2.0E-4
2949	2.0E-4
295	0.1659
2950	2.0E-4
2951	2.0E-4
2952	2.0E-4
2953	2.0E-4
2954	2.0E-4
2955	2.0E-4
2956	2.0E-4
2957	2.0E-4
2958	2.0E-4
2959	2.0E-4
296	0.1652
2960	2.0E-4
2961	2.0E-4
2962	2.0E-4
2963	2.0E-4
2964	2.0E-4
2965	2.0E-4
2966	2.0E-4
2967	2.0E-4
2968	2.0E-4
2969	2.0E-4
297	0.1719
2970	2.0E-4
2971	2.0E-4
2972	2.0E-4
2973	2.0E-4
2974	2.0E-4
2975	2.0E-4
2976	2.0E-4
2977	2.0E-4
2978	2.0E-4
2979	2.0E-4
298	0.1723
2980	2.0E-4
2981	2.0E-4
2982	2.0E-4
2983	0.0078
2984	8.0E-4
2985	8.0E-4
2986	8.0E-4
2987	8.0E-4
2988	8.0E-4
2989	8.0E-4
299	0.1652
2990	0.0063
2991	0.0038
2992	0.0038
2993	0.0038
2994	0.0016
2995	0.0038
2996	0.0041
2997	0.0038
2998	0.0016
2999	8.0E-4
3	0.0117
30	3.0121
300	0.5307
3000	8.0E-4
3001	8.0E-4
3002	8.0E-4
3003	8.0E-4
3004	8.0E-4
3005	8.0E-4
3006	8.0E-4
3007	8.0E-4
3008	8.0E-4
3009	8.0E-4
301	0.1652
3010	8.0E-4
3011	8.0E-4
3012	8.0E-4
3013	8.0E-4
3014	8.0E-4
3015	8.0E-4
3016	8.0E-4
3017	8.0E-4
3018	8.0E-4
3019	8.0E-4
302	0.4054
3020	8.0E-4
3021	8.0E-4
3022	8.0E-4
3023	8.0E-4
3024	8.0E-4
3025	8.0E-4
3026	0.0045
3027	0.0045
3028	0.0025
3029	0.0025
303	0.5922
3030	0.0094
3031	0.0094
3032	9.0E-4
3033	9.0E-4
3034	9.0E-4
3035	9.0E-4
3036	9.0E-4
3037	9.0E-4
3038	9.0E-4
3039	9.0E-4
304	0.0073
3040	9.0E-4
3041	9.0E-4
3042	9.0E-4
3043	9.0E-4
3044	9.0E-4
3045	9.0E-4
3046	9.0E-4
3047	9.0E-4
3048	9.0E-4
3049	9.0E-4
305	0.0167
3050	9.0E-4
3051	9.0E-4
3052	9.0E-4
3053	9.0E-4
3054	9.0E-4
3055	0.0122
3056	0.0089
3057	0.0122
3058	0.0089
3059	0.0018
306	0.0179
3060	0.0018
3061	0.0018
3062	0.0018
3063	0.0018
3064	0.0018
3065	0.0074
3066	0.0074
3067	0.0018
3068	0.0051
3069	0.002
307	0.0187
3070	0.002
3071	0.002
3072	0.0018
3073	0.0018
3074	0.0018
3075	0.0018
3076	0.0018
3077	0.0018
3078	3.0E-4
3079	3.0E-4
308	0.0092
3080	3.0E-4
3081	3.0E-4
3082	3.0E-4
3083	3.0E-4
3084	3.0E-4
3085	3.0E-4
3086	3.0E-4
3087	3.0E-4
3088	0.6093
3089	2.3955
309	0.9324
3090	0.2114
3091	0.2114
3092	0.2114
3093	0.2114
3094	0.2161
3095	0.4271
3096	0.2114
3097	0.2333
3098	0.3754
3099	0.3501
31	1.7084
310	0.7744
3100	0.3501
3101	0.3501
3102	0.2348
3103	0.2348
3104	0.26
3105	0.3501
3106	0.3501
3107	0.3572
3108	0.3501
3109	0.4404
311	0.7777
3110	0.3501
3111	1.2099
3112	0.328
3113	0.3274
3114	0.0554
3115	0.0626
3116	0.0554
3117	0.0731
3118	0.0554
3119	0.3095
312	0.8135
3120	0.3134
3121	4.0E-4
3122	1.0E-4
3123	1.0E-4
3124	1.0E-4
3125	3.0E-4
3126	3.0E-4
3127	3.0E-4
3128	3.0E-4
3129	1.0018
313	0.7744
3130	0.0031
3131	0.0031
3132	0.0031
3133	0.0028
3134	0.0028
3135	0.0028
3136	0.0028
3137	0.0028
3138	0.0028
3139	0.0098
314	0.7744
3140	0.0811
3141	0.0811
3142	0.0811
3143	0.0811
3144	0.0811
3145	0.0811
3146	0.0811
3147	0.0811
3148	0.0811
3149	0.0811
315	0.7744
3150	0.0811
3151	0.0811
3152	8.0E-4
3153	3.0E-4
3154	3.0E-4
3155	3.0E-4
3156	0.0265
3157	0.0038
3158	0.0019
3159	0.0034
316	0.7744
3160	0.0019
3161	0.0033
3162	0.0019
3163	0.523
3164	0.1094
3165	0.0019
3166	0.0019
3167	0.0081
3168	0.0081
3169	0.0205
317	0.7744
3170	0.1149
3171	0.1166
3172	0.1166
3173	0.1149
3174	3.0E-4
3175	3.0E-4
3176	3.0E-4
3177	0.0413
3178	0.0413
3179	0.0413
318	0.7744
3180	0.0479
3181	0.6287
3182	2.6727
3183	0.0631
3184	1.4294
3185	0.0413
3186	5.623
3187	0.0584
3188	3.6728
3189	1.3785
319	0.7744
3190	1.3785
3191	0.0484
3192	0.0413
3193	0.0413
3194	0.0413
3195	0.0413
3196	0.2626
3197	0.0
3198	0.0
3199	0.0
32	2.7499
320	0.9364
3200	0.0
3201	0.0
3202	0.0
3203	0.0
3204	0.0
3205	0.0
3206	0.0
3207	0.0
3208	0.0
3209	0.0
321	0.087
3210	0.0
3211	0.0
3212	0.0
3213	0.0
3214	0.0
3215	0.0
3216	0.0
3217	0.0
3218	0.0
3219	0.0
322	0.0875
3220	9.0895
3221	7.0211
3222	2.1925
3223	4.9519
3224	7.7106
3225	3.8022
3226	6.3313
3227	12.0791
3228	5.6418
3229	3.3424
323	0.0875
3230	0.0
3231	0.0
3232	0.0
3233	3.0E-4
3234	3.0E-4
3235	3.0E-4
3236	2.0E-4
3237	2.0E-4
3238	0.0034
3239	0.0024
324	0.1081
3240	0.0024
3241	2.0E-4
3242	2.0E-4
3243	2.0E-4
3244	2.0E-4
3245	2.0E-4
3246	2.0E-4
3247	2.0E-4
3248	2.0E-4
3249	2.0E-4
325	0.0222
3250	2.0E-4
3251	2.0E-4
3252	2.0E-4
3253	2.0E-4
3254	2.0E-4
3255	2.0E-4
3256	2.0E-4
3257	2.0E-4
3258	2.0E-4
3259	2.0E-4
326	0.0222
3260	2.0E-4
3261	2.0E-4
3262	2.0E-4
3263	2.0E-4
3264	2.0E-4
3265	2.0E-4
3266	2.0E-4
3267	0.0
3268	0.0
3269	0.0
327	0.0222
3270	0.0
3271	0.0
3272	0.0
3273	0.0
3274	3.6369
3275	0.0
3276	1.0E-4
3277	1.0E-4
3278	1.0E-4
3279	0.0
328	0.0222
3280	0.0
3281	0.0
3282	0.0
3283	0.0
3284	0.0
3285	0.0
3286	0.0
3287	0.0
3288	0.0
3289	0.0
329	0.0222
3290	0.0
3291	0.0
3292	0.0
3293	0.0
3294	0.0
3295	0.0
3296	0.0
3297	0.0
3298	0.0
3299	0.0
33	3.5327
330	0.0222
3300	0.0026
3301	0.0026
3302	0.0026
3303	9.0E-4
3304	9.0E-4
3305	9.0E-4
3306	9.0E-4
3307	9.0E-4
3308	9.0E-4
3309	9.0E-4
331	0.0796
3310	9.0E-4
3311	9.0E-4
3312	9.0E-4
3313	6.0E-4
3314	6.0E-4
3315	6.0E-4
3316	6.0E-4
3317	6.0E-4
3318	6.0E-4
3319	7.0E-4
332	0.09
3320	7.0E-4
3321	8.0E-4
3322	0.0239
3323	0.0239
3324	0.0239
3325	0.0239
3326	0.0239
3327	0.0239
3328	0.0239
3329	1.0E-4
333	0.007
3330	1.0E-4
3331	1.0E-4
3332	1.0E-4
3333	1.0E-4
3334	1.0E-4
3335	1.0E-4
3336	1.0E-4
3337	1.0E-4
3338	1.0E-4
3339	1.0E-4
334	0.155
3340	1.0E-4
3341	0.0
3342	0.0
3343	0.0
3344	0.0
3345	0.0
3346	0.0
3347	0.0
3348	0.0
3349	0.0
335	0.155
3350	0.0
3351	1.0E-4
3352	1.0E-4
3353	1.0E-4
3354	1.0E-4
3355	1.0E-4
3356	1.0E-4
3357	0.0
3358	0.0
3359	0.0
336	0.155
3360	0.0
3361	0.0
3362	0.0
3363	0.0
3364	0.0
3365	0.0
3366	0.0
3367	0.0
3368	0.0
3369	0.0
337	0.6236
3370	0.0
3371	0.0
3372	0.0
3373	0.0
3374	0.0
3375	0.0
3376	0.0
3377	0.0
3378	0.0
3379	0.0
338	0.6236
3380	0.0
3381	0.0
3382	0.0
3383	0.0
3384	0.0
3385	0.0
3386	0.0
3387	0.0
3388	0.0
3389	0.0
339	0.6236
3390	0.0
3391	0.0
3392	0.0
3393	0.0
3394	0.0
3395	0.0
3396	0.0
3397	0.0
3398	0.0
3399	0.0
34	1.6953
340	0.0049
3400	0.0
3401	0.0
3402	0.0
3403	0.0
3404	0.0
3405	0.0
3406	0.0
3407	0.0
3408	0.0
3409	0.0
341	0.0129
3410	0.0
3411	0.0
3412	0.0
3413	0.0
3414	0.0
3415	0.0
3416	0.0
3417	0.0
3418	0.0
3419	0.0
342	6.0E-4
3420	0.0
3421	0.0
3422	0.0
3423	0.0
3424	0.0
3425	0.0
3426	0.0
3427	0.0
3428	0.0
3429	0.0
343	6.0E-4
3430	0.0
3431	0.0
3432	0.0
3433	0.0
3434	0.0
3435	0.0
3436	0.0
3437	0.0
3438	0.0
3439	0.0
344	0.0203
3440	0.0
3441	0.0
3442	0.0
3443	0.0
3444	0.0
3445	0.0
3446	0.0
3447	0.0
3448	0.0
3449	0.0
345	3.0E-4
3450	0.0
3451	0.0
3452	0.0
3453	0.0
3454	0.0
3455	0.0
3456	0.0
3457	0.0
3458	0.0
3459	0.0
346	3.0E-4
3460	0.0
3461	0.0
3462	0.0
3463	0.0
3464	0.0
3465	0.0
3466	0.0
3467	0.0
3468	0.0
3469	0.0
347	3.0E-4
3470	0.0
3471	1.0E-4
3472	1.0E-4
3473	1.0E-4
3474	1.0E-4
3475	1.0E-4
3476	1.0E-4
3477	1.0E-4
3478	1.0E-4
3479	1.0698
348	7.0E-4
3480	1.0698
3481	1.0698
3482	1.0698
3483	1.0698
3484	1.0698
3485	1.0698
3486	1.0698
3487	1.0698
3488	1.0698
3489	0.0
349	3.0E-4
3490	0.0
3491	0.0
3492	0.0
3493	0.0
3494	0.0
3495	0.0
3496	0.0
3497	0.0
3498	0.0
3499	0.0
35	1.9553
350	4.0E-4
3500	0.0
3501	0.0
3502	0.0
3503	0.0
3504	0.0
3505	0.0
3506	0.0
3507	0.0
3508	0.0
3509	0.0
351	3.0E-4
3510	0.0
3511	0.0075
3512	0.3142
3513	8.0E-4
3514	2.0155
3515	0.0011
3516	0.0011
3517	0.0014
3518	0.0014
3519	0.0014
352	3.0E-4
3520	3.0E-4
3521	1.0E-4
3522	3.0E-4
3523	1.0E-4
3524	1.0E-4
3525	1.0E-4
3526	1.0E-4
3527	1.0E-4
3528	1.0E-4
3529	1.0E-4
353	3.0E-4
3530	1.0E-4
3531	1.0E-4
3532	6.0E-4
3533	1.0E-4
3534	6.0E-4
3535	1.0E-4
3536	1.0E-4
3537	1.0E-4
3538	1.0E-4
3539	1.0E-4
354	3.0E-4
3540	1.0E-4
3541	1.0E-4
3542	1.0E-4
3543	1.0E-4
3544	1.0E-4
3545	1.0E-4
3546	1.0E-4
3547	1.0E-4
3548	1.0E-4
3549	1.0E-4
355	3.0E-4
3550	1.0E-4
3551	1.0E-4
3552	1.0E-4
3553	1.0E-4
3554	1.0E-4
3555	3.0E-4
3556	1.0E-4
3557	1.0E-4
3558	1.0E-4
3559	1.0E-4
356	1.9085
3560	1.0E-4
3561	1.0E-4
3562	1.0E-4
3563	1.0E-4
3564	4.0E-4
3565	4.0E-4
3566	4.0E-4
3567	4.0E-4
3568	4.0E-4
3569	4.0E-4
357	1.7382
3570	4.0E-4
3571	4.0E-4
3572	4.0E-4
3573	4.0E-4
3574	3.0E-4
3575	3.0E-4
3576	3.0E-4
3577	3.0E-4
3578	3.0E-4
3579	3.0E-4
358	0.3443
3580	4.0E-4
3581	4.0E-4
3582	4.0E-4
3583	0.007
3584	0.996
3585	1.149
3586	1.5106
3587	1.149
3588	0.0258
3589	0.0258
359	0.5445
3590	0.038
3591	0.0459
3592	0.0459
3593	0.0459
3594	0.0577
3595	0.0577
3596	0.0577
3597	0.0367
3598	0.0577
3599	0.0577
36	4.4048
360	0.3443
3600	0.5629
3601	0.0385
3602	0.2483
3603	0.0537
3604	0.0552
3605	0.1881
3606	0.1881
3607	0.0116
3608	0.0285
3609	0.0116
361	0.3443
3610	0.0285
3611	0.0174
3612	0.0174
3613	0.2443
3614	0.0285
3615	0.0959
3616	0.1255
3617	0.0235
3618	0.0235
3619	0.0235
362	1.1035
3620	0.0235
3621	0.0235
3622	0.0235
3623	0.0235
3624	0.0531
3625	0.0235
3626	0.0472
3627	0.0296
3628	0.0296
3629	0.0296
363	0.0209
3630	0.0296
3631	0.0296
3632	0.0296
3633	0.0296
3634	0.0376
3635	0.0376
3636	0.0376
3637	0.0595
3638	0.0134
3639	0.0134
364	0.0209
3640	0.0134
3641	0.0134
3642	0.0134
3643	2.1183
3644	2.1183
3645	1.9863
3646	1.9863
3647	1.9863
3648	1.9863
3649	0.0069
365	0.0372
3650	0.0069
3651	0.0069
3652	0.0069
3653	0.0069
3654	0.0069
3655	0.0069
3656	0.0069
3657	0.0069
3658	0.0069
3659	0.0247
366	0.0209
3660	0.0119
3661	0.0119
3662	0.0119
3663	0.0119
3664	0.1169
3665	0.0
3666	0.0
3667	0.0
3668	0.0
3669	0.0
367	0.0209
3670	0.0
3671	0.0
3672	0.0
3673	0.0
3674	0.0
3675	0.0
3676	0.0
3677	0.0
3678	0.0
3679	0.0
368	0.0209
3680	0.0
3681	0.0
3682	0.0
3683	0.0
3684	0.0
3685	0.0
3686	0.0
3687	0.0
3688	0.0
3689	0.0
369	1.1606
3690	0.0
3691	0.0
3692	0.0
3693	0.0
3694	0.0
3695	0.0
3696	0.0
3697	0.0
3698	0.0
3699	0.0
37	20.6658
370	4.0E-4
3700	1.0E-4
3701	4.0E-4
3702	0.314
3703	3.0E-4
3704	0.0054
3705	0.022
3706	0.0124
3707	0.005
3708	0.005
3709	0.003
371	0.0017
3710	0.0026
3711	0.005
3712	0.0026
3713	0.0041
3714	0.0041
3715	0.0041
3716	0.0011
3717	0.0011
3718	0.0015
3719	0.0014
372	3.0E-4
3720	0.0014
3721	6.0E-4
3722	6.0E-4
3723	5.0E-4
3724	5.0E-4
3725	5.0E-4
3726	0.0014
3727	0.0014
3728	0.0014
3729	7.2583
373	3.0E-4
3730	5.0E-4
3731	5.0E-4
3732	5.0E-4
3733	0.112
3734	0.4687
3735	0.1192
3736	0.112
3737	0.012
3738	0.0386
3739	0.0436
374	3.0E-4
3740	0.0931
3741	0.0247
3742	5.7325
3743	0.012
3744	0.012
3745	0.012
3746	0.012
3747	0.012
3748	0.0033
3749	0.005
375	3.0E-4
3750	0.0033
3751	0.0036
3752	0.0036
3753	0.0036
3754	0.0036
3755	0.0036
3756	0.0036
3757	0.0036
3758	0.0036
3759	0.0146
376	3.0E-4
3760	0.0146
3761	0.0146
3762	0.0787
3763	0.0787
3764	0.0787
3765	0.0787
3766	1.165
3767	1.165
3768	0.0066
3769	0.0066
377	4.0E-4
3770	0.0066
3771	0.0066
3772	0.0066
3773	1.3933
3774	1.3933
3775	1.3933
3776	1.3933
3777	0.0082
3778	0.0082
3779	0.0082
378	3.0E-4
3780	0.0082
3781	0.5927
3782	0.7777
3783	0.5927
3784	0.5927
3785	0.5927
3786	0.5927
3787	0.0072
3788	0.0101
3789	0.7765
379	3.0E-4
3790	0.7765
3791	0.7765
3792	0.1619
3793	0.1619
3794	0.1619
3795	0.1619
3796	0.1619
3797	0.1619
3798	0.1619
3799	0.1619
38	19.034
380	3.0E-4
3800	0.0
3801	0.0
3802	0.0
3803	0.0
3804	0.0
3805	0.0
3806	0.0
3807	0.0
3808	3.6369
3809	0.0
381	3.0E-4
3810	1.0E-4
3811	1.0E-4
3812	1.0E-4
3813	0.0
3814	0.0
3815	0.0
3816	0.0
3817	0.0
3818	0.0
3819	0.0
382	0.0256
3820	0.0
3821	0.0
3822	0.0
3823	0.0
3824	0.0
3825	0.0
3826	0.0
3827	0.0
3828	0.0
3829	0.0
383	0.0256
3830	0.0
3831	0.0
3832	0.0
3833	0.0
3834	10.5948
3835	5.086
3836	1.976
3837	0.8538
3838	0.5178
3839	0.4247
384	0.0493
3840	0.3938
3841	0.3863
3842	0.3836
3843	0.3831
3844	0.3829
3845	0.3829
3846	0.3829
3847	0.3829
3848	0.3829
3849	0.3829
385	0.0493
3850	0.3829
3851	0.3829
3852	0.3829
3853	0.3829
3854	0.3829
3855	0.3829
3856	0.3829
3857	0.3829
3858	0.3829
3859	0.3829
386	0.0493
3860	0.3829
3861	0.3829
3862	0.3829
3863	0.3829
3864	0.3829
3865	0.383
3866	0.3835
3867	0.3857
3868	0.3926
3869	0.4224
387	0.1084
3870	0.535
3871	1.0304
3872	2.7988
3873	8.0906
3874	0.2223
3875	8.2306
3876	4.0208
3877	1.6187
3878	0.746
3879	0.4847
388	0.029
3880	0.4122
3881	0.3882
3882	0.3822
3883	0.3802
3884	0.3798
3885	0.3796
3886	0.3796
3887	0.3796
3888	0.3796
3889	0.3796
389	0.0594
3890	0.3796
3891	0.3796
3892	0.3796
3893	0.3796
3894	0.3796
3895	0.3796
3896	0.3796
3897	0.3797
3898	0.38
3899	0.3818
39	4.9549
390	0.0011
3900	0.3872
3901	0.4104
3902	0.4982
3903	0.8837
3904	2.2459
3905	6.2932
3906	0.2201
3907	2.6981
3908	1.51
3909	0.7611
391	0.0185
3910	0.473
3911	0.3884
3912	0.3717
3913	0.3932
3914	0.5195
3915	0.9333
3916	2.0849
3917	0.2014
3918	5.8636
3919	2.952
392	8.0E-4
3920	1.2582
3921	0.6355
3922	0.449
3923	0.397
3924	0.3798
3925	0.3756
3926	0.3741
3927	0.3738
3928	0.3737
3929	0.3737
393	8.0E-4
3930	0.3737
3931	0.3738
3932	0.374
3933	0.3752
3934	0.3791
3935	0.3958
3936	0.4586
3937	0.7341
3938	1.69
3939	4.4935
394	8.0E-4
3940	0.2163
3941	9.0187
3942	4.376
3943	1.7379
3944	0.7821
3945	0.4959
3946	0.4165
3947	0.3902
3948	0.3838
3949	0.3815
395	8.0E-4
3950	0.3811
3951	0.3809
3952	0.3809
3953	0.3809
3954	0.3809
3955	0.3809
3956	0.3809
3957	0.3809
3958	0.3809
3959	0.3809
396	0.0011
3960	0.3809
3961	0.3809
3962	0.3809
3963	0.3809
3964	0.3809
3965	0.3809
3966	0.381
3967	0.3814
3968	0.3832
3969	0.3892
397	8.0E-4
3970	0.4146
3971	0.5106
3972	0.9328
3973	2.4305
3974	6.8925
3975	0.221
3976	4.547
3977	2.3554
3978	1.0552
3979	0.5714
398	8.0E-4
3980	0.4264
3981	0.3859
3982	0.3726
3983	0.3692
3984	0.3682
3985	0.3681
3986	0.369
3987	0.372
3988	0.385
3989	0.434
399	0.0014
3990	0.6483
3991	1.3786
3992	3.4921
3993	0.2126
3994	7.4418
3995	3.6649
3996	1.4989
3997	0.7096
3998	0.4732
3999	0.4075
4	0.0067
40	6.9428
400	8.0E-4
4000	0.3858
4001	0.3804
4002	0.3785
4003	0.3782
4004	0.3781
4005	0.378
4006	0.378
4007	0.378
4008	0.378
4009	0.378
401	8.0E-4
4010	0.378
4011	0.378
4012	0.3781
4013	0.3781
4014	0.3784
4015	0.38
4016	0.3849
4017	0.406
4018	0.4854
4019	0.8342
402	8.0E-4
4020	2.0611
4021	5.6935
4022	0.2191
4023	14.0109
4024	6.6237
4025	2.4905
4026	1.0077
4027	0.5637
4028	0.4409
4029	0.4001
403	8.0E-4
4030	0.3902
4031	0.3866
4032	0.386
4033	0.3858
4034	0.3858
4035	0.3858
4036	0.3858
4037	0.3858
4038	0.3858
4039	0.3858
404	0.0011
4040	0.3858
4041	0.3858
4042	0.3858
4043	0.3858
4044	0.3858
4045	0.3858
4046	0.3858
4047	0.3858
4048	0.3858
4049	0.3858
405	8.0E-4
4050	0.3858
4051	0.3858
4052	0.3858
4053	0.3858
4054	0.3858
4055	0.3858
4056	0.3858
4057	0.3858
4058	0.3858
4059	0.3858
406	0.0011
4060	0.3858
4061	0.3858
4062	0.3858
4063	0.3858
4064	0.3858
4065	0.3858
4066	0.3858
4067	0.386
4068	0.3865
4069	0.3894
407	8.0E-4
4070	0.3985
4071	0.4379
4072	0.5864
4073	1.2405
4074	3.5962
4075	10.6875
4076	0.2241
4077	6.6531
4078	3.3088
4079	1.3789
408	8.0E-4
4080	0.6728
4081	0.4614
4082	0.4025
4083	0.3831
4084	0.3782
4085	0.3765
4086	0.3762
4087	0.3761
4088	0.3761
4089	0.3761
409	0.0317
4090	0.3761
4091	0.3761
4092	0.3761
4093	0.3762
4094	0.3765
4095	0.3779
4096	0.3823
4097	0.4011
4098	0.4723
4099	0.7845
41	4.8421
410	0.0317
4100	1.8759
4101	5.0938
4102	0.2179
4103	4.0198
4104	2.1156
4105	0.9728
4106	0.5446
4107	0.4164
4108	0.3805
4109	0.3687
411	0.0317
4110	0.3659
4111	0.3657
4112	0.3683
4113	0.3797
4114	0.4231
4115	0.6129
4116	1.2529
4117	3.091
4118	0.2104
4119	0.0
412	0.0317
4120	0.0
4121	4.0E-4
4122	0.0013
4123	0.0013
4124	0.0
4125	0.0
4126	0.0
4127	0.0
4128	0.0
4129	0.0
413	0.0317
4130	0.0
4131	0.0
4132	0.0
4133	0.0
4134	0.0
4135	0.0
4136	0.0
4137	0.0
4138	0.0
4139	4.3618
414	0.0317
4140	2.2786
4141	1.0565
4142	0.6037
4143	0.4701
4144	0.4329
4145	0.4209
4146	0.418
4147	0.4178
4148	0.4205
4149	0.4324
415	0.023
4150	0.4784
4151	0.6819
4152	1.3728
4153	3.3755
4154	0.0
4155	0.0
4156	0.0
4157	0.0
4158	0.0
4159	0.0
416	0.1521
4160	0.0
4161	0.0
4162	0.0
4163	0.0
4164	0.0
4165	0.0
4166	0.0
4167	0.0
4168	0.0
4169	0.0
417	4.0E-4
4170	0.0
4171	0.0
4172	0.0
4173	0.0
4174	0.0
4175	0.0
4176	0.0
4177	0.0
4178	0.0
4179	0.0
418	4.0E-4
4180	0.0
4181	0.0
4182	0.0
4183	0.0
4184	0.0
4185	0.0
4186	0.0
4187	0.0
4188	0.0
4189	0.0
419	4.0E-4
4190	0.0
4191	0.0
4192	0.0
4193	0.0
4194	0.0
4195	0.0
4196	0.0
4197	0.0
4198	0.0
4199	0.0
42	6.231
420	4.0E-4
4200	0.0
4201	0.0
4202	0.0
4203	0.0
4204	0.0
4205	0.0
4206	0.0
4207	0.0
4208	0.0
4209	0.0
421	4.0E-4
4210	0.0
4211	0.0
4212	0.0
4213	0.0
4214	0.0
4215	0.0
4216	0.0
4217	0.0
4218	0.0
4219	0.0
422	4.0E-4
4220	0.0
4221	0.0
4222	0.0
4223	0.0
4224	0.0
4225	0.0
4226	0.0
4227	0.0
4228	0.0
4229	0.0
423	4.0E-4
4230	0.0
4231	0.0
4232	0.0
4233	0.0
4234	0.0
4235	0.0
4236	0.0
4237	0.0
4238	0.0
4239	0.0
424	4.0E-4
4240	0.0
4241	0.0
4242	0.0
4243	0.0
4244	0.0
4245	0.0
4246	0.0
4247	0.0
4248	0.0
4249	0.0
425	10.2687
4250	0.0
4251	0.0
4252	0.0
4253	0.0
4254	0.0
4255	0.0
4256	0.0
4257	0.0
4258	0.0
4259	0.0
426	0.3336
4260	0.0
4261	0.0
4262	0.0
4263	0.0
4264	0.0
4265	0.0
4266	0.0
4267	0.0
4268	0.0
4269	0.0
427	0.1868
4270	0.0
4271	0.0
4272	0.0
4273	0.0
4274	0.0
4275	0.0
4276	0.0
4277	0.0
4278	0.0
4279	0.0
428	0.0539
4280	0.0
4281	0.0
4282	0.0
4283	0.0
4284	0.0
4285	0.0
4286	0.0
4287	0.0
4288	0.0
4289	0.0
429	0.3789
4290	0.0
4291	0.0
4292	0.0
4293	0.0
4294	0.0
4295	0.0
4296	0.0
4297	0.0
4298	0.0
4299	0.0
43	15.6128
430	0.7568
4300	0.0
4301	0.0
4302	0.0
4303	0.0
4304	0.0
4305	0.0
4306	0.0
4307	0.0
4308	0.0
4309	0.0
431	0.0215
4310	0.0
4311	0.0
4312	0.0
4313	0.0
4314	0.0
4315	0.0
4316	0.0
4317	0.0
4318	0.0
4319	0.0
432	0.001
4320	0.0
4321	0.0
4322	0.0
4323	0.0
4324	0.0
4325	0.0
4326	0.0
4327	0.0
4328	0.0
4329	0.0
433	0.0206
4330	0.0
4331	0.0
4332	0.0
4333	0.0
4334	0.0
4335	0.0
4336	0.0
4337	0.0
4338	0.0
4339	0.0
434	0.0206
4340	0.0
4341	0.0
4342	0.0
4343	0.0
4344	0.0
4345	0.0
4346	0.0
4347	0.0
4348	0.0
4349	0.0
435	0.0196
4350	0.0
4351	0.0
4352	0.0
4353	0.0
4354	0.0
4355	0.0
4356	0.0
4357	0.0
4358	0.0
4359	0.0
436	0.0196
4360	0.0
4361	0.0
4362	0.0
4363	0.0
4364	0.0
4365	0.0
4366	0.0
4367	0.0
4368	0.0
4369	0.0
437	0.0196
4370	0.0
4371	0.0
4372	0.0
4373	0.0
4374	0.0
4375	0.0
4376	0.0
4377	0.0
4378	0.0
4379	0.0
438	0.0196
4380	0.0
4381	0.0
4382	0.0
4383	0.0
4384	0.0
4385	0.0
4386	0.0
4387	0.0
4388	0.0
4389	0.0
439	0.0196
4390	0.0
4391	0.0
4392	0.0
4393	0.0
4394	0.0
4395	0.0
4396	0.0
4397	0.0
4398	0.0
4399	0.0
44	4.0676
440	0.0197
4400	0.0
4401	0.0
4402	0.0
4403	0.0
4404	0.0
4405	0.0
4406	0.0
4407	0.0
4408	0.0
4409	0.0
441	0.0019
4410	0.0
4411	0.0
4412	0.0
4413	0.0
4414	0.0
4415	0.0
4416	0.0
4417	0.0
4418	0.0
4419	0.0
442	0.0024
4420	0.0
4421	0.0
4422	0.0
4423	0.0
4424	0.0
4425	0.0
4426	0.0
4427	0.0
4428	0.0
4429	0.0
443	0.0024
4430	0.0
4431	0.0
4432	0.0
4433	0.0
4434	0.0
4435	0.0
4436	2.0E-4
4437	2.0E-4
4438	1.0E-4
4439	2.0E-4
444	0.0024
4440	2.0E-4
4441	2.0E-4
4442	2.0E-4
4443	1.0E-4
4444	1.0E-4
4445	1.0E-4
4446	1.0E-4
4447	2.0E-4
4448	1.0E-4
4449	1.0E-4
445	0.0287
4450	0.0
4451	0.0
4452	0.0
4453	0.0
4454	0.0
4455	0.0
4456	0.0
4457	0.0
4458	3.6369
4459	0.0
446	0.029
4460	1.0E-4
4461	1.0E-4
4462	1.0E-4
4463	0.0
4464	0.0
4465	0.0
4466	0.0
4467	0.0
4468	0.0
4469	0.0
447	0.0287
4470	0.0
4471	0.0
4472	0.0
4473	0.0
4474	0.0
4475	0.0
4476	0.0
4477	0.0
4478	0.0
4479	0.0
448	0.0499
4480	0.0
4481	0.0
4482	0.0
4483	0.0
4484	0.1179
4485	1.0151
4486	0.0
4487	0.0
4488	0.0
4489	0.0
449	0.0276
4490	0.0
4491	0.0
4492	0.0
4493	0.0
4494	0.0
4495	0.0
4496	0.0
4497	0.0
4498	0.0
4499	0.0
45	2.0026
450	0.0202
4500	0.0
4501	0.0
4502	0.0
4503	0.0
4504	0.0
4505	0.0
4506	0.0
4507	0.0
4508	0.0
4509	0.0
451	0.0192
4510	0.0
4511	0.0
4512	0.0
4513	0.0
4514	0.0
4515	0.0
4516	0.0
4517	0.0
4518	0.0
4519	0.0
452	0.0157
4520	0.0
4521	0.0
4522	0.0
4523	0.0
4524	0.0
4525	0.0
4526	0.0
4527	0.0
4528	0.0
4529	0.0
453	0.0146
4530	0.0
4531	0.0
4532	0.0
4533	0.0
4534	0.0
4535	0.0
4536	0.0
4537	0.0
4538	0.0
4539	0.0
454	0.0146
4540	0.0
4541	0.0
4542	0.0
4543	0.0
4544	0.0
4545	0.0
4546	0.0
4547	0.0
4548	0.0
4549	0.0
455	0.0146
4550	0.0
4551	0.0
4552	0.0
4553	0.0
4554	0.0
4555	0.0
4556	0.0
4557	0.0
4558	0.0
4559	0.0
456	0.0146
4560	0.0
4561	0.0
4562	0.0
4563	0.0
4564	0.0
4565	0.0
4566	0.0
4567	0.0
4568	0.0
4569	0.0
457	0.1143
4570	0.0
4571	0.0
4572	0.0
4573	0.0
4574	0.0
4575	0.0
4576	0.0
4577	0.0
4578	0.0
4579	0.0
458	0.1143
4580	0.0
4581	0.0
4582	0.0
4583	0.0
4584	0.0
4585	0.0
4586	0.0
4587	0.0
4588	0.0
4589	0.0
459	0.1143
4590	0.0
4591	0.0
4592	0.0
4593	0.0
4594	0.0
4595	0.0
4596	0.0
4597	0.0
4598	0.0
4599	0.0
46	4.3484
460	0.1041
4600	0.0
4601	0.0
4602	0.0
4603	0.0
4604	0.0
4605	0.0
4606	0.0
4607	0.0
4608	0.0
4609	0.0
461	0.1143
4610	0.0
4611	0.0
4612	0.0
4613	0.0
4614	0.0
4615	0.0
4616	0.0
4617	0.0
4618	0.0
4619	0.0
462	0.115
4620	0.0
4621	0.0
4622	0.0
4623	0.0
4624	0.0
4625	0.0
4626	0.0
4627	0.0
4628	0.0
4629	0.0
463	0.115
4630	0.0
4631	0.0
4632	0.0
4633	0.0
4634	0.0
4635	0.0
4636	0.0
4637	0.0
4638	0.0
4639	0.0
464	0.115
4640	0.0
4641	0.0
4642	0.0
4643	0.0
4644	0.0
4645	0.0
4646	0.0
4647	0.0
4648	0.0
4649	0.0
465	0.1143
4650	0.0
4651	0.0
4652	0.0
4653	0.0
4654	0.0
4655	0.0
4656	0.0
4657	0.0
4658	0.0
4659	0.0
466	0.1143
4660	0.0
4661	0.0
4662	0.0
4663	0.0
4664	0.0
4665	0.0
4666	0.0
4667	0.0
4668	0.0
4669	0.0
467	0.1253
4670	0.0
4671	0.0
4672	0.0
4673	0.0
4674	0.0
4675	0.0
4676	0.0
4677	0.0
4678	0.0
4679	0.0
468	0.1253
4680	0.0
4681	0.0
4682	0.0
4683	0.0
4684	0.0
4685	0.0
4686	0.0
4687	0.0
4688	0.0
4689	0.0
469	0.0404
4690	0.0
4691	0.0
4692	0.0
4693	0.0
4694	0.0
4695	0.0
4696	0.0
4697	0.0
4698	0.0
4699	0.0
47	1.14
470	0.0364
4700	0.0
4701	0.0
4702	0.0
4703	0.0
4704	0.0
4705	0.0
4706	0.0
4707	0.0
4708	0.0
4709	0.0
471	0.0364
4710	0.0
4711	0.0
4712	0.0
4713	0.0
4714	0.0
4715	0.0
4716	0.0
4717	0.0
4718	0.0
4719	0.0
472	0.0364
4720	0.0
4721	0.0
4722	0.0
4723	0.0
4724	0.0
4725	0.0
4726	0.0
4727	0.0
4728	0.0
4729	0.0
473	0.0336
4730	0.0
4731	0.0
4732	0.0
4733	0.0
4734	0.0
4735	0.0
4736	0.0
4737	0.0
4738	0.0
4739	0.0
474	0.0384
4740	0.0
4741	0.0
4742	0.0
4743	0.0
4744	0.0
4745	0.0
4746	0.0
4747	0.0
4748	0.0
4749	0.0
475	0.0058
4750	0.0
4751	0.0
4752	0.0
4753	0.0
4754	0.0
4755	0.0
4756	0.0
4757	0.0
4758	0.0
4759	0.0
476	0.0056
4760	0.0
4761	0.0
4762	1.0E-4
4763	1.0E-4
4764	0.0
4765	1.0E-4
4766	1.0E-4
4767	1.0E-4
4768	1.0E-4
4769	0.0
477	0.0056
4770	0.0
4771	0.0
4772	1.0E-4
4773	2.0E-4
4774	0.1707
4775	0.153
4776	0.6178
4777	0.6178
4778	0.1079
4779	0.1079
478	0.0056
4780	0.1079
4781	0.0903
4782	0.0903
4783	0.0903
4784	0.0973
4785	0.1157
4786	0.1157
4787	0.1193
4788	0.1193
4789	0.0903
479	0.1302
4790	0.0992
4791	0.0903
4792	0.0992
4793	0.0021
4794	0.002
4795	0.002
4796	0.002
4797	0.002
4798	0.002
4799	0.0235
48	2.5791
480	0.1893
4800	0.002
4801	0.0047
4802	0.007
4803	0.007
4804	0.007
4805	0.062
4806	1.2705
4807	0.031
4808	0.031
4809	0.062
481	0.1296
4810	2.847
4811	0.0414
4812	0.1805
4813	0.0058
4814	0.0066
4815	0.3016
4816	0.0168
4817	0.0168
4818	0.0168
4819	1.1982
482	0.0272
4820	0.0168
4821	0.0044
4822	0.0044
4823	0.0044
4824	0.0044
4825	0.0044
4826	0.0044
4827	0.0044
4828	0.0215
4829	0.0215
483	0.0265
4830	0.0094
4831	0.0062
4832	0.0062
4833	0.0298
4834	0.0298
4835	0.0298
4836	0.0298
4837	0.0298
4838	0.0306
4839	0.0053
484	0.0265
4840	0.0213
4841	0.0213
4842	0.0213
4843	0.0072
4844	0.018
4845	0.0036
4846	0.0036
4847	0.0036
4848	0.351
4849	0.351
485	0.0227
4850	0.351
4851	0.2637
4852	0.2637
4853	0.2637
4854	0.0148
4855	0.0148
4856	0.0148
4857	0.0624
4858	0.0624
4859	0.0624
486	0.0209
4860	0.1873
4861	0.1873
4862	0.1168
4863	0.0024
4864	0.0024
4865	0.0065
4866	0.0024
4867	0.006
4868	0.0048
4869	0.0065
487	0.0209
4870	0.0065
4871	0.0
4872	0.0
4873	0.0
4874	0.0
4875	0.0
4876	0.0
4877	0.0
4878	0.0
4879	0.0
488	0.0209
4880	0.0
4881	0.0
4882	0.0
4883	0.0
4884	0.0
4885	0.0
4886	0.0
4887	0.0
4888	0.0
4889	0.0
489	0.0209
4890	0.0
4891	0.0
4892	0.0
4893	0.0
4894	0.0
4895	0.0
4896	0.0
4897	0.0
4898	0.0
4899	0.0
49	1.1393
490	0.0209
4900	0.0
4901	0.0
4902	0.0
4903	0.0
4904	0.0
4905	0.0
4906	0.0
4907	0.0
4908	0.0
4909	0.0
491	0.0209
4910	0.0
4911	0.0
4912	0.0
4913	0.0
4914	0.0
4915	0.0
4916	0.0
4917	0.0
4918	0.0
4919	0.0
492	0.0331
4920	0.0
4921	0.0
4922	0.0
4923	0.0
4924	2.0E-4
4925	2.0E-4
4926	2.0E-4
4927	2.0E-4
4928	2.0E-4
4929	7.0E-4
493	0.0209
4930	0.169
4931	0.169
4932	0.169
4933	0.169
4934	0.169
4935	0.169
4936	0.169
4937	0.0172
4938	0.0172
4939	0.0172
494	3.0E-4
4940	0.0172
4941	0.0172
4942	0.0172
4943	0.0172
4944	0.0172
4945	0.0172
4946	0.0172
4947	0.0172
4948	0.0172
4949	0.0172
495	3.0E-4
4950	0.0172
4951	0.0172
4952	0.0172
4953	0.0172
4954	0.0172
4955	0.0172
4956	0.0172
4957	0.0172
4958	0.0172
4959	0.0172
496	0.0016
4960	0.0172
4961	0.0172
4962	0.0172
4963	0.0243
4964	0.0172
4965	0.0172
4966	0.0172
4967	0.0172
4968	0.0172
4969	0.0172
497	3.0E-4
4970	0.0172
4971	0.0172
4972	0.0018
4973	0.0018
4974	0.0018
4975	0.0018
4976	0.0018
4977	0.0018
4978	0.0018
4979	0.0018
498	0.0046
4980	0.0018
4981	0.0018
4982	0.0018
4983	0.0018
4984	0.0018
4985	0.0018
4986	0.0018
4987	0.0018
4988	0.0018
4989	0.0018
499	0.0048
4990	0.0018
4991	0.0018
4992	0.0018
4993	0.0018
4994	0.0018
4995	0.0018
4996	0.0018
4997	0.0018
4998	0.0018
4999	0.0018
5	0.0067
50	1.1393
500	0.2967
5000	0.0018
5001	0.016
5002	0.016
5003	0.016
5004	0.016
5005	0.016
5006	0.016
5007	0.016
5008	0.3349
5009	0.3349
501	0.2881
5010	0.3349
5011	0.3349
5012	0.3349
5013	0.0031
5014	0.0031
5015	0.0031
5016	0.0031
5017	0.0031
5018	0.0031
5019	0.0031
502	0.2834
5020	0.0031
5021	0.0031
5022	0.0031
5023	0.0031
5024	0.0031
5025	0.0031
5026	0.0031
5027	0.0031
5028	0.0031
5029	0.0031
503	0.1139
5030	0.0031
5031	0.0031
5032	0.0031
5033	0.0017
5034	0.0017
5035	0.6378
5036	0.0
5037	0.0
5038	0.0
5039	0.0
504	0.1139
5040	0.0
5041	0.0
5042	0.0
5043	0.0
5044	0.0
5045	0.0
5046	0.0
5047	0.0
5048	0.0
5049	0.0
505	0.3263
5050	0.0
5051	4.3618
5052	2.2786
5053	1.0565
5054	0.6037
5055	0.4701
5056	0.4329
5057	0.4209
5058	0.418
5059	0.4178
506	0.0086
5060	0.4205
5061	0.4324
5062	0.4784
5063	0.6819
5064	1.3728
5065	3.3755
5066	0.0
5067	0.0
5068	0.0
5069	0.0
507	0.0086
5070	0.0
5071	0.0
5072	7.8827
5073	5.5573
5074	2.4129
5075	0.8238
5076	0.3467
5077	0.1917
5078	0.1488
5079	0.134
508	0.0086
5080	0.1306
5081	0.1294
5082	0.1291
5083	0.1291
5084	0.1291
5085	0.1291
5086	0.1291
5087	0.1291
5088	0.1291
5089	0.1291
509	0.0086
5090	0.1291
5091	0.1291
5092	0.1291
5093	0.1291
5094	0.1291
5095	0.1291
5096	0.1291
5097	0.1291
5098	0.1291
5099	0.1291
510	0.0086
5100	0.1291
5101	0.1291
5102	0.1291
5103	0.1293
5104	0.1302
5105	0.1329
5106	0.144
5107	0.1776
5108	0.2909
5109	0.622
511	0.0086
5110	1.5236
5111	2.4056
5112	6.1071
5113	4.3335
5114	1.9023
5115	0.6685
5116	0.2975
5117	0.177
5118	0.1436
5119	0.1321
512	0.0086
5120	0.1294
5121	0.1284
5122	0.1283
5123	0.1282
5124	0.1282
5125	0.1282
5126	0.1282
5127	0.1282
5128	0.1282
5129	0.1282
513	0.0086
5130	0.1282
5131	0.1282
5132	0.1282
5133	0.1283
5134	0.1284
5135	0.1291
5136	0.1312
5137	0.1399
5138	0.166
5139	0.2541
514	0.0086
5140	0.5112
5141	1.2094
5142	1.8789
5143	1.9565
5144	1.4675
5145	0.7026
5146	0.3008
5147	0.1808
5148	0.1497
5149	0.1674
515	0.0086
5150	0.2474
5151	0.4692
5152	0.6446
5153	4.3298
5154	3.1079
5155	1.3905
5156	0.5125
5157	0.2477
5158	0.1617
5159	0.1376
516	0.0086
5160	0.1294
5161	0.1275
5162	0.1268
5163	0.1267
5164	0.1267
5165	0.1267
5166	0.1268
5167	0.1273
5168	0.1288
5169	0.135
517	0.0086
5170	0.1537
5171	0.2166
5172	0.3995
5173	0.8941
5174	1.3513
5175	6.699
5176	4.7414
5177	2.0726
5178	0.7203
5179	0.314
518	0.0086
5180	0.182
5181	0.1453
5182	0.1327
5183	0.1298
5184	0.1288
5185	0.1286
5186	0.1286
5187	0.1286
5188	0.1286
5189	0.1286
519	0.1327
5190	0.1286
5191	0.1286
5192	0.1286
5193	0.1286
5194	0.1286
5195	0.1286
5196	0.1286
5197	0.1286
5198	0.1286
5199	0.1286
52	17.9073
520	0.1327
5200	0.1287
5201	0.1295
5202	0.1318
5203	0.1413
5204	0.1699
5205	0.2664
5206	0.5482
5207	1.3141
5208	2.0545
5209	3.3418
521	0.0971
5210	2.426
5211	1.1052
5212	0.425
5213	0.2192
5214	0.1524
5215	0.1337
5216	0.1273
5217	0.1258
5218	0.1257
5219	0.1268
522	0.102
5220	0.1316
5221	0.1462
5222	0.195
5223	0.3367
5224	0.7181
5225	1.0577
5226	5.5146
5227	3.9251
5228	1.7318
5229	0.6166
523	0.311
5230	0.281
5231	0.172
5232	0.1417
5233	0.1313
5234	0.1288
5235	0.128
5236	0.1278
5237	0.1278
5238	0.1278
5239	0.1278
524	0.102
5240	0.1278
5241	0.1278
5242	0.1278
5243	0.1278
5244	0.1278
5245	0.128
5246	0.1286
5247	0.1305
5248	0.1384
5249	0.162
525	0.102
5250	0.2417
5251	0.4741
5252	1.1044
5253	1.7032
5254	10.4495
5255	7.3255
5256	3.1503
5257	1.0475
5258	0.4173
5259	0.2124
526	3.1162
5260	0.1558
5261	0.1363
5262	0.1318
5263	0.1302
5264	0.13
5265	0.1299
5266	0.1299
5267	0.1299
5268	0.1299
5269	0.1299
527	0.0811
5270	0.1299
5271	0.1299
5272	0.1299
5273	0.1299
5274	0.1299
5275	0.1299
5276	0.1299
5277	0.1299
5278	0.1299
5279	0.1299
528	0.0786
5280	0.1299
5281	0.1299
5282	0.1299
5283	0.1299
5284	0.1299
5285	0.1299
5286	0.1299
5287	0.1299
5288	0.1299
5289	0.1299
529	0.073
5290	0.1299
5291	0.1299
5292	0.1299
5293	0.1299
5294	0.1299
5295	0.1299
5296	0.1299
5297	0.1299
5298	0.1301
5299	0.1314
53	0.5051
530	0.073
5300	0.1348
5301	0.1496
5302	0.1937
5303	0.3436
5304	0.7817
5305	1.9772
5306	3.1666
5307	4.9224
5308	3.5167
5309	1.5613
531	4.0E-4
5310	0.5646
5311	0.2644
5312	0.1669
5313	0.1397
5314	0.1304
5315	0.1282
5316	0.1275
5317	0.1273
5318	0.1273
5319	0.1273
532	0.007
5320	0.1273
5321	0.1273
5322	0.1274
5323	0.1274
5324	0.128
5325	0.1297
5326	0.1367
5327	0.1579
5328	0.2292
5329	0.4369
533	4.0E-4
5330	0.9994
5331	1.5273
5332	2.9464
5333	2.1528
5334	0.9907
5335	0.3897
5336	0.2075
5337	0.1484
5338	0.1318
5339	0.1266
534	4.0E-4
5340	0.1263
5341	0.1301
5342	0.1429
5343	0.186
5344	0.3113
5345	0.6474
5346	0.94
5347	3.1551
5348	2.2888
5349	1.0494
535	4.0E-4
5350	0.4159
5351	0.2256
5352	0.1645
5353	0.1475
5354	0.1421
5355	0.1418
5356	0.1457
5357	0.1592
5358	0.2046
5359	0.338
536	1.4684
5360	0.699
5361	1.0171
5362	0.0
5363	0.0
5364	0.0
5365	0.0
5366	0.0
5367	0.0
5368	0.0
5369	0.0
537	1.4684
5370	0.0
5371	0.0
5372	0.0
5373	0.0
5374	0.0
5375	0.0
5376	0.0
5377	1.0E-4
5378	0.0
5379	0.0
538	1.4686
5380	0.0
5381	0.0
5382	0.0
5383	0.0
5384	0.0
5385	0.0
5386	0.0
5387	0.0
5388	0.0
5389	0.0
539	1.5005
5390	0.0
5391	0.0
5392	0.0
5393	0.0
5394	0.0
5395	0.0
5396	0.0
5397	4.3618
5398	2.2786
5399	1.0565
54	0.4837
540	1.4684
5400	0.6037
5401	0.4701
5402	0.4329
5403	0.4209
5404	0.418
5405	0.4178
5406	0.4205
5407	0.4324
5408	0.4784
5409	0.6819
541	1.5005
5410	1.3728
5411	3.3755
5412	0.0
5413	0.0
5414	0.0
5415	0.0
5416	0.0
5417	0.0
5418	0.0625
5419	0.0625
542	1.4684
5420	0.0625
5421	1.0E-4
5422	0.083
5423	0.083
5424	0.0387
5425	0.0387
5426	0.0108
5427	0.0108
5428	0.0108
5429	4.0E-4
543	1.4682
5430	4.0E-4
5431	4.0E-4
5432	4.0E-4
5433	4.0E-4
5434	4.0E-4
5435	0.0298
5436	0.001
5437	0.001
5438	0.0021
5439	5.0E-4
544	1.4684
5440	5.0E-4
5441	5.0E-4
5442	0.0101
5443	0.0101
5444	7.0E-4
5445	7.0E-4
5446	7.0E-4
5447	0.0333
5448	0.0333
5449	1.237
545	1.5152
5450	1.237
5451	1.237
5452	1.237
5453	1.451
5454	1.301
5455	1.0077
5456	4.7101
5457	0.6375
5458	0.6375
5459	0.0444
546	1.4684
5460	0.0176
5461	0.0176
5462	0.0176
5463	0.0176
5464	0.0031
5465	0.0031
5466	0.0024
5467	0.0024
5468	1.7159
5469	0.0181
547	0.1579
5470	1.1467
5471	0.0181
5472	6.0E-4
5473	6.0E-4
5474	6.0E-4
5475	6.0E-4
5476	6.0E-4
5477	6.0E-4
5478	6.0E-4
5479	6.0E-4
548	0.0947
5480	0.0016
5481	0.0016
5482	0.0016
5483	0.0826
5484	0.0231
5485	0.005
5486	0.0017
5487	0.0017
5488	0.0017
5489	0.0017
549	0.0214
5490	0.0042
5491	0.0041
5492	0.0042
5493	0.0041
5494	0.0046
5495	0.0042
5496	0.0042
5497	0.0101
5498	0.0057
5499	0.0057
55	0.4802
550	0.209
5500	0.0057
5501	0.0057
5502	0.0154
5503	0.018
5504	0.018
5505	0.018
5506	0.0625
5507	0.0625
5508	0.0625
5509	0.0036
551	0.2213
5510	0.002
5511	0.0019
5512	0.0024
5513	1.0E-4
5514	0.0
5515	0.0
5516	0.0
5517	0.0
5518	0.0
5519	0.0
552	0.209
5520	0.0
5521	1.0E-4
5522	1.0E-4
5523	3.1551
5524	2.2888
5525	1.0494
5526	0.4159
5527	0.2256
5528	0.1645
5529	0.1475
553	0.2193
5530	0.1421
5531	0.1418
5532	0.1457
5533	0.1592
5534	0.2046
5535	0.338
5536	0.699
5537	1.0171
5538	0.0
5539	0.0
554	0.2335
5540	0.0
5541	0.0
5542	0.0
5543	0.0
5544	0.0
5545	0.0
5546	0.0
5547	0.0
5548	0.0
5549	0.0
555	0.2344
5550	0.0
5551	0.0
5552	0.0
5553	0.0
5554	0.0
5555	0.0
5556	0.0
5557	0.0
5558	0.0
5559	0.0
556	0.2344
5560	0.0
5561	0.0
5562	0.0
5563	0.0
5564	0.0
5565	0.0
5566	0.0
5567	0.0
5568	0.0
5569	0.0
557	0.485
5570	0.0
5571	0.0
5572	0.0
5573	0.0
5574	0.0
5575	0.0
5576	0.0
5577	0.0
5578	0.0
5579	0.0
558	0.1504
5580	0.0
5581	0.0
5582	0.0
5583	0.0
5584	0.0
5585	0.0
5586	0.0
5587	0.0
5588	0.0
5589	0.0
559	0.1504
5590	0.0
5591	0.0
5592	0.0
5593	0.0
5594	0.0
5595	0.0
5596	0.0
5597	0.0
5598	0.0
5599	0.0
56	0.443
560	0.1504
5600	0.0
5601	0.0
5602	0.0
5603	0.0
5604	0.0
5605	0.0
5606	0.0
5607	0.0
5608	0.0
5609	0.0
561	0.1428
5610	0.0
5611	0.0
5612	0.0
5613	0.0
5614	0.0
5615	0.0
5616	0.0
5617	0.0
5618	0.0
5619	0.0
562	0.1428
5620	0.0
5621	0.0
5622	0.0
5623	0.0
5624	0.0
5625	0.0
5626	0.0
5627	0.0
5628	0.0
5629	0.0
563	0.1428
5630	0.0
5631	0.0
5632	0.0
5633	0.0
5634	0.0
5635	0.0
5636	0.0
5637	0.0
5638	0.0
5639	0.0
564	0.1428
5640	0.0
5641	0.0
5642	0.0
5643	0.0
5644	0.0
5645	0.0
5646	0.0
5647	0.0
5648	0.0
5649	0.0
565	0.1504
5650	0.0
5651	0.0
5652	0.0
5653	0.0
5654	0.0
5655	0.0
5656	0.0
5657	0.0
5658	0.0
5659	0.0
566	0.0036
5660	0.0
5661	0.0
5662	0.0
5663	0.0
5664	0.0
5665	0.0
5666	0.0
5667	0.0
5668	0.0
5669	0.0
567	0.0036
5670	0.0
5671	0.0
5672	0.0
5673	0.0
5674	0.0
5675	0.0
5676	0.0
5677	0.0
5678	0.0
5679	0.0
568	0.0036
5680	0.0
5681	0.0
5682	0.0
5683	0.0
5684	0.0
5685	0.0
5686	0.0
5687	0.0
5688	0.0
5689	0.0
569	0.0081
5690	0.0
5691	0.0
5692	0.0
5693	0.0
5694	0.0
5695	0.0
5696	0.0
5697	0.0
5698	0.0
5699	0.0
57	0.4298
570	0.0036
5700	0.0
5701	0.0
5702	0.0
5703	0.0
5704	0.0
5705	0.0
5706	0.0
5707	0.0
5708	0.0
5709	0.0
571	0.0036
5710	0.0
5711	0.0
5712	0.0
5713	0.0
5714	0.0
5715	0.0
5716	0.0
5717	0.0
5718	0.0
5719	0.0
572	0.0036
5720	0.0
5721	0.0
5722	0.0
5723	0.0
5724	0.0
5725	0.0
5726	0.0
5727	0.0
5728	0.0
5729	0.0
573	0.0036
5730	0.0
5731	0.0
5732	0.0
5733	0.0
5734	0.0
5735	0.0
5736	0.0
5737	0.0
5738	0.0
5739	0.0
574	0.0036
5740	0.0
5741	0.0
5742	0.0
5743	0.0
5744	0.0
5745	0.0
5746	0.0
5747	0.0
5748	0.0
5749	0.0
575	0.0036
5750	0.0
5751	0.0
5752	0.0
5753	0.0
5754	0.0
5755	0.0
5756	0.0
5757	0.0
5758	0.0
5759	0.0
576	0.0036
5760	0.0
5761	0.0
5762	0.0
5763	0.0
5764	0.0
5765	0.0
5766	0.0
5767	0.0
5768	0.0
5769	0.0
577	0.0036
5770	0.0
5771	0.0
5772	0.0
5773	0.0
5774	0.0
5775	0.0
5776	0.0
5777	0.0
5778	0.0
5779	0.0
578	1.4319
5780	0.0
5781	0.0
5782	0.0
5783	0.0
5784	0.0
5785	3.1551
5786	2.2888
5787	1.0494
5788	0.4159
5789	0.2256
579	0.2067
5790	0.1645
5791	0.1475
5792	0.1421
5793	0.1418
5794	0.1457
5795	0.1592
5796	0.2046
5797	0.338
5798	0.699
5799	1.0171
58	0.4814
580	0.2067
5800	0.0
5801	0.0
5802	0.0
5803	0.0
5804	0.0
5805	0.0
5806	0.0
5807	0.0
5808	0.0
5809	0.0
581	0.2177
5810	0.0
5811	0.0
5812	0.0
5813	0.0
5814	0.0
5815	0.0139
5816	0.0139
5817	1.0E-4
5818	0.0023
5819	0.0052
582	0.0044
5820	0.7527
5821	0.7527
5822	0.15
5823	1.4453
5824	0.1546
5825	0.6895
5826	0.5757
5827	0.5757
5828	0.9214
5829	0.5757
583	0.0044
5830	0.5757
5831	0.5757
5832	0.7183
5833	0.7183
5834	0.0477
5835	0.2462
5836	0.2462
5837	0.2462
5838	0.2462
5839	0.2462
584	0.0037
5840	0.2462
5841	0.2462
5842	0.0499
5843	0.0499
5844	0.0027
5845	5.0E-4
5846	5.0E-4
5847	5.0E-4
5848	5.0E-4
5849	5.0E-4
585	0.0045
5850	5.0E-4
5851	5.0E-4
5852	5.0E-4
5853	5.0E-4
5854	5.0E-4
5855	5.0E-4
5856	5.0E-4
5857	5.0E-4
5858	5.0E-4
5859	5.0E-4
586	0.0044
5860	5.0E-4
5861	5.0E-4
5862	5.0E-4
5863	5.0E-4
5864	5.0E-4
5865	5.0E-4
5866	5.0E-4
5867	0.0153
5868	0.0026
5869	0.0026
587	0.0049
5870	0.0026
5871	0.0026
5872	0.0026
5873	0.0026
5874	0.0026
5875	0.0055
5876	0.0026
5877	1.0573
5878	0.0026
5879	0.0026
588	0.0037
5880	0.0026
5881	0.0026
5882	0.0026
5883	0.0026
5884	0.0026
5885	0.0026
5886	0.0026
5887	0.0026
5888	0.0026
5889	0.0026
589	0.0051
5890	0.0026
5891	0.0026
5892	1.0E-4
5893	1.0E-4
5894	1.0E-4
5895	1.0E-4
5896	1.0E-4
5897	1.0E-4
5898	1.0E-4
5899	1.0E-4
59	0.4775
590	0.0051
5900	1.0E-4
5901	1.0E-4
5902	1.0E-4
5903	1.0E-4
5904	1.0E-4
5905	1.0E-4
5906	1.0E-4
5907	1.0E-4
5908	1.0E-4
5909	1.0E-4
591	0.0051
5910	1.0E-4
5911	1.0E-4
5912	1.0E-4
5913	1.0E-4
5914	1.0E-4
5915	1.0E-4
5916	1.0E-4
5917	1.0E-4
5918	1.0E-4
5919	1.0E-4
592	0.0051
5920	0.0024
5921	0.0033
5922	0.0976
5923	0.0976
5924	0.0976
5925	0.0976
5926	0.0976
5927	0.0976
5928	0.0976
5929	0.0976
593	7.0592
5930	1.3174
5931	1.3174
5932	1.3174
5933	1.3174
5934	1.3174
5935	1.3174
5936	0.0848
5937	0.0802
5938	0.3703
5939	0.051
594	0.0052
5940	0.0
5941	0.0
5942	0.0
5943	0.0
5944	0.0
5945	0.0
5946	0.0
5947	1.0E-4
5948	2.0E-4
5949	1.0E-4
595	0.0036
5950	1.0E-4
5951	0.0156
5952	5.0E-4
5953	7.0E-4
5954	0.001
5955	0.4642
5956	1.0427
5957	0.001
5958	0.0
5959	0.0
596	0.0036
5960	0.0
5961	0.0
5962	0.0
5963	0.0
5964	0.0
5965	0.0
5966	0.0
5967	0.0
5968	0.0
5969	0.0
597	0.0036
5970	0.0
5971	0.0
5972	0.0
5973	0.0
5974	0.0026
5975	0.0126
5976	0.0486
5977	0.0486
5978	0.0046
5979	0.0046
598	0.0319
5980	0.0046
5981	0.0046
5982	0.0046
5983	0.0046
5984	0.0046
5985	0.0046
5986	0.0046
5987	0.0046
5988	0.0046
5989	0.0046
599	0.016
5990	0.0046
5991	0.0046
5992	0.0547
5993	0.0
5994	0.0
5995	0.0
5996	2.0E-4
5997	2.0E-4
5998	2.0E-4
5999	2.0E-4
6	0.0067
60	0.4437
600	0.0033
6000	2.0E-4
6001	0.001
6002	0.001
6003	0.0011
6004	0.4624
6005	0.5263
6006	1.0E-4
6007	1.0E-4
6008	1.0E-4
6009	1.0E-4
601	0.0033
6010	1.0E-4
6011	1.0E-4
6012	0.1987
602	0.0033
603	0.0033
604	0.0033
605	0.0033
606	0.0033
607	0.0033
608	0.0033
609	0.0033
61	18.7836
610	0.0033
611	0.0479
612	0.0702
613	0.0197
614	0.1708
615	0.0151
616	0.0164
617	0.0226
618	0.0226
619	0.0226
62	0.0845
620	0.0578
621	0.1792
622	0.0149
623	0.0147
624	0.0146
625	0.0599
626	0.0599
627	0.0404
628	0.0071
629	0.0071
63	0.4106
630	0.2187
631	0.0323
632	0.0
633	0.0
634	0.0
635	0.0
636	0.0
637	0.0
638	0.0
639	0.0
64	0.2947
640	0.0
641	0.0
642	0.0
643	0.0
644	0.0
645	0.0
646	0.0
647	0.0
648	0.0074
649	0.0074
65	0.3321
650	0.0074
651	0.0074
652	0.0074
653	0.0074
654	0.0074
655	0.0074
656	0.0074
657	0.0074
658	0.0
659	0.0
66	0.2957
660	0.0
661	0.0
662	0.0
663	0.0
664	0.0
665	0.0
666	0.0
667	0.0094
668	0.006
669	0.0283
67	0.2871
670	0.0281
671	0.025
672	0.025
673	0.0257
674	0.0308
675	0.0227
676	0.0228
677	0.0233
678	0.0284
679	0.0
68	0.4131
680	0.0
681	0.0
682	0.0
683	0.0
684	0.0
685	0.0
686	0.0229
687	0.025
688	0.025
689	0.025
69	0.4332
690	0.0
691	0.0
692	0.0
693	0.0
694	0.0
695	0.0
696	0.0
697	0.0
698	0.0
699	0.0
7	0.0911
70	0.3156
700	0.0
701	0.0
702	0.0
703	0.0
704	0.0
705	0.0
706	0.0
707	0.0
708	0.0
709	0.0211
71	0.4675
710	5.0E-4
711	3.0E-4
712	5.0E-4
713	3.0E-4
714	3.0E-4
715	3.0E-4
716	3.0E-4
717	3.0E-4
718	3.0E-4
719	3.0E-4
72	0.5864
720	3.0E-4
721	3.0E-4
722	0.0012
723	3.0E-4
724	0.0012
725	3.0E-4
726	3.0E-4
727	3.0E-4
728	3.0E-4
729	3.0E-4
73	7.3176
730	3.0E-4
731	3.0E-4
732	3.0E-4
733	3.0E-4
734	3.0E-4
735	3.0E-4
736	3.0E-4
737	3.0E-4
738	3.0E-4
739	3.0E-4
74	2.5472
740	3.0E-4
741	3.0E-4
742	3.0E-4
743	3.0E-4
744	3.0E-4
745	5.0E-4
746	3.0E-4
747	3.0E-4
748	3.0E-4
749	3.0E-4
75	1.3599
750	3.0E-4
751	0.0337
752	3.0E-4
753	3.0E-4
754	3.0E-4
755	0.0177
756	0.0177
757	0.0177
758	0.0177
759	0.0177
76	1.5665
760	0.0177
761	0.0177
762	0.0177
763	0.0092
764	0.0091
765	0.0092
766	0.01
767	0.0097
768	0.0071
769	0.0092
77	0.4525
770	0.0092
771	0.0
772	0.0087
773	0.0087
774	0.0082
775	0.0088
776	0.0088
777	0.0082
778	0.0058
779	0.0058
78	1.5825
780	0.0087
781	0.0087
782	3.0E-4
783	0.007
784	0.0088
785	0.0088
786	0.0088
787	0.0088
788	0.0082
789	0.0082
79	1.0591
790	0.0082
791	0.0087
792	0.0087
793	0.0087
794	0.0088
795	0.0088
796	0.0082
797	0.0082
798	0.0082
799	0.0082
8	0.011
80	6.2422
800	0.007
801	0.0437
802	0.0661
803	0.0632
804	0.0621
805	0.0621
806	0.0621
807	0.0621
808	0.0732
809	0.0732
81	8.9625
810	0.0555
811	0.0556
812	0.0555
813	0.0555
814	0.0555
815	0.0555
816	0.0578
817	0.0559
818	0.0721
819	0.0718
82	3.6312
820	0.0718
821	0.0718
822	5.4574
823	1.0549
824	0.1264
825	0.0935
826	0.2578
827	0.2204
828	5.3669
829	0.0335
83	2.6537
830	0.0609
831	0.0204
832	0.0204
833	0.0204
834	0.0204
835	0.0204
836	0.0013
837	0.1012
838	0.0583
839	0.0828
84	3.3161
840	0.1101
841	0.0622
842	0.0805
843	0.0464
844	0.0464
845	0.0464
846	0.0464
847	0.0464
848	0.0464
849	0.0464
85	0.065
850	0.0464
851	0.0464
852	0.0464
853	0.0464
854	0.0464
855	0.0464
856	0.0464
857	0.0464
858	0.0464
859	0.0464
86	0.0524
860	0.0464
861	0.0464
862	0.0464
863	0.0464
864	0.0464
865	0.0464
866	0.0464
867	0.0464
868	0.0464
869	0.0614
87	0.0622
870	0.0111
871	0.0111
872	0.0154
873	0.0289
874	0.0253
875	0.012
876	0.0411
877	0.0404
878	0.0404
879	0.0344
88	0.065
880	0.3384
881	0.0317
882	0.0317
883	0.0317
884	0.0317
885	0.0317
886	0.0317
887	0.0512
888	0.0317
889	7.0E-4
89	0.0536
890	9.0E-4
891	7.0E-4
892	0.4075
893	0.6411
894	0.4075
895	0.4075
896	0.0011
897	0.0011
898	0.0011
899	0.0011
9	0.0067
90	0.0687
900	1.0E-4
901	1.0E-4
902	1.0E-4
903	1.0E-4
904	1.0E-4
905	1.0E-4
906	1.0E-4
907	1.0E-4
908	1.0E-4
909	1.0E-4
91	0.0687
910	1.0E-4
911	1.0E-4
912	1.0E-4
913	1.0E-4
914	1.0E-4
915	1.0E-4
916	1.0E-4
917	1.0E-4
918	0.0051
919	1.0E-4
92	0.0835
920	0.0051
921	1.0E-4
922	1.0E-4
923	4.0E-4
924	1.0E-4
925	1.0E-4
926	1.0E-4
927	1.0E-4
928	1.0E-4
929	1.0E-4
93	0.0569
930	1.0E-4
931	5.0E-4
932	1.0E-4
933	1.0E-4
934	1.0E-4
935	3.0E-4
936	3.0E-4
937	3.0E-4
938	0.001
939	4.0E-4
94	3.0E-4
940	4.0E-4
941	4.0E-4
942	4.0E-4
943	0.0996
944	0.0996
945	0.0246
946	0.0248
947	0.0089
948	0.0088
949	0.0083
95	3.0E-4
950	0.0088
951	0.0088
952	0.009
953	0.0101
954	0.0101
955	0.0101
956	0.0103
957	0.0185
958	0.012
959	0.012
96	3.0E-4
960	0.0119
961	0.0119
962	0.0119
963	0.0128
964	0.0119
965	0.0119
966	0.0119
967	0.0119
968	0.0159
969	0.0159
97	3.0E-4
970	0.2222
971	0.0118
972	0.0133
973	0.0133
974	0.0132
975	0.0132
976	0.0133
977	0.0132
978	0.0132
979	0.0235
98	3.0E-4
980	0.0108
981	0.1365
982	0.0115
983	0.0114
984	0.0115
985	0.0125
986	0.0114
987	0.0095
988	0.0094
989	0.0085
99	3.0E-4
990	0.0231
991	0.105
992	0.0411
993	0.2423
994	0.0231
995	0.7469
996	0.0099
997	0.0099
998	0.0124
999	0.0124
