1	0.1351
10	1.2636
100	3.0E-4
1000	0.0115
1001	0.0115
1002	0.011
1003	0.0074
1004	0.0085
1005	0.0074
1006	0.0103
1007	0.0103
1008	0.011
1009	0.01
101	3.0E-4
1010	0.0092
1011	0.0092
1012	0.0096
1013	0.0096
1014	0.0096
1015	0.0114
1016	0.0113
1017	0.0113
1018	0.01
1019	0.0101
102	0.0114
1020	0.8844
1021	0.3895
1022	0.0078
1023	4.0E-4
1024	0.001
1025	0.0962
1026	0.0962
1027	0.0222
1028	0.0062
1029	0.0086
103	3.0E-4
1030	0.0111
1031	0.0013
1032	3.0E-4
1033	0.0111
1034	0.6236
1035	0.0072
1036	0.0072
1037	0.0072
1038	0.0115
1039	1.0684
104	3.0E-4
1040	1.0684
1041	1.0684
1042	1.0684
1043	1.0684
1044	1.0684
1045	1.0684
1046	1.0684
1047	1.0684
1048	1.0684
1049	1.0684
105	3.0E-4
1050	1.0684
1051	1.0684
1052	1.0684
1053	1.0684
1054	1.0684
1055	1.0684
1056	1.0684
1057	1.0684
1058	1.0684
1059	1.0684
106	2.7419
1060	1.0684
1061	1.0684
1062	1.0684
1063	1.0684
1064	1.0684
1065	1.0684
1066	7.0E-4
1067	7.0E-4
1068	7.0E-4
1069	7.0E-4
107	0.9211
1070	7.0E-4
1071	7.0E-4
1072	7.0E-4
1073	7.0E-4
1074	7.0E-4
1075	7.0E-4
1076	7.0E-4
1077	7.0E-4
1078	7.0E-4
1079	7.0E-4
108	0.518
1080	7.0E-4
1081	7.0E-4
1082	7.0E-4
1083	7.0E-4
1084	7.0E-4
1085	7.0E-4
1086	7.0E-4
1087	7.0E-4
1088	7.0E-4
1089	7.0E-4
109	0.4725
1090	7.0E-4
1091	7.0E-4
1092	7.0E-4
1093	7.0E-4
1094	7.0E-4
1095	7.0E-4
1096	7.0E-4
1097	0.0012
1098	0.0013
1099	0.0013
11	0.0062
110	0.4725
1100	0.0761
1101	0.0872
1102	0.1334
1103	0.1334
1104	0.1334
1105	0.1334
1106	0.1334
1107	0.1334
1108	0.1334
1109	0.1334
111	1.7875
1110	0.1334
1111	0.1334
1112	0.1334
1113	0.1334
1114	0.1334
1115	0.1334
1116	0.1334
1117	0.1334
1118	0.1334
1119	0.1334
112	1.8603
1120	0.1334
1121	0.1334
1122	0.1334
1123	0.1334
1124	0.1334
1125	0.1334
1126	0.1334
1127	0.1334
1128	0.1334
1129	0.1334
113	0.8014
1130	0.1334
1131	0.1334
1132	0.1334
1133	0.1334
1134	0.1334
1135	0.1334
1136	0.1334
1137	0.1334
1138	0.1334
1139	0.1334
114	0.4789
1140	0.1334
1141	0.1334
1142	0.1334
1143	0.1334
1144	0.1334
1145	0.1334
1146	0.1334
1147	0.1334
1148	0.1334
1149	0.1334
115	0.8685
1150	0.1334
1151	0.1334
1152	0.1334
1153	0.1334
1154	0.1334
1155	0.1334
1156	0.1334
1157	0.1334
1158	0.1334
1159	0.0
116	1.4742
1160	0.0
1161	4.0E-4
1162	0.0
1163	0.0
1164	0.0
1165	0.0
1166	0.0
1167	0.0
1168	0.0
1169	0.0
117	0.6121
1170	0.0
1171	0.0
1172	0.0
1173	0.0
1174	0.0
1175	0.0
1176	0.0
1177	0.0019
1178	0.0098
1179	0.0
118	1.5001
1180	0.0
1181	0.0
1182	0.0
1183	0.0
1184	0.0
1185	0.0
1186	0.0
1187	0.0015
1188	0.0015
1189	0.0015
119	3.6562
1190	0.0015
1191	0.0019
1192	0.0019
1193	0.0036
1194	0.0041
1195	0.0037
1196	0.0018
1197	0.0018
1198	9.0E-4
1199	0.1721
12	0.0099
120	1.5983
1200	9.0E-4
1201	9.0E-4
1202	9.0E-4
1203	9.0E-4
1204	9.0E-4
1205	9.0E-4
1206	9.0E-4
1207	6.0E-4
1208	7.0E-4
1209	6.0E-4
121	1.4599
1210	6.0E-4
1211	6.0E-4
1212	6.0E-4
1213	0.0104
1214	0.0011
1215	0.2902
1216	0.4311
1217	0.2902
1218	0.2902
1219	0.0015
122	1.5983
1220	0.0015
1221	0.0
1222	0.0
1223	0.0
1224	0.0
1225	0.0013
1226	0.0013
1227	0.0059
1228	0.0059
1229	0.0059
123	2.5422
1230	0.0059
1231	0.0059
1232	0.0059
1233	0.0059
1234	0.0
1235	0.0
1236	0.0
1237	0.0
1238	0.0
1239	0.0
124	2.094
1240	0.0
1241	0.0
1242	0.0
1243	0.0
1244	0.0
1245	0.0
1246	0.0
1247	0.0
1248	0.0
1249	0.0
125	2.1058
1250	0.0
1251	0.0
1252	0.0
1253	0.0
1254	0.0
1255	0.0
1256	0.0
1257	0.0
1258	0.0
1259	0.0
126	2.1161
1260	0.0
1261	0.0
1262	0.0
1263	0.0
1264	0.0
1265	0.0
1266	0.0
1267	0.0
1268	0.0
1269	0.0076
127	0.6578
1270	0.0076
1271	0.0076
1272	0.0076
1273	0.0076
1274	0.0076
1275	0.0076
1276	0.0076
1277	0.0076
1278	0.0076
1279	0.0065
128	0.6578
1280	0.0065
1281	0.0065
1282	0.0065
1283	0.0065
1284	0.0
1285	0.0
1286	0.0
1287	0.0
1288	0.018
1289	0.018
129	0.6196
1290	0.018
1291	0.0272
1292	0.0116
1293	0.0752
1294	0.0752
1295	0.0033
1296	0.0033
1297	0.0
1298	0.0
1299	0.0
13	0.0062
130	0.5866
1300	3.0E-4
1301	0.0
1302	0.0
1303	0.0
1304	0.0
1305	3.0E-4
1306	3.0E-4
1307	3.0E-4
1308	0.0
1309	0.002
131	0.4885
1310	1.0E-4
1311	0.0011
1312	5.0E-4
1313	4.0E-4
1314	4.0E-4
1315	4.0E-4
1316	4.0E-4
1317	4.0E-4
1318	4.0E-4
1319	4.0E-4
132	6.1188
1320	4.0E-4
1321	4.0E-4
1322	4.0E-4
1323	4.0E-4
1324	3.0E-4
1325	3.0E-4
1326	3.0E-4
1327	3.0E-4
1328	3.0E-4
1329	3.0E-4
133	0.2056
1330	3.0E-4
1331	3.0E-4
1332	3.0E-4
1333	3.0E-4
1334	3.0E-4
1335	3.0E-4
1336	3.0E-4
1337	3.0E-4
1338	3.0E-4
1339	3.0E-4
134	0.1883
1340	6.0E-4
1341	5.0E-4
1342	0.0037
1343	0.0037
1344	6.0E-4
1345	0.0109
1346	0.0022
1347	0.0022
1348	0.0022
1349	0.0022
135	0.224
1350	0.0022
1351	0.0022
1352	0.0022
1353	0.0022
1354	0.0022
1355	0.0022
1356	0.0022
1357	0.0022
1358	0.0022
1359	0.0022
136	0.2388
1360	0.0022
1361	0.0022
1362	3.0E-4
1363	0.0289
1364	0.0289
1365	0.002
1366	0.0019
1367	0.002
1368	0.002
1369	0.002
137	0.2559
1370	0.9935
1371	0.0834
1372	0.0276
1373	0.0367
1374	0.0622
1375	0.0263
1376	0.016
1377	0.016
1378	0.0058
1379	1.0794
138	0.289
1380	0.0052
1381	0.0057
1382	0.0031
1383	0.0031
1384	0.0031
1385	0.0031
1386	0.0031
1387	0.0031
1388	0.0031
1389	0.0031
139	0.0684
1390	0.0
1391	2.0E-4
1392	0.0
1393	0.0
1394	0.0
1395	0.0
1396	2.0E-4
1397	2.0E-4
1398	4.0E-4
1399	2.0E-4
14	0.6555
140	0.0655
1400	2.0E-4
1401	2.0E-4
1402	0.0
1403	0.0
1404	0.0
1405	0.0
1406	0.0
1407	0.0
1408	0.027
1409	0.0473
141	0.0598
1410	0.0473
1411	0.0473
1412	0.0473
1413	0.0473
1414	0.0473
1415	0.0473
1416	0.0566
1417	0.0728
1418	0.0473
1419	0.072
142	0.2857
1420	0.072
1421	0.0473
1422	2.0E-4
1423	2.0E-4
1424	3.0E-4
1425	4.0E-4
1426	3.0E-4
1427	4.0E-4
1428	3.0E-4
1429	3.0E-4
143	0.3852
1430	2.0E-4
1431	2.0E-4
1432	2.0E-4
1433	0.0196
1434	0.0196
1435	0.0196
1436	0.0196
1437	0.0196
1438	4.0E-4
1439	4.0E-4
144	0.0938
1440	0.0019
1441	0.0024
1442	0.0091
1443	0.5855
1444	0.0019
1445	5.0E-4
1446	4.0E-4
1447	4.0E-4
1448	4.0E-4
1449	4.0E-4
145	0.7206
1450	4.0E-4
1451	4.0E-4
1452	4.0E-4
1453	4.0E-4
1454	4.0E-4
1455	4.0E-4
1456	4.0E-4
1457	0.0017
1458	7.0E-4
1459	0.0013
146	0.0598
1460	0.0015
1461	0.014
1462	0.0139
1463	0.014
1464	0.0139
1465	0.0139
1466	0.014
1467	1.0299
1468	7.0E-4
1469	0.0082
147	0.0598
1470	0.0082
1471	0.0082
1472	0.0088
1473	0.0017
1474	0.0017
1475	0.0017
1476	0.0017
1477	0.0017
1478	0.0017
1479	0.0017
148	0.2676
1480	0.0017
1481	0.0017
1482	0.0017
1483	3.0E-4
1484	3.0E-4
1485	3.0E-4
1486	3.0E-4
1487	0.0091
1488	0.0068
1489	0.0091
149	0.0812
1490	0.0068
1491	0.0053
1492	0.0053
1493	0.0055
1494	0.0069
1495	0.0013
1496	0.0013
1497	0.0013
1498	0.0013
1499	0.0055
15	0.0065
150	0.0808
1500	0.0013
1501	0.0013
1502	0.0055
1503	0.0055
1504	0.0013
1505	0.0055
1506	0.0037
1507	0.0411
1508	0.0041
1509	5.0E-4
151	0.0845
1510	5.0E-4
1511	5.0E-4
1512	5.0E-4
1513	5.0E-4
1514	5.0E-4
1515	5.0E-4
1516	5.0E-4
1517	5.0E-4
1518	0.0012
1519	0.0015
152	0.0537
1520	4.0E-4
1521	4.0E-4
1522	4.0E-4
1523	4.0E-4
1524	4.0E-4
1525	4.0E-4
1526	4.0E-4
1527	6.0E-4
1528	6.0E-4
1529	5.0E-4
153	0.0872
1530	5.0E-4
1531	4.0E-4
1532	4.0E-4
1533	0.0101
1534	1.0E-4
1535	2.0E-4
1536	2.0E-4
1537	4.0E-4
1538	0.6232
1539	0.992
154	0.001
1540	1.3713
1541	1.3435
1542	0.6232
1543	0.0046
1544	0.0
1545	0.0
1546	0.0
1547	0.0
1548	0.0
1549	0.0
155	0.3502
1550	0.0
1551	1.0E-4
1552	3.0E-4
1553	3.0E-4
1554	3.0E-4
1555	3.0E-4
1556	3.0E-4
1557	3.0E-4
1558	3.0E-4
1559	3.0E-4
156	0.1461
1560	3.0E-4
1561	3.0E-4
1562	3.0E-4
1563	3.0E-4
1564	4.0E-4
1565	0.0
1566	0.0
1567	0.0
1568	0.0
1569	0.0
157	0.3604
1570	0.0
1571	0.0
1572	0.0
1573	0.0
1574	0.0
1575	0.0
1576	0.0
1577	0.0
1578	0.0
1579	0.0
158	0.4215
1580	0.0
1581	0.0
1582	0.0
1583	0.0
1584	0.0
1585	0.0
1586	0.0
1587	0.0
1588	0.0
1589	0.0013
159	0.3604
1590	0.0011
1591	0.0011
1592	0.0
1593	0.0
1594	0.0
1595	0.0
1596	0.0
1597	0.0
1598	0.0
1599	0.0
16	2.5485
160	0.3867
1600	0.0
1601	0.0
1602	0.016
1603	0.016
1604	0.016
1605	0.016
1606	0.016
1607	3.0E-4
1608	0.1154
1609	0.1154
161	0.3713
1610	0.1154
1611	0.1154
1612	0.1154
1613	0.1154
1614	0.0061
1615	0.0061
1616	0.0061
1617	0.0061
1618	0.0061
1619	1.0E-4
162	0.3604
1620	0.1335
1621	0.101
1622	0.101
1623	0.101
1624	0.101
1625	0.101
1626	2.0E-4
1627	2.0E-4
1628	2.0E-4
1629	2.0E-4
163	0.3502
1630	2.0E-4
1631	2.0E-4
1632	2.0E-4
1633	2.0E-4
1634	3.0E-4
1635	2.0E-4
1636	2.0E-4
1637	2.0E-4
1638	2.0E-4
1639	1.0E-4
164	0.2112
1640	2.0E-4
1641	2.0E-4
1642	2.0E-4
1643	2.0E-4
1644	2.0E-4
1645	2.0E-4
1646	2.0E-4
1647	2.0E-4
1648	1.0E-4
1649	1.0E-4
165	0.3502
1650	2.0E-4
1651	2.0E-4
1652	2.0E-4
1653	2.0E-4
1654	2.0E-4
1655	2.0E-4
1656	2.0E-4
1657	2.0E-4
1658	2.0E-4
1659	2.0E-4
166	0.3701
1660	2.0E-4
1661	2.0E-4
1662	2.0E-4
1663	2.0E-4
1664	2.0E-4
1665	0.358
1666	0.5361
1667	0.358
1668	0.358
1669	0.0218
167	0.3502
1670	0.0218
1671	0.0255
1672	0.0218
1673	0.0218
1674	0.0218
1675	0.0218
1676	0.0218
1677	0.0218
1678	0.883
1679	0.0057
168	0.3161
1680	5.0E-4
1681	6.0E-4
1682	6.0E-4
1683	0.0034
1684	6.0E-4
1685	6.0E-4
1686	6.0E-4
1687	3.0E-4
1688	0.0026
1689	3.0E-4
169	0.3161
1690	3.0E-4
1691	3.0E-4
1692	3.0E-4
1693	3.0E-4
1694	3.0E-4
1695	3.0E-4
1696	3.0E-4
1697	3.0E-4
1698	3.0E-4
1699	3.0E-4
17	0.0066
170	0.3161
1700	3.0E-4
1701	3.0E-4
1702	3.0E-4
1703	3.0E-4
1704	3.0E-4
1705	3.0E-4
1706	4.0E-4
1707	3.0E-4
1708	3.0E-4
1709	3.0E-4
171	0.3172
1710	3.0E-4
1711	3.0E-4
1712	3.0E-4
1713	3.0E-4
1714	3.0E-4
1715	3.0E-4
1716	3.0E-4
1717	3.0E-4
1718	3.0E-4
1719	3.0E-4
172	0.3161
1720	3.0E-4
1721	3.0E-4
1722	3.0E-4
1723	1.0E-4
1724	1.0E-4
1725	1.0E-4
1726	1.0E-4
1727	1.0E-4
1728	1.0E-4
1729	1.0E-4
173	0.3097
1730	1.0E-4
1731	1.0E-4
1732	1.0E-4
1733	1.0E-4
1734	1.0E-4
1735	1.0E-4
1736	1.0E-4
1737	3.0E-4
1738	3.0E-4
1739	3.0E-4
174	0.2278
1740	3.0E-4
1741	1.0E-4
1742	1.0E-4
1743	1.0E-4
1744	1.0E-4
1745	1.0E-4
1746	1.0E-4
1747	1.0E-4
1748	1.0E-4
1749	1.0E-4
175	0.3502
1750	2.0E-4
1751	2.0E-4
1752	2.0E-4
1753	2.0E-4
1754	2.0E-4
1755	2.0E-4
1756	2.0E-4
1757	2.0E-4
1758	2.0E-4
1759	2.0E-4
176	0.3879
1760	0.0013
1761	0.0016
1762	0.0016
1763	0.0016
1764	0.0087
1765	0.0087
1766	2.0E-4
1767	2.0E-4
1768	2.0E-4
1769	2.0E-4
177	0.2332
1770	2.0E-4
1771	2.0E-4
1772	2.0E-4
1773	2.0E-4
1774	2.0E-4
1775	2.0E-4
1776	2.0E-4
1777	2.0E-4
1778	2.0E-4
1779	2.0E-4
178	0.0706
1780	2.0E-4
1781	2.0E-4
1782	1.0E-4
1783	1.0E-4
1784	1.0E-4
1785	1.0E-4
1786	1.0E-4
1787	1.0E-4
1788	1.0E-4
1789	4.0E-4
179	0.1262
1790	4.0E-4
1791	2.0E-4
1792	2.0E-4
1793	2.0E-4
1794	2.0E-4
1795	2.0E-4
1796	2.0E-4
1797	2.0E-4
1798	2.0E-4
1799	2.0E-4
18	0.1344
180	0.1181
1800	2.0E-4
1801	2.0E-4
1802	2.0E-4
1803	2.0E-4
1804	2.0E-4
1805	2.0E-4
1806	2.0E-4
1807	2.0E-4
1808	2.0E-4
1809	2.0E-4
181	0.1186
1810	2.0E-4
1811	2.0E-4
1812	2.0E-4
1813	2.0E-4
1814	2.0E-4
1815	3.0E-4
1816	3.0E-4
1817	2.0E-4
1818	0.0033
1819	0.016
182	0.0783
1820	0.0055
1821	0.0064
1822	0.0055
1823	0.0112
1824	0.0112
1825	0.0112
1826	0.0112
1827	0.0112
1828	0.0112
1829	0.0112
183	0.1181
1830	0.014
1831	0.019
1832	0.0112
1833	0.0187
1834	0.0187
1835	0.0112
1836	0.0143
1837	0.0071
1838	0.019
1839	0.0186
184	0.1194
1840	0.0186
1841	0.0159
1842	0.0146
1843	0.0146
1844	0.0146
1845	0.0146
1846	0.0146
1847	0.0146
1848	0.0146
1849	0.0053
185	0.118
1850	0.0053
1851	0.0068
1852	0.0053
1853	0.004
1854	1.0E-4
1855	0.0
1856	0.0
1857	0.0
1858	0.0
1859	0.0
186	0.1187
1860	0.0012
1861	0.0031
1862	0.0031
1863	0.0035
1864	0.0
1865	0.0
1866	0.0
1867	1.0E-4
1868	1.0E-4
1869	0.0
187	0.1186
1870	3.0E-4
1871	0.6106
1872	2.3365
1873	2.5633
1874	0.6064
1875	3.0306
1876	2.0313
1877	3.0306
1878	3.0576
1879	0.1172
188	0.118
1880	0.1172
1881	0.1172
1882	0.1172
1883	2.6792
1884	0.4472
1885	0.4472
1886	0.4472
1887	0.4472
1888	0.4472
1889	0.4472
189	0.1434
1890	0.4472
1891	0.4472
1892	0.4472
1893	0.4472
1894	0.4472
1895	0.4472
1896	0.0
1897	0.0
1898	0.0
1899	0.0
19	0.054
190	0.0034
1900	0.0
1901	0.0
1902	0.0
1903	0.0
1904	0.0
1905	0.0
1906	0.0
1907	0.0
1908	0.0
1909	0.0
191	0.0046
1910	0.0
1911	0.0
1912	0.0
1913	0.0
1914	0.0
1915	0.0
1916	0.0
1917	0.0
1918	0.0
1919	0.0
192	0.2967
1920	0.0
1921	0.0
1922	0.0
1923	0.0
1924	0.0
1925	0.0
1926	0.0
1927	0.0
1928	0.0
1929	0.0
193	2.0211
1930	0.0
1931	0.0
1932	0.0
1933	0.0
1934	0.0
1935	0.0
1936	0.0
1937	0.0
1938	0.0
1939	0.0
194	0.7258
1940	0.0
1941	0.0
1942	0.0
1943	0.0
1944	0.0
1945	0.0
1946	0.0
1947	0.0
1948	0.0
1949	0.0
195	0.9836
1950	0.0
1951	0.0
1952	0.0
1953	0.0
1954	0.0
1955	0.0
1956	0.0
1957	0.0
1958	0.0
1959	0.0
196	0.9799
1960	0.0
1961	0.0
1962	0.0
1963	0.0
1964	0.0
1965	0.0
1966	0.0
1967	0.0
1968	0.0
1969	0.0
197	0.6732
1970	0.0
1971	0.0
1972	0.0
1973	0.0
1974	0.0
1975	0.0
1976	0.0
1977	0.0
1978	0.0
1979	0.0
198	0.8127
1980	0.0
1981	0.0
1982	0.0
1983	0.0
1984	0.0
1985	0.0
1986	0.0
1987	0.0
1988	0.0
1989	0.0
199	0.9762
1990	0.0
1991	0.0
1992	0.0
1993	0.0
1994	0.0
1995	1.0018
1996	0.0
1997	0.0
1998	0.0
1999	0.0
2	24.0292
20	0.1708
200	1.1352
2000	0.0
2001	0.0
2002	0.0
2003	0.0
2004	0.0
2005	0.0
2006	0.0
2007	0.0
2008	0.0
2009	0.0
201	1.9503
2010	0.0
2011	0.0
2012	0.0
2013	0.0
2014	0.0
2015	0.0
2016	0.0
2017	0.0
2018	0.0
2019	0.0
202	1.9974
2020	0.0
2021	0.0
2022	0.0
2023	0.0
2024	0.0
2025	0.0
2026	0.0
2027	0.0
2028	0.0
2029	0.0
203	0.6354
2030	0.0
2031	0.0
2032	0.0
2033	0.0
2034	0.0
2035	0.0
2036	0.0
2037	0.0
2038	0.0
2039	0.0
204	0.9147
2040	0.0
2041	0.0
2042	0.0
2043	0.0
2044	0.0
2045	0.0
2046	0.0
2047	0.0
2048	0.0
2049	0.0
205	0.7412
2050	0.0
2051	0.0
2052	0.0
2053	0.0
2054	0.0
2055	0.0
2056	0.0
2057	0.0
2058	0.0
2059	0.0
206	0.614
2060	0.0
2061	0.0
2062	0.0
2063	0.0
2064	0.0
2065	0.0
2066	0.0
2067	0.0
2068	0.0
2069	0.0
207	0.006
2070	0.0
2071	0.0
2072	0.0
2073	0.0
2074	0.0
2075	0.0
2076	0.0
2077	0.0
2078	0.0
2079	0.0
208	0.0062
2080	0.0135
2081	0.0102
2082	0.0135
2083	0.0102
2084	0.0084
2085	0.0107
2086	0.002
2087	0.002
2088	0.002
2089	0.002
209	0.0215
2090	0.0084
2091	0.002
2092	0.002
2093	0.0081
2094	0.0081
2095	0.002
2096	0.0084
2097	0.0053
2098	0.0317
2099	0.0064
21	0.052
210	0.0172
2100	0.87
2101	0.0055
2102	1.0E-4
2103	0.2037
2104	1.0E-4
2105	2.0E-4
2106	2.0E-4
2107	7.0E-4
2108	7.0E-4
2109	7.0E-4
211	0.2046
2110	7.0E-4
2111	7.0E-4
2112	7.0E-4
2113	7.0E-4
2114	7.0E-4
2115	8.0E-4
2116	7.0E-4
2117	7.0E-4
2118	7.0E-4
2119	7.0E-4
212	1.3197
2120	7.0E-4
2121	7.0E-4
2122	7.0E-4
2123	7.0E-4
2124	7.0E-4
2125	0.0115
2126	0.0115
2127	0.0131
2128	0.0256
2129	0.0131
213	1.2996
2130	0.0131
2131	0.0131
2132	0.0059
2133	0.0059
2134	0.0059
2135	0.0059
2136	0.0059
2137	0.0242
2138	0.0242
2139	0.0283
214	1.3043
2140	0.0242
2141	0.0242
2142	0.0242
2143	0.0242
2144	0.6248
2145	0.7397
2146	0.6067
2147	0.6067
2148	0.6248
2149	7.0E-4
215	1.2851
2150	7.0E-4
2151	7.0E-4
2152	7.0E-4
2153	7.0E-4
2154	7.0E-4
2155	7.0E-4
2156	7.0E-4
2157	7.0E-4
2158	7.0E-4
2159	0.0011
216	1.2947
2160	0.0011
2161	0.0011
2162	0.0011
2163	0.0011
2164	0.0011
2165	0.0011
2166	0.0011
2167	8.0E-4
2168	8.0E-4
2169	8.0E-4
217	1.3313
2170	8.0E-4
2171	0.0253
2172	0.6633
2173	8.0E-4
2174	8.0E-4
2175	8.0E-4
2176	8.0E-4
2177	8.0E-4
2178	8.0E-4
2179	8.0E-4
218	0.85
2180	8.0E-4
2181	8.0E-4
2182	8.0E-4
2183	8.0E-4
2184	8.0E-4
2185	8.0E-4
2186	8.0E-4
2187	8.0E-4
2188	8.0E-4
2189	8.0E-4
219	0.2245
2190	8.0E-4
2191	8.0E-4
2192	8.0E-4
2193	0.8878
2194	0.8694
2195	0.8694
2196	0.8878
2197	0.8878
2198	0.832
2199	0.2904
22	0.0062
220	0.2381
2200	0.2904
2201	0.2904
2202	0.2904
2203	0.2904
2204	0.2904
2205	0.2904
2206	0.2904
2207	0.2904
2208	0.2904
2209	0.0014
221	0.0096
2210	1.0E-4
2211	5.0E-4
2212	0.0011
2213	4.0E-4
2214	2.0E-4
2215	3.0E-4
2216	1.0E-4
2217	1.0E-4
2218	1.0E-4
2219	4.0E-4
222	0.0096
2220	1.0E-4
2221	3.0E-4
2222	6.0E-4
2223	1.0E-4
2224	1.0E-4
2225	3.0E-4
2226	3.0E-4
2227	3.0E-4
2228	3.0E-4
2229	5.0E-4
223	5.0E-4
2230	3.0E-4
2231	2.0E-4
2232	2.0E-4
2233	2.0E-4
2234	2.0E-4
2235	3.0E-4
2236	8.0E-4
2237	3.0E-4
2238	5.0E-4
2239	5.0E-4
224	1.4607
2240	5.0E-4
2241	3.0E-4
2242	3.0E-4
2243	3.0E-4
2244	5.0E-4
2245	5.0E-4
2246	3.0E-4
2247	3.0E-4
2248	3.0E-4
2249	3.0E-4
225	0.0036
2250	1.0E-4
2251	1.0E-4
2252	1.0E-4
2253	1.0E-4
2254	1.0E-4
2255	1.0E-4
2256	1.0E-4
2257	1.0E-4
2258	8.0E-4
2259	3.0E-4
226	0.0038
2260	3.0E-4
2261	5.0E-4
2262	3.0E-4
2263	5.0E-4
2264	2.0E-4
2265	2.0E-4
2266	2.0E-4
2267	4.0E-4
2268	8.0E-4
2269	2.0E-4
227	0.0034
2270	2.0E-4
2271	2.0E-4
2272	2.0E-4
2273	2.0E-4
2274	2.0E-4
2275	5.0E-4
2276	5.0E-4
2277	5.0E-4
2278	5.0E-4
2279	3.0E-4
228	0.0036
2280	3.0E-4
2281	5.0E-4
2282	8.0E-4
2283	0.0012
2284	3.0E-4
2285	2.0E-4
2286	2.0E-4
2287	2.0E-4
2288	2.0E-4
2289	2.0E-4
229	0.005
2290	0.001
2291	3.0E-4
2292	3.0E-4
2293	3.0E-4
2294	5.0E-4
2295	5.0E-4
2296	5.0E-4
2297	5.0E-4
2298	1.0E-4
2299	1.0E-4
23	0.066
230	0.0036
2300	1.0E-4
2301	1.0E-4
2302	1.0E-4
2303	1.0E-4
2304	1.0E-4
2305	1.0E-4
2306	0.0
2307	0.0
2308	0.0
2309	0.0
231	0.2248
2310	0.0
2311	0.0
2312	0.0
2313	0.0
2314	0.0
2315	0.0
2316	0.0
2317	0.0
2318	0.0
2319	0.0
232	0.1693
2320	0.0
2321	0.0
2322	0.0
2323	0.0
2324	0.0
2325	0.0
2326	0.0
2327	0.0
2328	0.0
2329	0.0
233	0.1693
2330	0.0
2331	0.0
2332	0.0
2333	0.0
2334	0.0
2335	0.0
2336	0.0
2337	0.0
2338	0.0
2339	0.0
234	0.1693
2340	0.0
2341	0.0
2342	0.0
2343	0.0
2344	0.0
2345	0.0
2346	0.0
2347	0.0
2348	0.0
2349	0.0
235	0.2768
2350	0.0
2351	0.0
2352	0.0
2353	0.0
2354	0.0
2355	0.0
2356	0.0
2357	0.0
2358	0.0
2359	0.0
236	0.297
2360	0.0
2361	0.0
2362	0.0027
2363	0.1409
2364	0.0
2365	0.0
2366	0.0
2367	0.0
2368	0.0
2369	0.0
237	0.1693
2370	0.0
2371	0.0
2372	0.0
2373	0.0
2374	0.0
2375	0.0
2376	0.0
2377	0.0
2378	0.0
2379	0.0
238	0.1693
2380	0.0
2381	0.0
2382	0.0
2383	0.0
2384	0.0
2385	0.0
2386	0.0
2387	0.0
2388	0.0
2389	0.0
239	0.1693
2390	0.0
2391	0.0
2392	0.0
2393	0.0
2394	0.0
2395	0.0
2396	0.0
2397	0.0
2398	0.0
2399	0.0
24	0.0067
240	0.3008
2400	0.0
2401	0.0
2402	5.0E-4
2403	0.0
2404	0.0
2405	0.0
2406	0.0
2407	0.0
2408	0.0
2409	0.0
241	0.1759
2410	0.0
2411	0.0
2412	0.0
2413	0.0
2414	0.0
2415	0.0
2416	0.0
2417	1.0E-4
2418	1.0E-4
2419	1.0E-4
242	0.2692
2420	0.0
2421	0.0
2422	0.0
2423	0.0
2424	0.0
2425	0.0
2426	0.0
2427	0.0
2428	0.0
2429	0.0
243	0.1693
2430	0.0
2431	0.0
2432	0.0
2433	0.0
2434	0.0
2435	0.0
2436	0.0
2437	0.0
2438	0.0
2439	0.0
244	0.2588
2440	0.0
2441	0.0
2442	0.0
2443	0.0
2444	0.0
2445	0.0
2446	0.0
2447	0.0
2448	0.0
2449	0.0
245	0.2588
2450	0.0
2451	0.0
2452	0.0144
2453	0.0088
2454	0.0088
2455	0.0036
2456	0.0088
2457	0.0093
2458	0.0088
2459	0.0036
246	0.2324
2460	0.0018
2461	0.0018
2462	0.0018
2463	0.0018
2464	0.0018
2465	0.0018
2466	0.0018
2467	0.0018
2468	0.0018
2469	0.0018
247	0.1693
2470	0.0018
2471	0.0018
2472	0.0018
2473	0.0018
2474	0.0018
2475	0.0018
2476	0.0018
2477	0.0018
2478	0.0018
2479	0.0018
248	0.4554
2480	0.0018
2481	0.0018
2482	0.0102
2483	0.0057
2484	0.0057
2485	0.0204
2486	0.0204
2487	0.0021
2488	0.0021
2489	0.0021
249	1.0279
2490	0.0021
2491	0.0021
2492	0.0021
2493	0.0021
2494	0.0021
2495	0.0021
2496	0.0021
2497	0.0021
2498	0.0021
2499	0.0021
25	0.0062
250	0.2259
2500	0.0021
2501	0.0021
2502	0.0021
2503	0.0021
2504	0.0021
2505	0.0021
2506	0.0021
2507	0.0021
2508	0.0021
2509	0.0021
251	0.2362
2510	1.0E-4
2511	1.0E-4
2512	1.0E-4
2513	1.0E-4
2514	1.0E-4
2515	0.0
2516	0.0
2517	0.0
2518	0.0
2519	0.0
252	0.5199
2520	0.0
2521	0.0
2522	0.0
2523	0.0
2524	0.0
2525	0.0
2526	0.0
2527	0.0
2528	0.0
2529	0.0
253	0.1796
2530	0.0
2531	0.0
2532	1.0E-4
2533	1.0E-4
2534	1.0E-4
2535	4.0E-4
2536	0.1609
2537	0.3503
2538	0.3503
2539	0.1609
254	0.3091
2540	5.0E-4
2541	5.0E-4
2542	5.0E-4
2543	5.0E-4
2544	1.0E-4
2545	1.0E-4
2546	2.0E-4
2547	4.0E-4
2548	4.0E-4
2549	4.0E-4
255	0.3963
2550	4.0E-4
2551	1.0183
2552	1.0183
2553	1.0183
2554	1.0183
2555	1.0E-4
2556	1.0E-4
2557	1.0E-4
2558	1.0E-4
2559	1.0E-4
256	0.3665
2560	1.0E-4
2561	1.0E-4
2562	1.0E-4
2563	0.0014
2564	1.0E-4
2565	1.0E-4
2566	1.0E-4
2567	1.0E-4
2568	1.0E-4
2569	0.0
257	0.4595
2570	0.0
2571	0.0
2572	0.0
2573	0.0
2574	0.0
2575	0.0
2576	0.0
2577	0.0
2578	0.0
2579	0.0
258	1.0409
2580	0.0
2581	0.0
2582	0.0
2583	0.0
2584	0.0
2585	0.0
2586	3.0E-4
2587	3.0E-4
2588	0.0072
2589	0.0015
259	1.0409
2590	0.0015
2591	0.0015
2592	0.0013
2593	0.0013
2594	0.0013
2595	0.0013
2596	0.0013
2597	0.0013
2598	0.0051
2599	2.0E-4
26	1.0567
260	1.0409
2600	2.0E-4
2601	2.0E-4
2602	2.0E-4
2603	2.0E-4
2604	1.0E-4
2605	1.0E-4
2606	1.0E-4
2607	1.0E-4
2608	1.0E-4
2609	1.0E-4
261	0.0972
2610	1.0E-4
2611	1.0E-4
2612	1.0E-4
2613	1.0E-4
2614	1.0E-4
2615	0.0
2616	0.0
2617	1.0E-4
2618	0.0
2619	1.0E-4
262	0.1066
2620	0.0
2621	0.0
2622	0.0
2623	0.0
2624	0.0
2625	0.0
2626	0.0
2627	0.0
2628	0.0
2629	0.0
263	0.101
2630	0.0
2631	0.0
2632	0.0
2633	0.0
2634	0.0
2635	0.0
2636	0.0
2637	0.0
2638	0.0
2639	0.0
264	0.1137
2640	0.0
2641	0.0
2642	0.0
2643	0.0
2644	0.0
2645	0.0
2646	0.0
2647	0.0
2648	0.0
2649	0.0
265	0.103
2650	0.0
2651	0.0
2652	0.0
2653	0.0
2654	0.0
2655	0.0
2656	0.0
2657	0.0
2658	0.0
2659	0.0
266	0.1021
2660	0.0
2661	0.0
2662	0.0
2663	2.0E-4
2664	2.0E-4
2665	2.0E-4
2666	2.0E-4
2667	1.0E-4
2668	1.0E-4
2669	1.0E-4
267	0.1098
2670	1.0E-4
2671	1.0699
2672	1.0699
2673	1.0699
2674	1.0699
2675	1.0699
2676	5.0E-4
2677	0.0
2678	1.0E-4
2679	1.0E-4
268	0.1075
2680	1.0E-4
2681	0.0
2682	0.0
2683	0.0
2684	0.0
2685	0.0
2686	0.0
2687	0.0
2688	0.0
2689	0.0
269	0.101
2690	0.0
2691	0.0
2692	0.0
2693	0.0
2694	0.0
2695	0.0
2696	0.0
2697	0.0
2698	0.0
2699	0.0
27	13.674
270	0.1119
2700	0.0
2701	0.0
2702	0.0
2703	0.0
2704	0.0
2705	0.0
2706	0.0
2707	0.0
2708	0.0
2709	0.0
271	0.0946
2710	0.0
2711	0.0
2712	0.0
2713	0.0
2714	0.0
2715	0.0
2716	0.0
2717	0.0
2718	0.0
2719	0.0
272	0.1083
2720	0.0
2721	0.0
2722	0.0
2723	0.0
2724	0.0
2725	0.0
2726	0.0
2727	2.0E-4
2728	0.0
2729	0.0
273	0.1019
2730	0.0
2731	0.0
2732	0.0
2733	0.0
2734	0.0
2735	0.1781
2736	1.0E-4
2737	0.0019
2738	0.0019
2739	0.0019
274	0.0955
2740	0.0019
2741	0.0019
2742	0.0019
2743	0.0019
2744	0.0019
2745	0.0019
2746	0.0019
2747	0.0019
2748	1.0E-4
2749	1.0E-4
275	0.1055
2750	3.0E-4
2751	3.0E-4
2752	3.0E-4
2753	0.0135
2754	3.0E-4
2755	3.0E-4
2756	3.0E-4
2757	2.0E-4
2758	2.0E-4
2759	3.0E-4
276	0.1188
2760	5.0E-4
2761	5.0E-4
2762	6.0E-4
2763	0.0026
2764	0.0026
2765	0.0026
2766	0.0026
2767	0.0026
2768	0.0026
2769	0.0026
277	0.1034
2770	0.0026
2771	0.4485
2772	0.4485
2773	0.4485
2774	0.4485
2775	0.4485
2776	0.4485
2777	0.4485
2778	0.4485
2779	0.4485
278	0.1107
2780	0.4485
2781	0.4485
2782	0.4485
2783	0.0
2784	4.0E-4
2785	4.0E-4
2786	0.0023
2787	0.0118
2788	0.0118
2789	2.0E-4
279	0.1017
2790	2.0E-4
2791	2.0E-4
2792	2.0E-4
2793	2.0E-4
2794	2.0E-4
2795	2.0E-4
2796	3.0E-4
2797	4.0E-4
2798	0.0047
2799	1.0E-4
28	10.4482
280	0.2325
2800	1.0E-4
2801	1.0E-4
2802	1.0E-4
2803	1.0E-4
2804	1.0E-4
2805	1.0E-4
2806	1.0E-4
2807	1.0E-4
2808	1.0E-4
2809	1.0E-4
281	0.1019
2810	1.0E-4
2811	1.0E-4
2812	1.0E-4
2813	1.0E-4
2814	1.0E-4
2815	1.0E-4
2816	1.0E-4
2817	1.0E-4
2818	1.0E-4
2819	1.0E-4
282	0.1048
2820	1.0E-4
2821	1.0E-4
2822	1.0E-4
2823	1.0E-4
2824	1.0E-4
2825	1.0E-4
2826	1.0E-4
2827	1.0E-4
2828	1.0E-4
2829	1.0E-4
283	0.1021
2830	1.0E-4
2831	1.0E-4
2832	1.0E-4
2833	1.0E-4
2834	1.0E-4
2835	1.0E-4
2836	1.0E-4
2837	1.0E-4
2838	1.0E-4
2839	1.0E-4
284	0.1032
2840	1.0E-4
2841	1.0E-4
2842	1.0E-4
2843	1.0E-4
2844	1.0E-4
2845	1.0E-4
2846	1.0E-4
2847	1.0E-4
2848	1.0E-4
2849	1.0E-4
285	0.1023
2850	1.0E-4
2851	1.0E-4
2852	1.0E-4
2853	1.0E-4
2854	1.0E-4
2855	1.0E-4
2856	1.0E-4
2857	1.0E-4
2858	1.0E-4
2859	1.0E-4
286	0.101
2860	1.0E-4
2861	1.0E-4
2862	1.0E-4
2863	1.0E-4
2864	1.0E-4
2865	1.0E-4
2866	1.0E-4
2867	1.0E-4
2868	1.0E-4
2869	1.0E-4
287	0.101
2870	1.0E-4
2871	1.0E-4
2872	1.0E-4
2873	1.0E-4
2874	1.0E-4
2875	1.0E-4
2876	1.0E-4
2877	1.0E-4
2878	1.0E-4
2879	1.0E-4
288	0.1036
2880	1.0E-4
2881	1.0E-4
2882	1.0E-4
2883	1.0E-4
2884	1.0E-4
2885	1.0E-4
2886	1.0E-4
2887	1.0E-4
2888	1.0E-4
2889	1.0E-4
289	0.1021
2890	1.0E-4
2891	1.0E-4
2892	1.0E-4
2893	1.0E-4
2894	1.0E-4
2895	1.0E-4
2896	1.0E-4
2897	1.0E-4
2898	1.0E-4
2899	1.0E-4
29	10.4733
290	0.1026
2900	1.0E-4
2901	1.0E-4
2902	1.0E-4
2903	1.0E-4
2904	1.0E-4
2905	1.0E-4
2906	1.0E-4
2907	1.0E-4
2908	1.0E-4
2909	1.0E-4
291	0.105
2910	1.0E-4
2911	1.0E-4
2912	1.0E-4
2913	1.0E-4
2914	1.0E-4
2915	1.0E-4
2916	1.0E-4
2917	1.0E-4
2918	1.0E-4
2919	1.0E-4
292	0.104
2920	1.0E-4
2921	1.0E-4
2922	1.0E-4
2923	1.0E-4
2924	1.0E-4
2925	1.0E-4
2926	1.0E-4
2927	1.0E-4
2928	1.0E-4
2929	1.0E-4
293	0.1027
2930	1.0E-4
2931	1.0E-4
2932	1.0E-4
2933	1.0E-4
2934	1.0E-4
2935	1.0E-4
2936	1.0E-4
2937	1.0E-4
2938	1.0E-4
2939	1.0E-4
294	0.1422
2940	1.0E-4
2941	1.0E-4
2942	1.0E-4
2943	1.0E-4
2944	1.0E-4
2945	1.0E-4
2946	1.0E-4
2947	1.0E-4
2948	1.0E-4
2949	1.0E-4
295	0.1425
2950	1.0E-4
2951	1.0E-4
2952	1.0E-4
2953	1.0E-4
2954	1.0E-4
2955	1.0E-4
2956	1.0E-4
2957	1.0E-4
2958	1.0E-4
2959	1.0E-4
296	0.1419
2960	1.0E-4
2961	1.0E-4
2962	1.0E-4
2963	1.0E-4
2964	1.0E-4
2965	1.0E-4
2966	1.0E-4
2967	1.0E-4
2968	1.0E-4
2969	1.0E-4
297	0.148
2970	1.0E-4
2971	1.0E-4
2972	1.0E-4
2973	1.0E-4
2974	1.0E-4
2975	1.0E-4
2976	1.0E-4
2977	1.0E-4
2978	1.0E-4
2979	1.0E-4
298	0.1483
2980	1.0E-4
2981	1.0E-4
2982	1.0E-4
2983	0.0081
2984	9.0E-4
2985	9.0E-4
2986	9.0E-4
2987	9.0E-4
2988	9.0E-4
2989	9.0E-4
299	0.1419
2990	0.0044
2991	0.0027
2992	0.0027
2993	0.0027
2994	0.0011
2995	0.0027
2996	0.0028
2997	0.0027
2998	0.0011
2999	5.0E-4
3	0.0108
30	2.7973
300	0.4804
3000	5.0E-4
3001	5.0E-4
3002	5.0E-4
3003	5.0E-4
3004	5.0E-4
3005	5.0E-4
3006	5.0E-4
3007	5.0E-4
3008	5.0E-4
3009	5.0E-4
301	0.1419
3010	5.0E-4
3011	5.0E-4
3012	5.0E-4
3013	5.0E-4
3014	5.0E-4
3015	5.0E-4
3016	5.0E-4
3017	5.0E-4
3018	5.0E-4
3019	5.0E-4
302	0.3573
3020	5.0E-4
3021	6.0E-4
3022	5.0E-4
3023	5.0E-4
3024	5.0E-4
3025	5.0E-4
3026	0.0031
3027	0.0031
3028	0.0017
3029	0.0017
303	0.5341
3030	0.0065
3031	0.0065
3032	6.0E-4
3033	6.0E-4
3034	6.0E-4
3035	6.0E-4
3036	6.0E-4
3037	6.0E-4
3038	6.0E-4
3039	6.0E-4
304	0.0066
3040	6.0E-4
3041	6.0E-4
3042	6.0E-4
3043	6.0E-4
3044	6.0E-4
3045	6.0E-4
3046	6.0E-4
3047	6.0E-4
3048	6.0E-4
3049	6.0E-4
305	0.0154
3050	6.0E-4
3051	6.0E-4
3052	6.0E-4
3053	6.0E-4
3054	6.0E-4
3055	0.0089
3056	0.0066
3057	0.0089
3058	0.0066
3059	0.0013
306	0.0166
3060	0.0013
3061	0.0013
3062	0.0013
3063	0.0013
3064	0.0013
3065	0.0054
3066	0.0054
3067	0.0013
3068	0.0036
3069	0.0014
307	0.0172
3070	0.0014
3071	0.0014
3072	0.0013
3073	0.0013
3074	0.0013
3075	0.0013
3076	0.0013
3077	0.0013
3078	4.0E-4
3079	4.0E-4
308	0.0085
3080	4.0E-4
3081	4.0E-4
3082	4.0E-4
3083	4.0E-4
3084	4.0E-4
3085	4.0E-4
3086	4.0E-4
3087	4.0E-4
3088	0.567
3089	2.2281
309	0.8708
3090	0.1968
3091	0.1968
3092	0.1968
3093	0.1968
3094	0.201
3095	0.3977
3096	0.1968
3097	0.2172
3098	0.3493
3099	0.3258
31	1.5162
310	0.7252
3100	0.3258
3101	0.3258
3102	0.2184
3103	0.2184
3104	0.2419
3105	0.3258
3106	0.3258
3107	0.3323
3108	0.3258
3109	0.4097
311	0.7282
3110	0.3258
3111	1.1254
3112	0.3054
3113	0.3046
3114	0.0516
3115	0.0583
3116	0.0516
3117	0.0672
3118	0.0516
3119	0.288
312	0.762
3120	0.0536
3121	3.0E-4
3122	1.0E-4
3123	1.0E-4
3124	1.0E-4
3125	2.0E-4
3126	2.0E-4
3127	2.0E-4
3128	2.0E-4
3129	1.0063
313	0.7252
3130	0.0023
3131	0.0023
3132	0.0023
3133	0.0021
3134	0.0021
3135	0.0021
3136	0.0021
3137	0.0021
3138	0.0021
3139	0.0073
314	0.7252
3140	0.4481
3141	0.4481
3142	0.4481
3143	0.4481
3144	0.4481
3145	0.4481
3146	0.4481
3147	0.4481
3148	0.4481
3149	0.4481
315	0.7252
3150	0.4481
3151	0.4481
3152	7.0E-4
3153	2.0E-4
3154	2.0E-4
3155	2.0E-4
3156	0.0181
3157	0.0024
3158	0.0013
3159	0.0022
316	0.7252
3160	0.0013
3161	0.0022
3162	0.0013
3163	0.4129
3164	0.0831
3165	0.0013
3166	0.0013
3167	0.0055
3168	0.0055
3169	0.009
317	0.7252
3170	0.1094
3171	0.111
3172	0.111
3173	0.1094
3174	3.0E-4
3175	3.0E-4
3176	3.0E-4
3177	0.0245
3178	0.0245
3179	0.0245
318	0.7252
3180	0.0324
3181	0.3472
3182	2.3545
3183	0.0377
3184	1.4178
3185	0.0245
3186	3.6958
3187	0.0364
3188	2.354
3189	0.6721
319	0.7252
3190	0.6721
3191	0.0328
3192	0.0245
3193	0.0245
3194	0.0245
3195	0.0245
3196	0.2581
3197	0.0
3198	0.0
3199	0.0
32	2.5536
320	0.877
3200	0.0
3201	0.0
3202	0.0
3203	0.0
3204	0.0
3205	0.0
3206	0.0
3207	0.0
3208	0.0
3209	0.0
321	0.0818
3210	0.0
3211	0.0
3212	0.0
3213	0.0
3214	0.0
3215	0.0
3216	0.0
3217	0.0
3218	0.0
3219	0.0
322	0.0823
3220	9.0637
3221	6.9957
3222	2.1689
3223	4.9268
3224	7.685
3225	3.7775
3226	6.3059
3227	12.0533
3228	5.6165
3229	3.3178
323	0.0823
3230	0.0
3231	0.0
3232	0.0
3233	2.0E-4
3234	2.0E-4
3235	2.0E-4
3236	1.0E-4
3237	1.0E-4
3238	0.002
3239	0.0014
324	0.0231
3240	0.0014
3241	1.0E-4
3242	1.0E-4
3243	1.0E-4
3244	1.0E-4
3245	1.0E-4
3246	1.0E-4
3247	1.0E-4
3248	1.0E-4
3249	1.0E-4
325	0.024
3250	1.0E-4
3251	1.0E-4
3252	1.0E-4
3253	1.0E-4
3254	1.0E-4
3255	1.0E-4
3256	1.0E-4
3257	1.0E-4
3258	1.0E-4
3259	1.0E-4
326	0.024
3260	1.0E-4
3261	1.0E-4
3262	1.0E-4
3263	1.0E-4
3264	1.0E-4
3265	1.0E-4
3266	1.0E-4
3267	0.0
3268	0.0
3269	0.0
327	0.024
3270	0.0
3271	0.0
3272	0.0
3273	0.0
3274	3.6368
3275	0.0
3276	0.0
3277	0.0
3278	0.0
3279	0.0
328	0.024
3280	0.0
3281	0.0
3282	0.0
3283	0.0
3284	0.0
3285	0.0
3286	0.0
3287	0.0
3288	0.0
3289	0.0
329	0.024
3290	0.0
3291	0.0
3292	0.0
3293	0.0
3294	0.0
3295	0.0
3296	0.0
3297	0.0
3298	0.0
3299	0.0
33	3.2484
330	0.024
3300	0.0024
3301	0.0024
3302	0.0024
3303	8.0E-4
3304	8.0E-4
3305	8.0E-4
3306	8.0E-4
3307	8.0E-4
3308	8.0E-4
3309	8.0E-4
331	0.074
3310	8.0E-4
3311	8.0E-4
3312	8.0E-4
3313	6.0E-4
3314	6.0E-4
3315	6.0E-4
3316	6.0E-4
3317	6.0E-4
3318	6.0E-4
3319	7.0E-4
332	0.0867
3320	7.0E-4
3321	7.0E-4
3322	0.0215
3323	0.0215
3324	0.0215
3325	0.0215
3326	0.0215
3327	0.0215
3328	0.0215
3329	1.0E-4
333	0.0064
3330	1.0E-4
3331	1.0E-4
3332	1.0E-4
3333	1.0E-4
3334	1.0E-4
3335	1.0E-4
3336	1.0E-4
3337	1.0E-4
3338	1.0E-4
3339	1.0E-4
334	0.1433
3340	1.0E-4
3341	0.0
3342	0.0
3343	0.0
3344	0.0
3345	0.0
3346	0.0
3347	0.0
3348	0.0
3349	0.0
335	0.1433
3350	0.0
3351	1.0E-4
3352	1.0E-4
3353	1.0E-4
3354	1.0E-4
3355	1.0E-4
3356	0.0
3357	0.0
3358	0.0
3359	0.0
336	0.1433
3360	0.0
3361	0.0
3362	0.0
3363	0.0
3364	0.0
3365	0.0
3366	0.0
3367	0.0
3368	0.0
3369	0.0
337	0.5696
3370	0.0
3371	0.0
3372	0.0
3373	0.0
3374	0.0
3375	0.0
3376	0.0
3377	0.0
3378	0.0
3379	0.0
338	0.5696
3380	0.0
3381	0.0
3382	0.0
3383	0.0
3384	0.0
3385	0.0
3386	0.0
3387	0.0
3388	0.0
3389	0.0
339	0.5696
3390	0.0
3391	0.0
3392	0.0
3393	0.0
3394	0.0
3395	0.0
3396	0.0
3397	0.0
3398	0.0
3399	0.0
34	1.573
340	0.0036
3400	0.0
3401	0.0
3402	0.0
3403	0.0
3404	0.0
3405	0.0
3406	0.0
3407	0.0
3408	0.0
3409	0.0
341	0.0109
3410	0.0
3411	0.0
3412	0.0
3413	0.0
3414	0.0
3415	0.0
3416	0.0
3417	0.0
3418	0.0
3419	0.0
342	5.0E-4
3420	0.0
3421	0.0
3422	0.0
3423	0.0
3424	0.0
3425	0.0
3426	0.0
3427	0.0
3428	0.0
3429	0.0
343	5.0E-4
3430	0.0
3431	0.0
3432	0.0
3433	0.0
3434	0.0
3435	0.0
3436	0.0
3437	0.0
3438	0.0
3439	0.0
344	0.016
3440	0.0
3441	0.0
3442	0.0
3443	0.0
3444	0.0
3445	0.0
3446	0.0
3447	0.0
3448	0.0
3449	0.0
345	3.0E-4
3450	0.0
3451	0.0
3452	0.0
3453	0.0
3454	0.0
3455	0.0
3456	0.0
3457	0.0
3458	0.0
3459	0.0
346	3.0E-4
3460	0.0
3461	0.0
3462	0.0
3463	0.0
3464	0.0
3465	0.0
3466	0.0
3467	0.0
3468	0.0
3469	0.0
347	3.0E-4
3470	0.0
3471	0.0
3472	0.0
3473	0.0
3474	0.0
3475	0.0
3476	0.0
3477	0.0
3478	0.0
3479	1.0698
348	6.0E-4
3480	1.0698
3481	1.0698
3482	1.0698
3483	1.0698
3484	1.0698
3485	1.0698
3486	1.0698
3487	1.0698
3488	1.0698
3489	0.0
349	3.0E-4
3490	0.0
3491	0.0
3492	0.0
3493	0.0
3494	0.0
3495	0.0
3496	0.0
3497	0.0
3498	0.0
3499	0.0
35	1.8084
350	4.0E-4
3500	0.0
3501	0.0
3502	0.0
3503	0.0
3504	0.0
3505	0.0
3506	0.0
3507	0.0
3508	0.0
3509	0.0
351	3.0E-4
3510	0.0
3511	0.0072
3512	0.0542
3513	5.0E-4
3514	1.0153
3515	8.0E-4
3516	8.0E-4
3517	9.0E-4
3518	9.0E-4
3519	9.0E-4
352	3.0E-4
3520	2.0E-4
3521	1.0E-4
3522	2.0E-4
3523	1.0E-4
3524	1.0E-4
3525	1.0E-4
3526	1.0E-4
3527	1.0E-4
3528	1.0E-4
3529	1.0E-4
353	3.0E-4
3530	1.0E-4
3531	1.0E-4
3532	4.0E-4
3533	1.0E-4
3534	4.0E-4
3535	1.0E-4
3536	1.0E-4
3537	1.0E-4
3538	1.0E-4
3539	1.0E-4
354	3.0E-4
3540	1.0E-4
3541	1.0E-4
3542	1.0E-4
3543	1.0E-4
3544	1.0E-4
3545	1.0E-4
3546	1.0E-4
3547	1.0E-4
3548	1.0E-4
3549	1.0E-4
355	3.0E-4
3550	1.0E-4
3551	1.0E-4
3552	1.0E-4
3553	1.0E-4
3554	1.0E-4
3555	2.0E-4
3556	1.0E-4
3557	1.0E-4
3558	1.0E-4
3559	1.0E-4
356	1.786
3560	1.0E-4
3561	1.0E-4
3562	1.0E-4
3563	1.0E-4
3564	3.0E-4
3565	3.0E-4
3566	3.0E-4
3567	3.0E-4
3568	3.0E-4
3569	3.0E-4
357	1.6279
3570	3.0E-4
3571	3.0E-4
3572	3.0E-4
3573	3.0E-4
3574	2.0E-4
3575	2.0E-4
3576	2.0E-4
3577	2.0E-4
3578	2.0E-4
3579	2.0E-4
358	0.3549
3580	3.0E-4
3581	3.0E-4
3582	3.0E-4
3583	0.0051
3584	0.9263
3585	1.0686
3586	1.4051
3587	1.0686
3588	0.024
3589	0.024
359	0.5271
3590	0.0344
3591	0.0427
3592	0.0427
3593	0.0427
3594	0.0537
3595	0.0537
3596	0.0537
3597	0.0341
3598	0.0537
3599	0.0537
36	4.0878
360	0.3549
3600	0.5397
3601	0.0358
3602	0.2309
3603	0.05
3604	0.0514
3605	0.1751
3606	0.1751
3607	0.0108
3608	0.0265
3609	0.0108
361	0.3549
3610	0.0265
3611	0.0162
3612	0.0162
3613	0.1213
3614	0.0265
3615	0.0893
3616	0.1168
3617	0.0219
3618	0.0219
3619	0.0219
362	1.0997
3620	0.0219
3621	0.0219
3622	0.0219
3623	0.0219
3624	0.0494
3625	0.0219
3626	0.0439
3627	0.0275
3628	0.0275
3629	0.0275
363	0.0158
3630	0.0275
3631	0.0275
3632	0.0275
3633	0.0275
3634	0.035
3635	0.035
3636	0.035
3637	0.0554
3638	0.0125
3639	0.0125
364	0.0158
3640	0.0125
3641	0.0125
3642	0.0125
3643	2.1265
3644	2.1265
3645	1.9941
3646	1.9941
3647	1.9941
3648	1.9941
3649	0.0066
365	0.0247
3650	0.0066
3651	0.0066
3652	0.0066
3653	0.0066
3654	0.0066
3655	0.0066
3656	0.0066
3657	0.0066
3658	0.0066
3659	0.023
366	0.0158
3660	0.0111
3661	0.0111
3662	0.0111
3663	0.0111
3664	0.5006
3665	0.0
3666	0.0
3667	0.0
3668	0.0
3669	0.0
367	0.0158
3670	0.0
3671	0.0
3672	0.0
3673	0.0
3674	0.0
3675	0.0
3676	0.0
3677	0.0
3678	0.0
3679	0.0
368	0.0158
3680	0.0
3681	0.0
3682	0.0
3683	0.0
3684	0.0
3685	0.0
3686	0.0
3687	0.0
3688	0.0
3689	0.0
369	1.0132
3690	0.0
3691	0.0
3692	0.0
3693	0.0
3694	0.0
3695	0.0
3696	0.0
3697	0.0
3698	0.0
3699	0.0
37	19.1063
370	3.0E-4
3700	1.0E-4
3701	3.0E-4
3702	0.0535
3703	3.0E-4
3704	0.0038
3705	0.0151
3706	0.0085
3707	0.0035
3708	0.0035
3709	0.0021
371	0.0013
3710	0.0018
3711	0.0035
3712	0.0018
3713	0.0028
3714	0.0028
3715	0.0028
3716	9.0E-4
3717	9.0E-4
3718	0.001
3719	0.001
372	3.0E-4
3720	0.001
3721	5.0E-4
3722	5.0E-4
3723	4.0E-4
3724	4.0E-4
3725	4.0E-4
3726	0.001
3727	0.001
3728	0.001
3729	1.1836
373	3.0E-4
3730	4.0E-4
3731	4.0E-4
3732	4.0E-4
3733	0.0872
3734	0.3738
3735	0.0929
3736	0.0872
3737	0.0084
3738	0.0273
3739	0.0313
374	3.0E-4
3740	0.0714
3741	0.0181
3742	1.6829
3743	0.0084
3744	0.0084
3745	0.0084
3746	0.0084
3747	0.0084
3748	0.0027
3749	0.0038
375	3.0E-4
3750	0.0027
3751	0.0046
3752	0.0046
3753	0.0046
3754	0.0046
3755	0.0046
3756	0.0046
3757	0.0046
3758	0.0046
3759	0.016
376	3.0E-4
3760	0.016
3761	0.016
3762	0.1048
3763	0.1048
3764	0.1048
3765	0.1048
3766	1.3363
3767	1.3363
3768	0.0079
3769	0.0079
377	4.0E-4
3770	0.0079
3771	0.0079
3772	0.0079
3773	1.4023
3774	1.4023
3775	1.4023
3776	1.4023
3777	0.0103
3778	0.0103
3779	0.0103
378	3.0E-4
3780	0.0103
3781	0.9372
3782	1.2561
3783	0.9372
3784	0.9372
3785	0.9372
3786	0.9372
3787	0.0083
3788	0.0101
3789	1.2243
379	3.0E-4
3790	1.2243
3791	1.2243
3792	0.2757
3793	0.2757
3794	0.2757
3795	0.2757
3796	0.2757
3797	0.2757
3798	0.2757
3799	0.2757
38	17.5953
380	3.0E-4
3800	0.0
3801	0.0
3802	0.0
3803	0.0
3804	0.0
3805	0.0
3806	0.0
3807	0.0
3808	3.6368
3809	0.0
381	3.0E-4
3810	0.0
3811	0.0
3812	0.0
3813	0.0
3814	0.0
3815	0.0
3816	0.0
3817	0.0
3818	0.0
3819	0.0
382	0.0193
3820	0.0
3821	0.0
3822	0.0
3823	0.0
3824	0.0
3825	0.0
3826	0.0
3827	0.0
3828	0.0
3829	0.0
383	0.0193
3830	0.0
3831	0.0
3832	0.0
3833	0.0
3834	10.5781
3835	5.0522
3836	1.9844
3837	0.8433
3838	0.5215
3839	0.4216
384	0.0365
3840	0.3941
3841	0.3848
3842	0.3826
3843	0.3818
3844	0.3816
3845	0.3816
3846	0.3816
3847	0.3816
3848	0.3816
3849	0.3816
385	0.0365
3850	0.3816
3851	0.3816
3852	0.3816
3853	0.3816
3854	0.3816
3855	0.3816
3856	0.3816
3857	0.3816
3858	0.3816
3859	0.3816
386	0.0365
3860	0.3816
3861	0.3816
3862	0.3816
3863	0.3816
3864	0.3816
3865	0.3818
3866	0.3824
3867	0.3843
3868	0.3924
3869	0.4207
387	0.0814
3870	0.5366
3871	1.0261
3872	2.797
3873	8.0647
3874	0.2217
3875	8.211
3876	3.9913
3877	1.6235
3878	0.7371
3879	0.4868
388	0.0218
3880	0.4091
3881	0.3877
3882	0.3805
3883	0.3788
3884	0.3781
3885	0.3781
3886	0.378
3887	0.378
3888	0.378
3889	0.378
389	0.0501
3890	0.378
3891	0.378
3892	0.378
3893	0.378
3894	0.378
3895	0.378
3896	0.378
3897	0.3781
3898	0.3786
3899	0.3801
39	4.605
390	8.0E-4
3900	0.3864
3901	0.4085
3902	0.4986
3903	0.8794
3904	2.2423
3905	6.2681
3906	0.2194
3907	2.6719
3908	1.4899
3909	0.7558
391	0.0129
3910	0.4661
3911	0.3853
3912	0.367
3913	0.3897
3914	0.5134
3915	0.9244
3916	2.0619
3917	0.1993
3918	5.8411
3919	2.9269
392	6.0E-4
3920	1.2592
3921	0.628
3922	0.4493
3923	0.3939
3924	0.3785
3925	0.3733
3926	0.3721
3927	0.3716
3928	0.3716
3929	0.3715
393	6.0E-4
3930	0.3716
3931	0.3716
3932	0.372
3933	0.373
3934	0.3775
3935	0.3933
3936	0.4578
3937	0.7296
3938	1.6845
3939	4.4691
394	6.0E-4
3940	0.2153
3941	9.0001
3942	4.3451
3943	1.744
3944	0.7727
3945	0.4986
3946	0.4135
3947	0.39
3948	0.3821
3949	0.3802
395	6.0E-4
3950	0.3796
3951	0.3795
3952	0.3794
3953	0.3794
3954	0.3794
3955	0.3794
3956	0.3794
3957	0.3794
3958	0.3794
3959	0.3794
396	8.0E-4
3960	0.3794
3961	0.3794
3962	0.3794
3963	0.3794
3964	0.3794
3965	0.3794
3966	0.3795
3967	0.38
3968	0.3817
3969	0.3886
397	6.0E-4
3970	0.4127
3971	0.5115
3972	0.9286
3973	2.4274
3974	6.867
3975	0.2203
3976	4.5228
3977	2.3325
3978	1.0538
3979	0.5644
398	6.0E-4
3980	0.4256
3981	0.3825
3982	0.3705
3983	0.3665
3984	0.3656
3985	0.3655
3986	0.3663
3987	0.3698
3988	0.3821
3989	0.4322
399	0.001
3990	0.6435
3991	1.3718
3992	3.4682
3993	0.2112
3994	7.4211
3995	3.637
3996	1.5025
3997	0.7012
3998	0.4748
3999	0.4045
4	0.0062
40	6.398
400	6.0E-4
4000	0.3851
4001	0.3785
4002	0.377
4003	0.3764
4004	0.3763
4005	0.3763
4006	0.3763
4007	0.3763
4008	0.3763
4009	0.3763
401	6.0E-4
4010	0.3763
4011	0.3763
4012	0.3763
4013	0.3764
4014	0.3768
4015	0.3782
4016	0.3839
4017	0.4039
4018	0.4854
4019	0.83
402	6.0E-4
4020	2.0568
4021	5.6686
4022	0.2183
4023	13.999
4024	6.5833
4025	2.504
4026	0.9946
4027	0.5694
4028	0.4374
4029	0.4012
403	6.0E-4
4030	0.3889
4031	0.386
4032	0.385
4033	0.3848
4034	0.3848
4035	0.3848
4036	0.3848
4037	0.3848
4038	0.3848
4039	0.3848
404	8.0E-4
4040	0.3848
4041	0.3848
4042	0.3848
4043	0.3848
4044	0.3848
4045	0.3848
4046	0.3848
4047	0.3848
4048	0.3848
4049	0.3848
405	6.0E-4
4050	0.3848
4051	0.3848
4052	0.3848
4053	0.3848
4054	0.3848
4055	0.3848
4056	0.3848
4057	0.3848
4058	0.3848
4059	0.3848
406	8.0E-4
4060	0.3848
4061	0.3848
4062	0.3848
4063	0.3848
4064	0.3848
4065	0.3848
4066	0.3848
4067	0.3849
4068	0.3858
4069	0.3882
407	6.0E-4
4070	0.399
4071	0.4363
4072	0.5893
4073	1.2361
4074	3.5966
4075	10.6606
4076	0.2237
4077	6.6314
4078	3.2823
4079	1.3812
408	6.0E-4
4080	0.6649
4081	0.4623
4082	0.3995
4083	0.382
4084	0.3762
4085	0.3748
4086	0.3743
4087	0.3742
4088	0.3742
4089	0.3742
409	0.0239
4090	0.3742
4091	0.3742
4092	0.3742
4093	0.3743
4094	0.3747
4095	0.3759
4096	0.381
4097	0.3989
4098	0.4719
4099	0.7801
41	4.5007
410	0.0239
4100	1.871
4101	5.0691
4102	0.217
4103	3.995
4104	2.0936
4105	0.9705
4106	0.5379
4107	0.415
4108	0.3769
4109	0.3662
411	0.0239
4110	0.3629
4111	0.3628
4112	0.3657
4113	0.3765
4114	0.4208
4115	0.6078
4116	1.2456
4117	3.0673
4118	0.2089
4119	0.0
412	0.0239
4120	0.0
4121	3.0E-4
4122	8.0E-4
4123	8.0E-4
4124	0.0
4125	0.0
4126	0.0
4127	0.0
4128	0.0
4129	0.0
413	0.0239
4130	0.0
4131	0.0
4132	0.0
4133	0.0
4134	0.0
4135	0.0
4136	0.0
4137	0.0
4138	0.0
4139	4.3663
414	0.0239
4140	2.2719
4141	1.0611
4142	0.6009
4143	0.4716
4144	0.4321
4145	0.4212
4146	0.4178
4147	0.4177
4148	0.4206
4149	0.4321
415	0.0171
4150	0.4793
4151	0.6813
4152	1.3747
4153	3.3744
4154	0.0
4155	0.0
4156	0.0
4157	0.0
4158	0.0
4159	0.0
416	0.1011
4160	0.0
4161	0.0
4162	0.0
4163	0.0
4164	0.0
4165	0.0
4166	0.0
4167	0.0
4168	0.0
4169	0.0
417	3.0E-4
4170	0.0
4171	0.0
4172	0.0
4173	0.0
4174	0.0
4175	0.0
4176	0.0
4177	0.0
4178	0.0
4179	0.0
418	3.0E-4
4180	0.0
4181	0.0
4182	0.0
4183	0.0
4184	0.0
4185	0.0
4186	0.0
4187	0.0
4188	0.0
4189	0.0
419	3.0E-4
4190	0.0
4191	0.0
4192	0.0
4193	0.0
4194	0.0
4195	0.0
4196	0.0
4197	0.0
4198	0.0
4199	0.0
42	5.7948
420	3.0E-4
4200	0.0
4201	0.0
4202	0.0
4203	0.0
4204	0.0
4205	0.0
4206	0.0
4207	0.0
4208	0.0
4209	0.0
421	3.0E-4
4210	0.0
4211	0.0
4212	0.0
4213	0.0
4214	0.0
4215	0.0
4216	0.0
4217	0.0
4218	0.0
4219	0.0
422	3.0E-4
4220	0.0
4221	0.0
4222	0.0
4223	0.0
4224	0.0
4225	0.0
4226	0.0
4227	0.0
4228	0.0
4229	0.0
423	3.0E-4
4230	0.0
4231	0.0
4232	0.0
4233	0.0
4234	0.0
4235	0.0
4236	0.0
4237	0.0
4238	0.0
4239	0.0
424	3.0E-4
4240	0.0
4241	0.0
4242	0.0
4243	0.0
4244	0.0
4245	0.0
4246	0.0
4247	0.0
4248	0.0
4249	0.0
425	1.1873
4250	0.0
4251	0.0
4252	0.0
4253	0.0
4254	0.0
4255	0.0
4256	0.0
4257	0.0
4258	0.0
4259	0.0
426	0.388
4260	0.0
4261	0.0
4262	0.0
4263	0.0
4264	0.0
4265	0.0
4266	0.0
4267	0.0
4268	0.0
4269	0.0
427	0.2565
4270	0.0
4271	0.0
4272	0.0
4273	0.0
4274	0.0
4275	0.0
4276	0.0
4277	0.0
4278	0.0
4279	0.0
428	0.0394
4280	0.0
4281	0.0
4282	0.0
4283	0.0
4284	0.0
4285	0.0
4286	0.0
4287	0.0
4288	0.0
4289	0.0
429	0.3521
4290	0.0
4291	0.0
4292	0.0
4293	0.0
4294	0.0
4295	0.0
4296	0.0
4297	0.0
4298	0.0
4299	0.0
43	14.458
430	0.7006
4300	0.0
4301	0.0
4302	0.0
4303	0.0
4304	0.0
4305	0.0
4306	0.0
4307	0.0
4308	0.0
4309	0.0
431	0.0141
4310	0.0
4311	0.0
4312	0.0
4313	0.0
4314	0.0
4315	0.0
4316	0.0
4317	0.0
4318	0.0
4319	0.0
432	8.0E-4
4320	0.0
4321	0.0
4322	0.0
4323	0.0
4324	0.0
4325	0.0
4326	0.0
4327	0.0
4328	0.0
4329	0.0
433	0.0152
4330	0.0
4331	0.0
4332	0.0
4333	0.0
4334	0.0
4335	0.0
4336	0.0
4337	0.0
4338	0.0
4339	0.0
434	0.0152
4340	0.0
4341	0.0
4342	0.0
4343	0.0
4344	0.0
4345	0.0
4346	0.0
4347	0.0
4348	0.0
4349	0.0
435	0.0142
4350	0.0
4351	0.0
4352	0.0
4353	0.0
4354	0.0
4355	0.0
4356	0.0
4357	0.0
4358	0.0
4359	0.0
436	0.0142
4360	0.0
4361	0.0
4362	0.0
4363	0.0
4364	0.0
4365	0.0
4366	0.0
4367	0.0
4368	0.0
4369	0.0
437	0.0142
4370	0.0
4371	0.0
4372	0.0
4373	0.0
4374	0.0
4375	0.0
4376	0.0
4377	0.0
4378	0.0
4379	0.0
438	0.0142
4380	0.0
4381	0.0
4382	0.0
4383	0.0
4384	0.0
4385	0.0
4386	0.0
4387	0.0
4388	0.0
4389	0.0
439	0.0142
4390	0.0
4391	0.0
4392	0.0
4393	0.0
4394	0.0
4395	0.0
4396	0.0
4397	0.0
4398	0.0
4399	0.0
44	3.7684
440	0.0143
4400	0.0
4401	0.0
4402	0.0
4403	0.0
4404	0.0
4405	0.0
4406	0.0
4407	0.0
4408	0.0
4409	0.0
441	0.0018
4410	0.0
4411	0.0
4412	0.0
4413	0.0
4414	0.0
4415	0.0
4416	0.0
4417	0.0
4418	0.0
4419	0.0
442	0.0022
4420	0.0
4421	0.0
4422	0.0
4423	0.0
4424	0.0
4425	0.0
4426	0.0
4427	0.0
4428	0.0
4429	0.0
443	0.0022
4430	0.0
4431	0.0
4432	0.0
4433	0.0
4434	0.0
4435	0.0
4436	2.0E-4
4437	2.0E-4
4438	1.0E-4
4439	2.0E-4
444	0.0022
4440	2.0E-4
4441	2.0E-4
4442	2.0E-4
4443	1.0E-4
4444	1.0E-4
4445	1.0E-4
4446	1.0E-4
4447	2.0E-4
4448	1.0E-4
4449	1.0E-4
445	0.0206
4450	0.0
4451	0.0
4452	0.0
4453	0.0
4454	0.0
4455	0.0
4456	0.0
4457	0.0
4458	3.6368
4459	0.0
446	0.0209
4460	0.0
4461	0.0
4462	0.0
4463	0.0
4464	0.0
4465	0.0
4466	0.0
4467	0.0
4468	0.0
4469	0.0
447	0.0206
4470	0.0
4471	0.0
4472	0.0
4473	0.0
4474	0.0
4475	0.0
4476	0.0
4477	0.0
4478	0.0
4479	0.0
448	0.0367
4480	0.0
4481	0.0
4482	0.0
4483	0.0
4484	0.5017
4485	2.0155
4486	0.0
4487	0.0
4488	0.0
4489	0.0
449	0.0236
4490	0.0
4491	0.0
4492	0.0
4493	0.0
4494	0.0
4495	0.0
4496	0.0
4497	0.0
4498	0.0
4499	0.0
45	2.1248
450	0.015
4500	0.0
4501	0.0
4502	0.0
4503	0.0
4504	0.0
4505	0.0
4506	0.0
4507	0.0
4508	0.0
4509	0.0
451	0.014
4510	0.0
4511	0.0
4512	0.0
4513	0.0
4514	0.0
4515	0.0
4516	0.0
4517	0.0
4518	0.0
4519	0.0
452	0.0105
4520	0.0
4521	0.0
4522	0.0
4523	0.0
4524	0.0
4525	0.0
4526	0.0
4527	0.0
4528	0.0
4529	0.0
453	0.0096
4530	0.0
4531	0.0
4532	0.0
4533	0.0
4534	0.0
4535	0.0
4536	0.0
4537	0.0
4538	0.0
4539	0.0
454	0.0096
4540	0.0
4541	0.0
4542	0.0
4543	0.0
4544	0.0
4545	0.0
4546	0.0
4547	0.0
4548	0.0
4549	0.0
455	0.0096
4550	0.0
4551	0.0
4552	0.0
4553	0.0
4554	0.0
4555	0.0
4556	0.0
4557	0.0
4558	0.0
4559	0.0
456	0.0096
4560	0.0
4561	0.0
4562	0.0
4563	0.0
4564	0.0
4565	0.0
4566	0.0
4567	0.0
4568	0.0
4569	0.0
457	0.1033
4570	0.0
4571	0.0
4572	0.0
4573	0.0
4574	0.0
4575	0.0
4576	0.0
4577	0.0
4578	0.0
4579	0.0
458	0.1033
4580	0.0
4581	0.0
4582	0.0
4583	0.0
4584	0.0
4585	0.0
4586	0.0
4587	0.0
4588	0.0
4589	0.0
459	0.1033
4590	0.0
4591	0.0
4592	0.0
4593	0.0
4594	0.0
4595	0.0
4596	0.0
4597	0.0
4598	0.0
4599	0.0
46	4.0222
460	0.0953
4600	0.0
4601	0.0
4602	0.0
4603	0.0
4604	0.0
4605	0.0
4606	0.0
4607	0.0
4608	0.0
4609	0.0
461	0.1033
4610	0.0
4611	0.0
4612	0.0
4613	0.0
4614	0.0
4615	0.0
4616	0.0
4617	0.0
4618	0.0
4619	0.0
462	0.1038
4620	0.0
4621	0.0
4622	0.0
4623	0.0
4624	0.0
4625	0.0
4626	0.0
4627	0.0
4628	0.0
4629	0.0
463	0.1038
4630	0.0
4631	0.0
4632	0.0
4633	0.0
4634	0.0
4635	0.0
4636	0.0
4637	0.0
4638	0.0
4639	0.0
464	0.1038
4640	0.0
4641	0.0
4642	0.0
4643	0.0
4644	0.0
4645	0.0
4646	0.0
4647	0.0
4648	0.0
4649	0.0
465	0.1033
4650	0.0
4651	0.0
4652	0.0
4653	0.0
4654	0.0
4655	0.0
4656	0.0
4657	0.0
4658	0.0
4659	0.0
466	0.1033
4660	0.0
4661	0.0
4662	0.0
4663	0.0
4664	0.0
4665	0.0
4666	0.0
4667	0.0
4668	0.0
4669	0.0
467	0.1121
4670	0.0
4671	0.0
4672	0.0
4673	0.0
4674	0.0
4675	0.0
4676	0.0
4677	0.0
4678	0.0
4679	0.0
468	0.1121
4680	0.0
4681	0.0
4682	0.0
4683	0.0
4684	0.0
4685	0.0
4686	0.0
4687	0.0
4688	0.0
4689	0.0
469	0.0323
4690	0.0
4691	0.0
4692	0.0
4693	0.0
4694	0.0
4695	0.0
4696	0.0
4697	0.0
4698	0.0
4699	0.0
47	1.0573
470	0.0288
4700	0.0
4701	0.0
4702	0.0
4703	0.0
4704	0.0
4705	0.0
4706	0.0
4707	0.0
4708	0.0
4709	0.0
471	0.0288
4710	0.0
4711	0.0
4712	0.0
4713	0.0
4714	0.0
4715	0.0
4716	0.0
4717	0.0
4718	0.0
4719	0.0
472	0.0288
4720	0.0
4721	0.0
4722	0.0
4723	0.0
4724	0.0
4725	0.0
4726	0.0
4727	0.0
4728	0.0
4729	0.0
473	0.026
4730	0.0
4731	0.0
4732	0.0
4733	0.0
4734	0.0
4735	0.0
4736	0.0
4737	0.0
4738	0.0
4739	0.0
474	0.0153
4740	0.0
4741	0.0
4742	0.0
4743	0.0
4744	0.0
4745	0.0
4746	0.0
4747	0.0
4748	0.0
4749	0.0
475	0.0043
4750	0.0
4751	0.0
4752	0.0
4753	0.0
4754	0.0
4755	0.0
4756	0.0
4757	0.0
4758	0.0
4759	0.0
476	0.0041
4760	0.0
4761	0.0
4762	1.0E-4
4763	1.0E-4
4764	0.0
4765	1.0E-4
4766	1.0E-4
4767	1.0E-4
4768	1.0E-4
4769	0.0
477	0.0041
4770	0.0
4771	0.0
4772	0.0
4773	1.0E-4
4774	0.1587
4775	0.1423
4776	0.5745
4777	0.5745
4778	0.1003
4779	0.1003
478	0.0041
4780	0.1003
4781	0.0839
4782	0.0839
4783	0.0839
4784	0.0905
4785	0.1075
4786	0.1075
4787	0.1109
4788	0.1109
4789	0.0839
479	0.1212
4790	0.0922
4791	0.0839
4792	0.0922
4793	0.002
4794	0.0018
4795	0.0018
4796	0.0018
4797	0.0018
4798	0.0018
4799	0.0162
48	2.4037
480	0.1747
4800	0.0018
4801	0.0042
4802	0.0066
4803	0.0066
4804	0.0066
4805	0.0577
4806	1.2233
4807	0.0289
4808	0.0289
4809	0.0577
481	0.1206
4810	2.8575
4811	0.0385
4812	0.1678
4813	0.0054
4814	0.0061
4815	0.2619
4816	0.0157
4817	0.0157
4818	0.0157
4819	1.1624
482	0.0199
4820	0.0157
4821	0.0041
4822	0.0041
4823	0.0041
4824	0.0041
4825	0.0041
4826	0.0041
4827	0.0041
4828	0.02
4829	0.02
483	0.0195
4830	0.0087
4831	0.0058
4832	0.0058
4833	0.0489
4834	0.0489
4835	0.0489
4836	0.0489
4837	0.0489
4838	0.0285
4839	0.0049
484	0.0195
4840	0.0198
4841	0.0198
4842	0.0198
4843	0.0067
4844	0.0168
4845	0.0034
4846	0.0034
4847	0.0034
4848	0.3525
4849	0.3525
485	0.0167
4850	0.3525
4851	0.2648
4852	0.2648
4853	0.2648
4854	0.0069
4855	0.0069
4856	0.0069
4857	0.013
4858	0.013
4859	0.013
486	0.0153
4860	0.0391
4861	0.0391
4862	0.5015
4863	0.0017
4864	0.0017
4865	0.0045
4866	0.0017
4867	0.0041
4868	0.0033
4869	0.0045
487	0.0153
4870	0.0045
4871	0.0
4872	0.0
4873	0.0
4874	0.0
4875	0.0
4876	0.0
4877	0.0
4878	0.0
4879	0.0
488	0.0153
4880	0.0
4881	0.0
4882	0.0
4883	0.0
4884	0.0
4885	0.0
4886	0.0
4887	0.0
4888	0.0
4889	0.0
489	0.0153
4890	0.0
4891	0.0
4892	0.0
4893	0.0
4894	0.0
4895	0.0
4896	0.0
4897	0.0
4898	0.0
4899	0.0
49	1.0567
490	0.0153
4900	0.0
4901	0.0
4902	0.0
4903	0.0
4904	0.0
4905	0.0
4906	0.0
4907	0.0
4908	0.0
4909	0.0
491	0.0153
4910	0.0
4911	0.0
4912	0.0
4913	0.0
4914	0.0
4915	0.0
4916	0.0
4917	0.0
4918	0.0
4919	0.0
492	0.0243
4920	0.0
4921	0.0
4922	0.0
4923	0.0
4924	1.0E-4
4925	1.0E-4
4926	1.0E-4
4927	1.0E-4
4928	1.0E-4
4929	5.0E-4
493	0.0153
4930	1.0369
4931	1.0369
4932	1.0369
4933	1.0369
4934	1.0369
4935	1.0369
4936	1.0369
4937	0.013
4938	0.013
4939	0.013
494	3.0E-4
4940	0.013
4941	0.013
4942	0.013
4943	0.013
4944	0.013
4945	0.013
4946	0.013
4947	0.013
4948	0.013
4949	0.013
495	3.0E-4
4950	0.013
4951	0.013
4952	0.013
4953	0.013
4954	0.013
4955	0.013
4956	0.013
4957	0.013
4958	0.013
4959	0.013
496	0.0015
4960	0.013
4961	0.013
4962	0.013
4963	0.0188
4964	0.013
4965	0.013
4966	0.013
4967	0.013
4968	0.013
4969	0.013
497	3.0E-4
4970	0.013
4971	0.013
4972	0.0013
4973	0.0013
4974	0.0013
4975	0.0013
4976	0.0013
4977	0.0013
4978	0.0013
4979	0.0013
498	0.0021
4980	0.0013
4981	0.0013
4982	0.0013
4983	0.0013
4984	0.0013
4985	0.0013
4986	0.0013
4987	0.0013
4988	0.0013
4989	0.0013
499	0.0035
4990	0.0013
4991	0.0013
4992	0.0013
4993	0.0013
4994	0.0013
4995	0.0013
4996	0.0013
4997	0.0013
4998	0.0013
4999	0.0013
5	0.0062
50	1.0567
500	0.2763
5000	0.0013
5001	0.0111
5002	0.0111
5003	0.0111
5004	0.0111
5005	0.0111
5006	0.0111
5007	0.0111
5008	1.1465
5009	1.1465
501	0.2688
5010	1.1465
5011	1.1465
5012	1.1465
5013	0.0024
5014	0.0024
5015	0.0024
5016	0.0024
5017	0.0024
5018	0.0024
5019	0.0024
502	0.2643
5020	0.0024
5021	0.0024
5022	0.0024
5023	0.0024
5024	0.0024
5025	0.0024
5026	0.0024
5027	0.0024
5028	0.0024
5029	0.0024
503	0.1065
5030	0.0024
5031	0.0024
5032	0.0024
5033	0.0011
5034	0.0011
5035	0.3888
5036	0.0
5037	0.0
5038	0.0
5039	0.0
504	0.1065
5040	0.0
5041	0.0
5042	0.0
5043	0.0
5044	0.0
5045	0.0
5046	0.0
5047	0.0
5048	0.0
5049	0.0
505	0.3046
5050	0.0
5051	4.3663
5052	2.2719
5053	1.0611
5054	0.6009
5055	0.4716
5056	0.4321
5057	0.4212
5058	0.4178
5059	0.4177
506	0.0077
5060	0.4206
5061	0.4321
5062	0.4793
5063	0.6813
5064	1.3747
5065	3.3744
5066	0.0
5067	0.0
5068	0.0
5069	0.0
507	0.0077
5070	0.0
5071	0.0
5072	7.8479
5073	5.5618
5074	2.3877
5075	0.8322
5076	0.3402
5077	0.1947
5078	0.1471
5079	0.1342
508	0.0077
5080	0.1298
5081	0.1288
5082	0.1284
5083	0.1284
5084	0.1284
5085	0.1284
5086	0.1284
5087	0.1284
5088	0.1284
5089	0.1284
509	0.0077
5090	0.1284
5091	0.1284
5092	0.1284
5093	0.1284
5094	0.1284
5095	0.1284
5096	0.1284
5097	0.1284
5098	0.1284
5099	0.1284
510	0.0077
5100	0.1284
5101	0.1284
5102	0.1284
5103	0.1287
5104	0.1295
5105	0.1328
5106	0.1431
5107	0.1791
5108	0.2891
5109	0.6254
511	0.0077
5110	1.5171
5111	2.4036
5112	6.0751
5113	4.3333
5114	1.8814
5115	0.6743
5116	0.2922
5117	0.179
5118	0.142
5119	0.132
512	0.0077
5120	0.1285
5121	0.1277
5122	0.1274
5123	0.1274
5124	0.1274
5125	0.1274
5126	0.1274
5127	0.1274
5128	0.1274
5129	0.1274
513	0.0077
5130	0.1274
5131	0.1274
5132	0.1274
5133	0.1274
5134	0.1276
5135	0.1282
5136	0.1309
5137	0.1388
5138	0.1669
5139	0.2523
514	0.0077
5140	0.5132
5141	1.2033
5142	1.8756
5143	1.933
5144	1.4559
5145	0.6912
5146	0.2997
5147	0.1774
5148	0.149
5149	0.1648
515	0.0077
5150	0.2457
5151	0.4634
5152	0.6385
5153	4.3012
5154	3.1029
5155	1.3738
5156	0.5155
5157	0.2434
5158	0.1625
5159	0.1361
516	0.0077
5160	0.1289
5161	0.1264
5162	0.1259
5163	0.1257
5164	0.1256
5165	0.1257
5166	0.1258
5167	0.1262
5168	0.1281
5169	0.1338
517	0.0077
5170	0.1539
5171	0.2147
5172	0.4
5173	0.8883
5174	1.3469
5175	6.6661
5176	4.7428
5177	2.0502
5178	0.727
5179	0.3082
518	0.0077
5180	0.1842
5181	0.1437
5182	0.1327
5183	0.129
5184	0.1281
5185	0.1278
5186	0.1278
5187	0.1278
5188	0.1278
5189	0.1278
519	0.1241
5190	0.1278
5191	0.1278
5192	0.1278
5193	0.1278
5194	0.1278
5195	0.1278
5196	0.1278
5197	0.1278
5198	0.1278
5199	0.1278
52	16.5356
520	0.1241
5200	0.128
5201	0.1287
5202	0.1316
5203	0.1403
5204	0.171
5205	0.2646
5206	0.5506
5207	1.308
5208	2.0516
5209	3.3152
521	0.0906
5210	2.4183
5211	1.0908
5212	0.4263
5213	0.2154
5214	0.1525
5215	0.132
5216	0.1264
5217	0.1246
5218	0.1245
5219	0.1258
522	0.0953
5220	0.1303
5221	0.1458
5222	0.1931
5223	0.3363
5224	0.7125
5225	1.0526
5226	5.4838
5227	3.9232
5228	1.7123
5229	0.6215
523	0.291
5230	0.276
5231	0.1736
5232	0.1401
5233	0.131
5234	0.1279
5235	0.1272
5236	0.127
5237	0.1269
5238	0.1269
5239	0.1269
524	0.0953
5240	0.1269
5241	0.1269
5242	0.1269
5243	0.1269
5244	0.127
5245	0.1271
5246	0.1277
5247	0.1301
5248	0.1373
5249	0.1627
525	0.0953
5250	0.2399
5251	0.4756
5252	1.0985
5253	1.6995
5254	10.4102
5255	7.3371
5256	3.1188
5257	1.0598
5258	0.4089
5259	0.2168
526	2.9221
5260	0.1539
5261	0.1369
5262	0.1311
5263	0.1298
5264	0.1293
5265	0.1293
5266	0.1292
5267	0.1293
5268	0.1293
5269	0.1292
527	0.0753
5270	0.1293
5271	0.1293
5272	0.1293
5273	0.1293
5274	0.1293
5275	0.1293
5276	0.1292
5277	0.1292
5278	0.1293
5279	0.1293
528	0.073
5280	0.1293
5281	0.1293
5282	0.1293
5283	0.1293
5284	0.1292
5285	0.1292
5286	0.1293
5287	0.1292
5288	0.1293
5289	0.1293
529	0.0679
5290	0.1293
5291	0.1293
5292	0.1293
5293	0.1293
5294	0.1293
5295	0.1293
5296	0.1293
5297	0.1293
5298	0.1297
5299	0.1306
53	0.4969
530	0.0679
5300	0.1351
5301	0.1485
5302	0.1963
5303	0.3416
5304	0.7869
5305	1.9702
5306	3.1662
5307	4.8926
5308	3.5133
5309	1.5432
531	4.0E-4
5310	0.5686
5311	0.2598
5312	0.1681
5313	0.1382
5314	0.13
5315	0.1272
5316	0.1266
5317	0.1264
5318	0.1263
5319	0.1263
532	0.0054
5320	0.1263
5321	0.1264
5322	0.1264
5323	0.1265
5324	0.127
5325	0.1292
5326	0.1356
5327	0.1583
5328	0.2274
5329	0.4379
533	4.0E-4
5330	0.9935
5331	1.5233
5332	2.9206
5333	2.144
5334	0.9772
5335	0.3903
5336	0.2039
5337	0.1482
5338	0.1302
5339	0.1255
534	4.0E-4
5340	0.1251
5341	0.1287
5342	0.1423
5343	0.1841
5344	0.3105
5345	0.6417
5346	0.9346
5347	3.1507
5348	2.2956
5349	1.043
535	4.0E-4
5350	0.4194
5351	0.2234
5352	0.1654
5353	0.1468
5354	0.142
5355	0.1416
5356	0.1453
5357	0.1596
5358	0.204
5359	0.3396
536	1.4395
5360	0.6981
5361	1.0186
5362	0.0
5363	0.0
5364	0.0
5365	0.0
5366	0.0
5367	0.0
5368	0.0
5369	0.0
537	1.4395
5370	0.0
5371	0.0
5372	0.0
5373	0.0
5374	0.0
5375	0.0
5376	0.0
5377	1.0E-4
5378	0.0
5379	0.0
538	1.4396
5380	0.0
5381	0.0
5382	0.0
5383	0.0
5384	0.0
5385	0.0
5386	0.0
5387	0.0
5388	0.0
5389	0.0
539	1.4709
5390	0.0
5391	0.0
5392	0.0
5393	0.0
5394	0.0
5395	0.0
5396	0.0
5397	4.3663
5398	2.2719
5399	1.0611
54	0.4772
540	1.4395
5400	0.6009
5401	0.4716
5402	0.4321
5403	0.4212
5404	0.4178
5405	0.4177
5406	0.4206
5407	0.4321
5408	0.4793
5409	0.6813
541	1.4709
5410	1.3747
5411	3.3744
5412	0.0
5413	0.0
5414	0.0
5415	0.0
5416	0.0
5417	0.0
5418	0.0131
5419	0.0131
542	1.4395
5420	0.0131
5421	0.0
5422	0.0772
5423	0.0772
5424	0.036
5425	0.036
5426	0.01
5427	0.01
5428	0.01
5429	4.0E-4
543	1.4393
5430	4.0E-4
5431	4.0E-4
5432	4.0E-4
5433	4.0E-4
5434	4.0E-4
5435	0.0223
5436	0.001
5437	0.001
5438	0.002
5439	5.0E-4
544	1.4395
5440	5.0E-4
5441	5.0E-4
5442	0.0078
5443	0.0078
5444	7.0E-4
5445	7.0E-4
5446	7.0E-4
5447	0.031
5448	0.031
5449	1.1921
545	1.4854
5450	1.1921
5451	1.1921
5452	1.1921
5453	1.3983
5454	1.2537
5455	1.0565
5456	4.2238
5457	0.7117
5458	0.7117
5459	0.0414
546	1.4395
5460	0.0164
5461	0.0164
5462	0.0164
5463	0.0164
5464	0.0029
5465	0.0029
5466	0.0022
5467	0.0022
5468	1.5326
5469	0.0168
547	0.1485
5470	1.1982
5471	0.0168
5472	6.0E-4
5473	6.0E-4
5474	6.0E-4
5475	6.0E-4
5476	6.0E-4
5477	6.0E-4
5478	6.0E-4
5479	6.0E-4
548	0.0895
5480	0.0015
5481	0.0015
5482	0.0015
5483	0.0714
5484	0.0215
5485	0.0047
5486	0.0015
5487	0.0015
5488	0.0015
5489	0.0015
549	0.0211
5490	0.0039
5491	0.0038
5492	0.0039
5493	0.0038
5494	0.0043
5495	0.0039
5496	0.0039
5497	0.0095
5498	0.0053
5499	0.0053
55	0.4745
550	0.1958
5500	0.0053
5501	0.0053
5502	0.0148
5503	0.0624
5504	0.0624
5505	0.0624
5506	0.013
5507	0.013
5508	0.013
5509	0.0024
551	0.2074
5510	0.0014
5511	0.0013
5512	0.0016
5513	0.0
5514	0.0
5515	0.0
5516	0.0
5517	0.0
5518	0.0
5519	0.0
552	0.1958
5520	0.0
5521	0.0
5522	0.0
5523	3.1507
5524	2.2956
5525	1.043
5526	0.4194
5527	0.2235
5528	0.1654
5529	0.1468
553	0.2059
5530	0.142
5531	0.1416
5532	0.1453
5533	0.1596
5534	0.204
5535	0.3395
5536	0.6981
5537	1.0186
5538	0.0
5539	0.0
554	0.2093
5540	0.0
5541	0.0
5542	0.0
5543	0.0
5544	0.0
5545	0.0
5546	0.0
5547	0.0
5548	0.0
5549	0.0
555	0.2103
5550	0.0
5551	0.0
5552	0.0
5553	0.0
5554	0.0
5555	0.0
5556	0.0
5557	0.0
5558	0.0
5559	0.0
556	0.2103
5560	0.0
5561	0.0
5562	0.0
5563	0.0
5564	0.0
5565	0.0
5566	0.0
5567	0.0
5568	0.0
5569	0.0
557	0.4525
5570	0.0
5571	0.0
5572	0.0
5573	0.0
5574	0.0
5575	0.0
5576	0.0
5577	0.0
5578	0.0
5579	0.0
558	0.1415
5580	0.0
5581	0.0
5582	0.0
5583	0.0
5584	0.0
5585	0.0
5586	0.0
5587	0.0
5588	0.0
5589	0.0
559	0.1415
5590	0.0
5591	0.0
5592	0.0
5593	0.0
5594	0.0
5595	0.0
5596	0.0
5597	0.0
5598	0.0
5599	0.0
56	0.4446
560	0.1415
5600	0.0
5601	0.0
5602	0.0
5603	0.0
5604	0.0
5605	0.0
5606	0.0
5607	0.0
5608	0.0
5609	0.0
561	0.1343
5610	0.0
5611	0.0
5612	0.0
5613	0.0
5614	0.0
5615	0.0
5616	0.0
5617	0.0
5618	0.0
5619	0.0
562	0.1343
5620	0.0
5621	0.0
5622	0.0
5623	0.0
5624	0.0
5625	0.0
5626	0.0
5627	0.0
5628	0.0
5629	0.0
563	0.1343
5630	0.0
5631	0.0
5632	0.0
5633	0.0
5634	0.0
5635	0.0
5636	0.0
5637	0.0
5638	0.0
5639	0.0
564	0.1343
5640	0.0
5641	0.0
5642	0.0
5643	0.0
5644	0.0
5645	0.0
5646	0.0
5647	0.0
5648	0.0
5649	0.0
565	0.1415
5650	0.0
5651	0.0
5652	0.0
5653	0.0
5654	0.0
5655	0.0
5656	0.0
5657	0.0
5658	0.0
5659	0.0
566	0.0026
5660	0.0
5661	0.0
5662	0.0
5663	0.0
5664	0.0
5665	0.0
5666	0.0
5667	0.0
5668	0.0
5669	0.0
567	0.0026
5670	0.0
5671	0.0
5672	0.0
5673	0.0
5674	0.0
5675	0.0
5676	0.0
5677	0.0
5678	0.0
5679	0.0
568	0.0026
5680	0.0
5681	0.0
5682	0.0
5683	0.0
5684	0.0
5685	0.0
5686	0.0
5687	0.0
5688	0.0
5689	0.0
569	0.0058
5690	0.0
5691	0.0
5692	0.0
5693	0.0
5694	0.0
5695	0.0
5696	0.0
5697	0.0
5698	0.0
5699	0.0
57	0.4351
570	0.0026
5700	0.0
5701	0.0
5702	0.0
5703	0.0
5704	0.0
5705	0.0
5706	0.0
5707	0.0
5708	0.0
5709	0.0
571	0.0026
5710	0.0
5711	0.0
5712	0.0
5713	0.0
5714	0.0
5715	0.0
5716	0.0
5717	0.0
5718	0.0
5719	0.0
572	0.0026
5720	0.0
5721	0.0
5722	0.0
5723	0.0
5724	0.0
5725	0.0
5726	0.0
5727	0.0
5728	0.0
5729	0.0
573	0.0026
5730	0.0
5731	0.0
5732	0.0
5733	0.0
5734	0.0
5735	0.0
5736	0.0
5737	0.0
5738	0.0
5739	0.0
574	0.0026
5740	0.0
5741	0.0
5742	0.0
5743	0.0
5744	0.0
5745	0.0
5746	0.0
5747	0.0
5748	0.0
5749	0.0
575	0.0026
5750	0.0
5751	0.0
5752	0.0
5753	0.0
5754	0.0
5755	0.0
5756	0.0
5757	0.0
5758	0.0
5759	0.0
576	0.0026
5760	0.0
5761	0.0
5762	0.0
5763	0.0
5764	0.0
5765	0.0
5766	0.0
5767	0.0
5768	0.0
5769	0.0
577	0.0026
5770	0.0
5771	0.0
5772	0.0
5773	0.0
5774	0.0
5775	0.0
5776	0.0
5777	0.0
5778	0.0
5779	0.0
578	1.2765
5780	0.0
5781	0.0
5782	0.0
5783	0.0
5784	0.0
5785	3.1507
5786	2.2956
5787	1.043
5788	0.4194
5789	0.2234
579	0.1942
5790	0.1654
5791	0.1468
5792	0.142
5793	0.1416
5794	0.1453
5795	0.1596
5796	0.204
5797	0.3396
5798	0.6981
5799	1.0186
58	0.4754
580	0.1942
5800	0.0
5801	0.0
5802	0.0
5803	0.0
5804	0.0
5805	0.0
5806	0.0
5807	0.0
5808	0.0
5809	0.0
581	0.2045
5810	0.0
5811	0.0
5812	0.0
5813	0.0
5814	0.0
5815	0.0129
5816	0.0129
5817	1.0E-4
5818	0.0021
5819	0.0034
582	0.0032
5820	0.7255
5821	0.7255
5822	0.1446
5823	1.462
5824	0.149
5825	0.689
5826	0.6729
5827	0.6729
5828	0.9607
5829	0.6729
583	0.0032
5830	0.6729
5831	0.6729
5832	0.6375
5833	0.6375
5834	0.0444
5835	0.2451
5836	0.2451
5837	0.2451
5838	0.2451
5839	0.2451
584	0.0026
5840	0.2451
5841	0.2451
5842	0.0413
5843	0.0413
5844	0.0025
5845	4.0E-4
5846	4.0E-4
5847	4.0E-4
5848	5.0E-4
5849	4.0E-4
585	0.0032
5850	4.0E-4
5851	4.0E-4
5852	4.0E-4
5853	4.0E-4
5854	4.0E-4
5855	4.0E-4
5856	5.0E-4
5857	4.0E-4
5858	5.0E-4
5859	4.0E-4
586	0.0032
5860	5.0E-4
5861	4.0E-4
5862	5.0E-4
5863	4.0E-4
5864	4.0E-4
5865	4.0E-4
5866	5.0E-4
5867	0.0154
5868	7.0E-4
5869	7.0E-4
587	0.0034
5870	7.0E-4
5871	7.0E-4
5872	7.0E-4
5873	7.0E-4
5874	7.0E-4
5875	0.0017
5876	7.0E-4
5877	1.0434
5878	7.0E-4
5879	7.0E-4
588	0.0026
5880	7.0E-4
5881	7.0E-4
5882	7.0E-4
5883	7.0E-4
5884	7.0E-4
5885	7.0E-4
5886	7.0E-4
5887	7.0E-4
5888	7.0E-4
5889	7.0E-4
589	0.0037
5890	7.0E-4
5891	7.0E-4
5892	1.0E-4
5893	1.0E-4
5894	1.0E-4
5895	1.0E-4
5896	1.0E-4
5897	1.0E-4
5898	1.0E-4
5899	1.0E-4
59	0.4725
590	0.0037
5900	1.0E-4
5901	1.0E-4
5902	1.0E-4
5903	1.0E-4
5904	1.0E-4
5905	1.0E-4
5906	1.0E-4
5907	1.0E-4
5908	1.0E-4
5909	1.0E-4
591	0.0037
5910	1.0E-4
5911	1.0E-4
5912	1.0E-4
5913	0.0
5914	1.0E-4
5915	1.0E-4
5916	1.0E-4
5917	1.0E-4
5918	1.0E-4
5919	0.0
592	0.0037
5920	0.0023
5921	0.0026
5922	0.0941
5923	0.0941
5924	0.0941
5925	0.0941
5926	0.0941
5927	0.0941
5928	0.0941
5929	0.0941
593	6.6678
5930	1.3387
5931	1.3387
5932	1.3387
5933	1.3387
5934	1.3387
5935	1.3387
5936	0.0818
5937	0.0773
5938	0.3448
5939	0.0477
594	0.0037
5940	0.0
5941	0.0
5942	0.0
5943	0.0
5944	0.0
5945	0.0
5946	0.0
5947	1.0E-4
5948	1.0E-4
5949	1.0E-4
595	0.0026
5950	1.0E-4
5951	0.0153
5952	0.0013
5953	0.0014
5954	0.0026
5955	0.4121
5956	1.0573
5957	0.0026
5958	0.0
5959	0.0
596	0.0026
5960	0.0
5961	0.0
5962	0.0
5963	0.0
5964	0.0
5965	0.0
5966	0.0
5967	0.0
5968	0.0
5969	0.0
597	0.0026
5970	0.0
5971	0.0
5972	0.0
5973	0.0
5974	0.0024
5975	0.0122
5976	0.0469
5977	0.0469
5978	0.0045
5979	0.0045
598	0.0296
5980	0.0045
5981	0.0045
5982	0.0045
5983	0.0045
5984	0.0045
5985	0.0045
5986	0.0045
5987	0.0045
5988	0.0045
5989	0.0045
599	0.0149
5990	0.0045
5991	0.0045
5992	0.051
5993	0.0
5994	0.0
5995	0.0
5996	1.0E-4
5997	1.0E-4
5998	1.0E-4
5999	1.0E-4
6	0.0062
60	0.445
600	0.0023
6000	1.0E-4
6001	3.0E-4
6002	3.0E-4
6003	5.0E-4
6004	0.4075
6005	0.4633
6006	1.0E-4
6007	1.0E-4
6008	1.0E-4
6009	1.0E-4
601	0.0023
6010	1.0E-4
6011	1.0E-4
6012	0.1754
602	0.0023
603	0.0023
604	0.0023
605	0.0023
606	0.0023
607	0.0023
608	0.0023
609	0.0023
61	17.3485
610	0.0023
611	0.0343
612	0.0503
613	0.0183
614	0.169
615	0.0176
616	0.0185
617	0.0206
618	0.0206
619	0.0206
62	0.0632
620	0.0418
621	0.1266
622	0.0175
623	0.0174
624	0.0173
625	0.0552
626	0.0552
627	0.0284
628	0.0052
629	0.0052
63	0.423
630	0.1603
631	0.0234
632	0.0
633	0.0
634	0.0
635	0.0
636	0.0
637	0.0
638	0.0
639	0.0
64	0.3355
640	0.0
641	0.0
642	0.0
643	0.0
644	0.0
645	0.0
646	0.0
647	0.0
648	0.0066
649	0.0066
65	0.3624
650	0.0066
651	0.0067
652	0.0066
653	0.0066
654	0.0066
655	0.0066
656	0.0067
657	0.0067
658	0.0
659	0.0
66	0.3361
660	0.0
661	0.0
662	0.0
663	0.0
664	0.0
665	0.0
666	0.0
667	0.0117
668	0.0103
669	0.0262
67	0.3281
670	0.0261
671	0.0231
672	0.0231
673	0.0236
674	0.028
675	0.021
676	0.0211
677	0.0214
678	0.0258
679	0.0
68	0.4243
680	0.0
681	0.0
682	0.0
683	0.0
684	0.0
685	0.0
686	0.0212
687	0.0233
688	0.0233
689	0.0233
69	0.4479
690	0.0
691	0.0
692	0.0
693	0.0
694	0.0
695	0.0
696	0.0
697	0.0
698	0.0
699	0.0
7	0.0696
70	0.3593
700	0.0
701	0.0
702	0.0
703	0.0
704	0.0
705	0.0
706	0.0
707	0.0
708	0.0
709	0.0194
71	0.4715
710	5.0E-4
711	3.0E-4
712	5.0E-4
713	3.0E-4
714	3.0E-4
715	3.0E-4
716	3.0E-4
717	3.0E-4
718	3.0E-4
719	3.0E-4
72	0.5901
720	3.0E-4
721	3.0E-4
722	0.0011
723	3.0E-4
724	0.0011
725	3.0E-4
726	3.0E-4
727	3.0E-4
728	3.0E-4
729	3.0E-4
73	6.7362
730	3.0E-4
731	3.0E-4
732	3.0E-4
733	3.0E-4
734	3.0E-4
735	3.0E-4
736	3.0E-4
737	3.0E-4
738	3.0E-4
739	3.0E-4
74	2.3737
740	3.0E-4
741	3.0E-4
742	3.0E-4
743	3.0E-4
744	3.0E-4
745	5.0E-4
746	3.0E-4
747	3.0E-4
748	3.0E-4
749	3.0E-4
75	1.2674
750	3.0E-4
751	0.0309
752	3.0E-4
753	3.0E-4
754	3.0E-4
755	0.0165
756	0.0165
757	0.0165
758	0.0165
759	0.0165
76	1.4583
760	0.0165
761	0.0165
762	0.0165
763	0.0085
764	0.0084
765	0.0085
766	0.0092
767	0.009
768	0.0065
769	0.0085
77	0.419
770	0.0085
771	0.0
772	0.008
773	0.008
774	0.0076
775	0.0081
776	0.0081
777	0.0076
778	0.0053
779	0.0053
78	1.4708
780	0.008
781	0.008
782	3.0E-4
783	0.0065
784	0.0081
785	0.0081
786	0.0081
787	0.0081
788	0.0075
789	0.0075
79	0.9884
790	0.0075
791	0.0081
792	0.0081
793	0.0081
794	0.0081
795	0.0081
796	0.0076
797	0.0075
798	0.0075
799	0.0075
8	0.0093
80	5.8331
800	0.0065
801	0.0403
802	0.0611
803	0.0584
804	0.0566
805	0.0566
806	0.0566
807	0.0566
808	0.0668
809	0.0668
81	8.3799
810	0.0519
811	0.052
812	0.0519
813	0.0519
814	0.0519
815	0.0519
816	0.0541
817	0.0523
818	0.0672
819	0.0669
82	3.3878
820	0.0669
821	0.0669
822	5.0779
823	0.9818
824	0.113
825	0.0845
826	0.2303
827	0.1988
828	0.8721
829	0.0055
83	2.4767
830	0.0552
831	0.0187
832	0.0187
833	0.0187
834	0.0187
835	0.0187
836	0.0012
837	0.0884
838	0.0535
839	0.0729
84	3.0935
840	0.096
841	0.0569
842	0.0686
843	0.0454
844	0.0454
845	0.0454
846	0.0454
847	0.0454
848	0.0454
849	0.0454
85	0.0493
850	0.0454
851	0.0454
852	0.0454
853	0.0454
854	0.0454
855	0.0454
856	0.0454
857	0.0454
858	0.0454
859	0.0454
86	0.0389
860	0.0454
861	0.0454
862	0.0454
863	0.0454
864	0.0454
865	0.0454
866	0.0454
867	0.0454
868	0.0454
869	0.0555
87	0.047
870	0.0103
871	0.0103
872	0.0142
873	0.0258
874	0.0229
875	0.0087
876	0.0301
877	0.0297
878	0.0297
879	0.0253
88	0.0493
880	0.2508
881	0.0233
882	0.0233
883	0.0233
884	0.0233
885	0.0233
886	0.0233
887	0.0377
888	0.0233
889	6.0E-4
89	0.0399
890	7.0E-4
891	6.0E-4
892	0.4083
893	0.6121
894	0.4083
895	0.4083
896	8.0E-4
897	8.0E-4
898	8.0E-4
899	8.0E-4
9	0.0062
90	0.0519
900	1.0E-4
901	1.0E-4
902	1.0E-4
903	1.0E-4
904	1.0E-4
905	1.0E-4
906	1.0E-4
907	1.0E-4
908	1.0E-4
909	1.0E-4
91	0.0519
910	1.0E-4
911	1.0E-4
912	1.0E-4
913	1.0E-4
914	1.0E-4
915	1.0E-4
916	1.0E-4
917	1.0E-4
918	0.0047
919	1.0E-4
92	0.0691
920	0.0047
921	1.0E-4
922	1.0E-4
923	3.0E-4
924	1.0E-4
925	1.0E-4
926	1.0E-4
927	1.0E-4
928	1.0E-4
929	1.0E-4
93	0.0423
930	1.0E-4
931	4.0E-4
932	1.0E-4
933	1.0E-4
934	1.0E-4
935	2.0E-4
936	2.0E-4
937	2.0E-4
938	7.0E-4
939	3.0E-4
94	3.0E-4
940	3.0E-4
941	3.0E-4
942	3.0E-4
943	0.0926
944	0.0926
945	0.0229
946	0.023
947	0.0082
948	0.0082
949	0.0077
95	3.0E-4
950	0.0082
951	0.0082
952	0.0084
953	0.0093
954	0.0093
955	0.0093
956	0.0095
957	0.017
958	0.0111
959	0.0111
96	3.0E-4
960	0.011
961	0.0111
962	0.0111
963	0.0119
964	0.011
965	0.011
966	0.011
967	0.011
968	0.0148
969	0.0148
97	3.0E-4
970	0.2018
971	0.011
972	0.0123
973	0.0124
974	0.0123
975	0.0123
976	0.0123
977	0.0123
978	0.0123
979	0.0218
98	3.0E-4
980	0.01
981	0.1265
982	0.0106
983	0.0106
984	0.0107
985	0.0117
986	0.0106
987	0.0088
988	0.0088
989	0.0078
99	3.0E-4
990	0.0186
991	0.0747
992	0.0309
993	0.1195
994	0.0186
995	0.7106
996	0.0092
997	0.0092
998	0.0115
999	0.0115
