1	0.0973
10	1.0442
100	2.0E-4
1000	0.0085
1001	0.0085
1002	0.0081
1003	0.0055
1004	0.0063
1005	0.0055
1006	0.0076
1007	0.0075
1008	0.0081
1009	0.0074
101	2.0E-4
1010	0.0068
1011	0.0068
1012	0.007
1013	0.007
1014	0.007
1015	0.0084
1016	0.0083
1017	0.0083
1018	0.0074
1019	0.0075
102	0.0075
1020	0.8212
1021	0.2996
1022	0.0057
1023	3.0E-4
1024	7.0E-4
1025	0.0731
1026	0.0731
1027	0.0164
1028	0.0048
1029	0.0064
103	2.0E-4
1030	0.0082
1031	8.0E-4
1032	1.0E-4
1033	0.0082
1034	0.4471
1035	0.0052
1036	0.0052
1037	0.0052
1038	0.0084
1039	1.0723
104	2.0E-4
1040	1.0723
1041	1.0723
1042	1.0723
1043	1.0723
1044	1.0723
1045	1.0723
1046	1.0723
1047	1.0723
1048	1.0723
1049	1.0723
105	2.0E-4
1050	1.0723
1051	1.0723
1052	1.0723
1053	1.0723
1054	1.0723
1055	1.0723
1056	1.0723
1057	1.0723
1058	1.0723
1059	1.0723
106	2.0278
1060	1.0723
1061	1.0723
1062	1.0723
1063	1.0723
1064	1.0723
1065	1.0723
1066	2.0E-4
1067	2.0E-4
1068	2.0E-4
1069	2.0E-4
107	0.6758
1070	2.0E-4
1071	2.0E-4
1072	2.0E-4
1073	2.0E-4
1074	2.0E-4
1075	2.0E-4
1076	2.0E-4
1077	2.0E-4
1078	2.0E-4
1079	2.0E-4
108	0.3802
1080	2.0E-4
1081	2.0E-4
1082	2.0E-4
1083	2.0E-4
1084	2.0E-4
1085	2.0E-4
1086	2.0E-4
1087	2.0E-4
1088	2.0E-4
1089	2.0E-4
109	0.3467
1090	2.0E-4
1091	2.0E-4
1092	2.0E-4
1093	2.0E-4
1094	2.0E-4
1095	2.0E-4
1096	2.0E-4
1097	7.0E-4
1098	7.0E-4
1099	7.0E-4
11	0.0044
110	0.3467
1100	0.0389
1101	0.045
1102	0.0747
1103	0.0747
1104	0.0747
1105	0.0747
1106	0.0747
1107	0.0747
1108	0.0747
1109	0.0747
111	1.326
1110	0.0747
1111	0.0747
1112	0.0747
1113	0.0747
1114	0.0747
1115	0.0747
1116	0.0747
1117	0.0747
1118	0.0747
1119	0.0747
112	1.3794
1120	0.0747
1121	0.0747
1122	0.0747
1123	0.0747
1124	0.0747
1125	0.0747
1126	0.0747
1127	0.0747
1128	0.0747
1129	0.0747
113	0.5892
1130	0.0747
1131	0.0747
1132	0.0747
1133	0.0747
1134	0.0747
1135	0.0747
1136	0.0747
1137	0.0747
1138	0.0747
1139	0.0747
114	0.351
1140	0.0747
1141	0.0747
1142	0.0747
1143	0.0747
1144	0.0747
1145	0.0747
1146	0.0747
1147	0.0747
1148	0.0747
1149	0.0747
115	0.6387
1150	0.0747
1151	0.0747
1152	0.0747
1153	0.0747
1154	0.0747
1155	0.0747
1156	0.0747
1157	0.0747
1158	0.0747
1159	0.0
116	1.0943
1160	0.0
1161	3.0E-4
1162	0.0
1163	0.0
1164	0.0
1165	0.0
1166	0.0
1167	0.0
1168	0.0
1169	0.0
117	0.4502
1170	0.0
1171	0.0
1172	0.0
1173	0.0
1174	0.0
1175	0.0
1176	0.0
1177	0.001
1178	0.0055
1179	0.0
118	1.1266
1180	0.0
1181	0.0
1182	0.0
1183	0.0
1184	0.0
1185	0.0
1186	0.0
1187	8.0E-4
1188	8.0E-4
1189	8.0E-4
119	2.7237
1190	8.0E-4
1191	7.0E-4
1192	7.0E-4
1193	0.0023
1194	0.0025
1195	0.0024
1196	0.001
1197	0.001
1198	5.0E-4
1199	0.1439
12	0.0058
120	1.2007
1200	5.0E-4
1201	5.0E-4
1202	5.0E-4
1203	5.0E-4
1204	5.0E-4
1205	5.0E-4
1206	5.0E-4
1207	3.0E-4
1208	4.0E-4
1209	4.0E-4
121	1.0963
1210	3.0E-4
1211	3.0E-4
1212	3.0E-4
1213	0.0055
1214	6.0E-4
1215	0.2215
1216	0.3346
1217	0.2215
1218	0.2215
1219	9.0E-4
122	1.2007
1220	9.0E-4
1221	0.0
1222	0.0
1223	0.0
1224	0.0
1225	8.0E-4
1226	8.0E-4
1227	0.0044
1228	0.0044
1229	0.0044
123	1.8856
1230	0.0044
1231	0.0044
1232	0.0044
1233	0.0044
1234	0.0
1235	0.0
1236	0.0
1237	0.0
1238	0.0
1239	0.0
124	1.5658
1240	0.0
1241	0.0
1242	0.0
1243	0.0
1244	0.0
1245	0.0
1246	0.0
1247	0.0
1248	0.0
1249	0.0
125	1.5747
1250	0.0
1251	0.0
1252	0.0
1253	0.0
1254	0.0
1255	0.0
1256	0.0
1257	0.0
1258	0.0
1259	0.0
126	1.5823
1260	0.0
1261	0.0
1262	0.0
1263	0.0
1264	0.0
1265	0.0
1266	0.0
1267	0.0
1268	0.0
1269	0.0055
127	0.4917
1270	0.0055
1271	0.0055
1272	0.0055
1273	0.0055
1274	0.0055
1275	0.0055
1276	0.0055
1277	0.0055
1278	0.0055
1279	0.0048
128	0.4917
1280	0.0048
1281	0.0048
1282	0.0048
1283	0.0048
1284	0.0
1285	0.0
1286	0.0
1287	0.0
1288	0.0135
1289	0.0135
129	0.463
1290	0.0135
1291	0.0205
1292	0.0088
1293	0.0574
1294	0.0574
1295	0.0025
1296	0.0025
1297	0.0
1298	0.0
1299	0.0
13	0.0044
130	0.4381
1300	2.0E-4
1301	0.0
1302	0.0
1303	0.0
1304	0.0
1305	2.0E-4
1306	2.0E-4
1307	2.0E-4
1308	0.0
1309	0.0015
131	0.364
1310	0.0
1311	8.0E-4
1312	3.0E-4
1313	3.0E-4
1314	3.0E-4
1315	3.0E-4
1316	3.0E-4
1317	3.0E-4
1318	3.0E-4
1319	3.0E-4
132	4.5113
1320	3.0E-4
1321	3.0E-4
1322	3.0E-4
1323	3.0E-4
1324	2.0E-4
1325	2.0E-4
1326	2.0E-4
1327	2.0E-4
1328	2.0E-4
1329	2.0E-4
133	0.1503
1330	2.0E-4
1331	2.0E-4
1332	2.0E-4
1333	2.0E-4
1334	2.0E-4
1335	2.0E-4
1336	2.0E-4
1337	2.0E-4
1338	2.0E-4
1339	2.0E-4
134	0.1377
1340	4.0E-4
1341	4.0E-4
1342	0.0014
1343	0.0014
1344	4.0E-4
1345	0.0079
1346	0.0016
1347	0.0016
1348	0.0016
1349	0.0016
135	0.1638
1350	0.0016
1351	0.0016
1352	0.0016
1353	0.0016
1354	0.0016
1355	0.0016
1356	0.0016
1357	0.0016
1358	0.0016
1359	0.0016
136	0.1746
1360	0.0016
1361	0.0016
1362	1.0E-4
1363	0.0221
1364	0.0221
1365	0.0015
1366	0.0015
1367	0.0015
1368	0.0015
1369	0.0015
137	0.1872
1370	0.4607
1371	0.0441
1372	0.0151
1373	0.0197
1374	0.0356
1375	0.0134
1376	0.0084
1377	0.0084
1378	0.0034
1379	0.6577
138	0.2149
1380	0.0032
1381	0.003
1382	0.0019
1383	0.0019
1384	0.0019
1385	0.0019
1386	0.0019
1387	0.0019
1388	0.0019
1389	0.0019
139	0.0499
1390	0.0
1391	2.0E-4
1392	0.0
1393	0.0
1394	0.0
1395	0.0
1396	2.0E-4
1397	2.0E-4
1398	3.0E-4
1399	2.0E-4
14	0.4821
140	0.0477
1400	2.0E-4
1401	2.0E-4
1402	0.0
1403	0.0
1404	0.0
1405	0.0
1406	0.0
1407	0.0
1408	0.015
1409	0.0348
141	0.0439
1410	0.0348
1411	0.0348
1412	0.0348
1413	0.0348
1414	0.0348
1415	0.0348
1416	0.0417
1417	0.0536
1418	0.0348
1419	0.053
142	0.2047
1420	0.053
1421	0.0348
1422	1.0E-4
1423	1.0E-4
1424	1.0E-4
1425	1.0E-4
1426	1.0E-4
1427	1.0E-4
1428	1.0E-4
1429	1.0E-4
143	0.2825
1430	1.0E-4
1431	1.0E-4
1432	1.0E-4
1433	0.011
1434	0.011
1435	0.011
1436	0.011
1437	0.011
1438	3.0E-4
1439	3.0E-4
144	0.0696
1440	0.0013
1441	0.0017
1442	0.0068
1443	0.4233
1444	0.0014
1445	4.0E-4
1446	3.0E-4
1447	3.0E-4
1448	3.0E-4
1449	3.0E-4
145	0.5331
1450	3.0E-4
1451	3.0E-4
1452	3.0E-4
1453	3.0E-4
1454	3.0E-4
1455	3.0E-4
1456	3.0E-4
1457	0.0013
1458	5.0E-4
1459	0.001
146	0.0439
1460	0.0011
1461	0.0103
1462	0.0103
1463	0.0103
1464	0.0103
1465	0.0103
1466	0.0103
1467	1.0309
1468	5.0E-4
1469	0.0044
147	0.0439
1470	0.0044
1471	0.0044
1472	0.0047
1473	4.0E-4
1474	4.0E-4
1475	4.0E-4
1476	4.0E-4
1477	4.0E-4
1478	4.0E-4
1479	4.0E-4
148	0.1945
1480	4.0E-4
1481	4.0E-4
1482	4.0E-4
1483	1.0E-4
1484	1.0E-4
1485	1.0E-4
1486	1.0E-4
1487	0.0027
1488	0.002
1489	0.0027
149	0.06
1490	0.002
1491	0.0016
1492	0.0016
1493	0.0016
1494	0.0021
1495	4.0E-4
1496	4.0E-4
1497	4.0E-4
1498	4.0E-4
1499	0.0016
15	0.0046
150	0.0596
1500	4.0E-4
1501	4.0E-4
1502	0.0016
1503	0.0016
1504	4.0E-4
1505	0.0016
1506	0.0011
1507	0.012
1508	0.0013
1509	2.0E-4
151	0.0629
1510	2.0E-4
1511	2.0E-4
1512	2.0E-4
1513	2.0E-4
1514	2.0E-4
1515	2.0E-4
1516	2.0E-4
1517	4.0E-4
1518	6.0E-4
1519	7.0E-4
152	0.0394
1520	1.0E-4
1521	1.0E-4
1522	1.0E-4
1523	1.0E-4
1524	1.0E-4
1525	1.0E-4
1526	1.0E-4
1527	2.0E-4
1528	2.0E-4
1529	2.0E-4
153	0.065
1530	2.0E-4
1531	1.0E-4
1532	1.0E-4
1533	0.007
1534	0.0
1535	1.0E-4
1536	1.0E-4
1537	3.0E-4
1538	0.4786
1539	0.7496
154	7.0E-4
1540	1.0459
1541	1.0372
1542	0.4786
1543	0.0034
1544	0.0
1545	0.0
1546	0.0
1547	0.0
1548	0.0
1549	0.0
155	0.2554
1550	0.0
1551	0.0
1552	2.0E-4
1553	1.0E-4
1554	1.0E-4
1555	1.0E-4
1556	1.0E-4
1557	1.0E-4
1558	1.0E-4
1559	1.0E-4
156	0.1068
1560	1.0E-4
1561	2.0E-4
1562	2.0E-4
1563	2.0E-4
1564	1.0E-4
1565	0.0
1566	0.0
1567	0.0
1568	0.0
1569	0.0
157	0.2629
1570	0.0
1571	0.0
1572	0.0
1573	0.0
1574	0.0
1575	0.0
1576	0.0
1577	0.0
1578	0.0
1579	0.0
158	0.3067
1580	0.0
1581	0.0
1582	0.0
1583	0.0
1584	0.0
1585	0.0
1586	0.0
1587	0.0
1588	0.0
1589	0.001
159	0.2629
1590	9.0E-4
1591	9.0E-4
1592	0.0
1593	0.0
1594	0.0
1595	0.0
1596	0.0
1597	0.0
1598	0.0
1599	0.0
16	1.874
160	0.282
1600	0.0
1601	0.0
1602	0.0123
1603	0.0123
1604	0.0123
1605	0.0123
1606	0.0123
1607	2.0E-4
1608	0.1066
1609	0.1066
161	0.2708
1610	0.1066
1611	0.1066
1612	0.1066
1613	0.1066
1614	0.0047
1615	0.0047
1616	0.0047
1617	0.0047
1618	0.0047
1619	1.0E-4
162	0.2629
1620	0.1233
1621	0.0933
1622	0.0933
1623	0.0933
1624	0.0933
1625	0.0933
1626	1.0E-4
1627	1.0E-4
1628	1.0E-4
1629	1.0E-4
163	0.2554
1630	1.0E-4
1631	1.0E-4
1632	1.0E-4
1633	1.0E-4
1634	1.0E-4
1635	1.0E-4
1636	1.0E-4
1637	1.0E-4
1638	1.0E-4
1639	0.0
164	0.1549
1640	1.0E-4
1641	1.0E-4
1642	1.0E-4
1643	1.0E-4
1644	1.0E-4
1645	1.0E-4
1646	1.0E-4
1647	1.0E-4
1648	0.0
1649	0.0
165	0.2554
1650	1.0E-4
1651	1.0E-4
1652	1.0E-4
1653	1.0E-4
1654	1.0E-4
1655	1.0E-4
1656	1.0E-4
1657	1.0E-4
1658	1.0E-4
1659	1.0E-4
166	0.27
1660	1.0E-4
1661	1.0E-4
1662	1.0E-4
1663	1.0E-4
1664	1.0E-4
1665	0.2753
1666	0.4176
1667	0.2753
1668	0.2753
1669	0.0166
167	0.2554
1670	0.0166
1671	0.0196
1672	0.0166
1673	0.0166
1674	0.0166
1675	0.0166
1676	0.0166
1677	0.0166
1678	0.703
1679	0.0045
168	0.2237
1680	2.0E-4
1681	3.0E-4
1682	3.0E-4
1683	0.0016
1684	3.0E-4
1685	3.0E-4
1686	3.0E-4
1687	1.0E-4
1688	0.0012
1689	1.0E-4
169	0.2237
1690	1.0E-4
1691	1.0E-4
1692	1.0E-4
1693	1.0E-4
1694	1.0E-4
1695	1.0E-4
1696	2.0E-4
1697	2.0E-4
1698	2.0E-4
1699	2.0E-4
17	0.0047
170	0.2237
1700	1.0E-4
1701	1.0E-4
1702	1.0E-4
1703	1.0E-4
1704	1.0E-4
1705	1.0E-4
1706	1.0E-4
1707	2.0E-4
1708	2.0E-4
1709	2.0E-4
171	0.2244
1710	2.0E-4
1711	2.0E-4
1712	2.0E-4
1713	2.0E-4
1714	2.0E-4
1715	2.0E-4
1716	2.0E-4
1717	2.0E-4
1718	2.0E-4
1719	2.0E-4
172	0.2237
1720	2.0E-4
1721	2.0E-4
1722	2.0E-4
1723	0.0
1724	0.0
1725	0.0
1726	0.0
1727	0.0
1728	0.0
1729	0.0
173	0.219
1730	0.0
1731	0.0
1732	0.0
1733	0.0
1734	0.0
1735	0.0
1736	0.0
1737	2.0E-4
1738	2.0E-4
1739	2.0E-4
174	0.1652
1740	2.0E-4
1741	0.0
1742	0.0
1743	0.0
1744	0.0
1745	0.0
1746	0.0
1747	0.0
1748	0.0
1749	0.0
175	0.2559
1750	1.0E-4
1751	1.0E-4
1752	1.0E-4
1753	1.0E-4
1754	1.0E-4
1755	1.0E-4
1756	1.0E-4
1757	1.0E-4
1758	1.0E-4
1759	1.0E-4
176	0.2799
1760	4.0E-4
1761	5.0E-4
1762	5.0E-4
1763	5.0E-4
1764	0.0026
1765	0.0026
1766	1.0E-4
1767	1.0E-4
1768	1.0E-4
1769	1.0E-4
177	0.1691
1770	1.0E-4
1771	1.0E-4
1772	0.0
1773	0.0
1774	0.0
1775	0.0
1776	0.0
1777	0.0
1778	0.0
1779	0.0
178	0.0514
1780	0.0
1781	0.0
1782	0.0
1783	0.0
1784	0.0
1785	0.0
1786	0.0
1787	0.0
1788	0.0
1789	1.0E-4
179	0.0916
1790	1.0E-4
1791	1.0E-4
1792	1.0E-4
1793	1.0E-4
1794	1.0E-4
1795	1.0E-4
1796	1.0E-4
1797	1.0E-4
1798	1.0E-4
1799	1.0E-4
18	0.0778
180	0.0857
1800	1.0E-4
1801	1.0E-4
1802	1.0E-4
1803	1.0E-4
1804	1.0E-4
1805	1.0E-4
1806	1.0E-4
1807	1.0E-4
1808	1.0E-4
1809	1.0E-4
181	0.0861
1810	1.0E-4
1811	1.0E-4
1812	1.0E-4
1813	1.0E-4
1814	1.0E-4
1815	1.0E-4
1816	1.0E-4
1817	1.0E-4
1818	0.001
1819	0.0053
182	0.057
1820	0.0039
1821	0.0046
1822	0.0039
1823	0.0034
1824	0.0034
1825	0.0034
1826	0.0034
1827	0.0034
1828	0.0034
1829	0.0034
183	0.0857
1830	0.0042
1831	0.0056
1832	0.0034
1833	0.0055
1834	0.0055
1835	0.0034
1836	0.0041
1837	0.002
1838	0.0054
1839	0.0053
184	0.0867
1840	0.0053
1841	0.0045
1842	0.0041
1843	0.0041
1844	0.0041
1845	0.0041
1846	0.0041
1847	0.0041
1848	0.0041
1849	0.0015
185	0.0857
1850	0.0015
1851	0.0019
1852	0.0015
1853	0.0011
1854	1.0E-4
1855	0.0
1856	0.0
1857	0.0
1858	0.0
1859	0.0
186	0.0862
1860	6.0E-4
1861	0.0024
1862	0.0024
1863	0.0027
1864	0.0
1865	0.0
1866	0.0
1867	1.0E-4
1868	1.0E-4
1869	0.0
187	0.0861
1870	2.0E-4
1871	0.4557
1872	1.7487
1873	1.9189
1874	0.4541
1875	2.2671
1876	1.5191
1877	2.2671
1878	2.2873
1879	0.0878
188	0.0857
1880	0.0878
1881	0.0878
1882	0.0878
1883	2.004
1884	0.3549
1885	0.3549
1886	0.3549
1887	0.3549
1888	0.3549
1889	0.3549
189	0.104
1890	0.3549
1891	0.3549
1892	0.3549
1893	0.3549
1894	0.3549
1895	0.3549
1896	0.0
1897	0.0
1898	0.0
1899	0.0
19	0.025
190	0.0024
1900	0.0
1901	0.0
1902	0.0
1903	0.0
1904	0.0
1905	0.0
1906	0.0
1907	0.0
1908	0.0
1909	0.0
191	0.0033
1910	0.0
1911	0.0
1912	0.0
1913	0.0
1914	0.0
1915	0.0
1916	0.0
1917	0.0
1918	0.0
1919	0.0
192	0.2152
1920	0.0
1921	0.0
1922	0.0
1923	0.0
1924	0.0
1925	0.0
1926	0.0
1927	0.0
1928	0.0
1929	0.0
193	1.4105
1930	0.0
1931	0.0
1932	0.0
1933	0.0
1934	0.0
1935	0.0
1936	0.0
1937	0.0
1938	0.0
1939	0.0
194	0.5236
1940	0.0
1941	0.0
1942	0.0
1943	0.0
1944	0.0
1945	0.0
1946	0.0
1947	0.0
1948	0.0
1949	0.0
195	0.7123
1950	0.0
1951	0.0
1952	0.0
1953	0.0
1954	0.0
1955	0.0
1956	0.0
1957	0.0
1958	0.0
1959	0.0
196	0.7108
1960	0.0
1961	0.0
1962	0.0
1963	0.0
1964	0.0
1965	0.0
1966	0.0
1967	0.0
1968	0.0
1969	0.0
197	0.4856
1970	0.0
1971	0.0
1972	0.0
1973	0.0
1974	0.0
1975	0.0
1976	0.0
1977	0.0
1978	0.0
1979	0.0
198	0.5876
1980	0.0
1981	0.0
1982	0.0
1983	0.0
1984	0.0
1985	0.0
1986	0.0
1987	0.0
1988	0.0
1989	0.0
199	0.7081
1990	0.0
1991	0.0
1992	0.0
1993	0.0
1994	0.0
1995	1.0018
1996	0.0
1997	0.0
1998	0.0
1999	0.0
2	17.2573
20	0.0536
200	0.7956
2000	0.0
2001	0.0
2002	0.0
2003	0.0
2004	0.0
2005	0.0
2006	0.0
2007	0.0
2008	0.0
2009	0.0
201	1.4443
2010	0.0
2011	0.0
2012	0.0
2013	0.0
2014	0.0
2015	0.0
2016	0.0
2017	0.0
2018	0.0
2019	0.0
202	1.4782
2020	0.0
2021	0.0
2022	0.0
2023	0.0
2024	0.0
2025	0.0
2026	0.0
2027	0.0
2028	0.0
2029	0.0
203	0.4706
2030	0.0
2031	0.0
2032	0.0
2033	0.0
2034	0.0
2035	0.0
2036	0.0
2037	0.0
2038	0.0
2039	0.0
204	0.6821
2040	0.0
2041	0.0
2042	0.0
2043	0.0
2044	0.0
2045	0.0
2046	0.0
2047	0.0
2048	0.0
2049	0.0
205	0.5482
2050	0.0
2051	0.0
2052	0.0
2053	0.0
2054	0.0
2055	0.0
2056	0.0
2057	0.0
2058	0.0
2059	0.0
206	0.4544
2060	0.0
2061	0.0
2062	0.0
2063	0.0
2064	0.0
2065	0.0
2066	0.0
2067	0.0
2068	0.0
2069	0.0
207	0.0023
2070	0.0
2071	0.0
2072	0.0
2073	0.0
2074	0.0
2075	0.0
2076	0.0
2077	0.0
2078	0.0
2079	0.0
208	0.0024
2080	0.0041
2081	0.0031
2082	0.0041
2083	0.0031
2084	0.0025
2085	0.0032
2086	6.0E-4
2087	6.0E-4
2088	6.0E-4
2089	6.0E-4
209	0.007
2090	0.0025
2091	6.0E-4
2092	6.0E-4
2093	0.0024
2094	0.0024
2095	6.0E-4
2096	0.0025
2097	0.0016
2098	0.0096
2099	0.0019
21	0.0242
210	0.0058
2100	0.6923
2101	0.0043
2102	0.0
2103	0.1628
2104	1.0E-4
2105	0.0
2106	0.0
2107	5.0E-4
2108	5.0E-4
2109	5.0E-4
211	0.1502
2110	5.0E-4
2111	5.0E-4
2112	5.0E-4
2113	5.0E-4
2114	5.0E-4
2115	6.0E-4
2116	5.0E-4
2117	5.0E-4
2118	5.0E-4
2119	5.0E-4
212	0.8866
2120	5.0E-4
2121	5.0E-4
2122	5.0E-4
2123	5.0E-4
2124	5.0E-4
2125	0.0055
2126	0.0055
2127	0.0043
2128	0.0077
2129	0.0043
213	0.8899
2130	0.0043
2131	0.0043
2132	0.0024
2133	0.0024
2134	0.0024
2135	0.0024
2136	0.0024
2137	0.0088
2138	0.0088
2139	0.0103
214	0.8893
2140	0.0088
2141	0.0088
2142	0.0088
2143	0.0088
2144	0.5124
2145	0.6068
2146	0.4976
2147	0.4976
2148	0.5124
2149	5.0E-4
215	0.8764
2150	5.0E-4
2151	5.0E-4
2152	5.0E-4
2153	5.0E-4
2154	5.0E-4
2155	5.0E-4
2156	5.0E-4
2157	5.0E-4
2158	5.0E-4
2159	8.0E-4
216	0.8865
2160	8.0E-4
2161	8.0E-4
2162	8.0E-4
2163	8.0E-4
2164	8.0E-4
2165	8.0E-4
2166	8.0E-4
2167	6.0E-4
2168	6.0E-4
2169	6.0E-4
217	0.893
2170	6.0E-4
2171	0.0153
2172	0.4084
2173	6.0E-4
2174	6.0E-4
2175	6.0E-4
2176	6.0E-4
2177	6.0E-4
2178	6.0E-4
2179	6.0E-4
218	0.5853
2180	6.0E-4
2181	6.0E-4
2182	6.0E-4
2183	6.0E-4
2184	6.0E-4
2185	6.0E-4
2186	6.0E-4
2187	6.0E-4
2188	6.0E-4
2189	6.0E-4
219	0.1591
2190	6.0E-4
2191	6.0E-4
2192	6.0E-4
2193	0.8272
2194	0.8101
2195	0.8101
2196	0.8272
2197	0.8272
2198	0.7752
2199	0.2041
22	0.0044
220	0.1687
2200	0.2041
2201	0.2041
2202	0.2041
2203	0.2041
2204	0.2041
2205	0.2041
2206	0.2041
2207	0.2041
2208	0.2041
2209	8.0E-4
221	0.0054
2210	0.0
2211	1.0E-4
2212	3.0E-4
2213	1.0E-4
2214	1.0E-4
2215	1.0E-4
2216	0.0
2217	0.0
2218	0.0
2219	1.0E-4
222	0.0054
2220	0.0
2221	1.0E-4
2222	2.0E-4
2223	0.0
2224	0.0
2225	1.0E-4
2226	1.0E-4
2227	1.0E-4
2228	1.0E-4
2229	1.0E-4
223	3.0E-4
2230	1.0E-4
2231	0.0
2232	0.0
2233	0.0
2234	0.0
2235	1.0E-4
2236	3.0E-4
2237	1.0E-4
2238	1.0E-4
2239	1.0E-4
224	1.1578
2240	1.0E-4
2241	1.0E-4
2242	1.0E-4
2243	1.0E-4
2244	1.0E-4
2245	1.0E-4
2246	1.0E-4
2247	1.0E-4
2248	1.0E-4
2249	1.0E-4
225	0.0015
2250	0.0
2251	0.0
2252	0.0
2253	0.0
2254	0.0
2255	0.0
2256	0.0
2257	0.0
2258	2.0E-4
2259	1.0E-4
226	0.0016
2260	1.0E-4
2261	1.0E-4
2262	1.0E-4
2263	1.0E-4
2264	1.0E-4
2265	1.0E-4
2266	1.0E-4
2267	1.0E-4
2268	2.0E-4
2269	0.0
227	0.0014
2270	1.0E-4
2271	1.0E-4
2272	1.0E-4
2273	1.0E-4
2274	1.0E-4
2275	1.0E-4
2276	1.0E-4
2277	1.0E-4
2278	1.0E-4
2279	1.0E-4
228	0.0015
2280	1.0E-4
2281	1.0E-4
2282	3.0E-4
2283	3.0E-4
2284	1.0E-4
2285	1.0E-4
2286	1.0E-4
2287	1.0E-4
2288	1.0E-4
2289	1.0E-4
229	0.0022
2290	3.0E-4
2291	1.0E-4
2292	1.0E-4
2293	1.0E-4
2294	1.0E-4
2295	1.0E-4
2296	1.0E-4
2297	1.0E-4
2298	0.0
2299	0.0
23	0.0483
230	0.0015
2300	0.0
2301	0.0
2302	0.0
2303	0.0
2304	0.0
2305	0.0
2306	0.0
2307	0.0
2308	0.0
2309	0.0
231	0.1592
2310	0.0
2311	0.0
2312	0.0
2313	0.0
2314	0.0
2315	0.0
2316	0.0
2317	0.0
2318	0.0
2319	0.0
232	0.1214
2320	0.0
2321	0.0
2322	0.0
2323	0.0
2324	0.0
2325	0.0
2326	0.0
2327	0.0
2328	0.0
2329	0.0
233	0.1214
2330	0.0
2331	0.0
2332	0.0
2333	0.0
2334	0.0
2335	0.0
2336	0.0
2337	0.0
2338	0.0
2339	0.0
234	0.1214
2340	0.0
2341	0.0
2342	0.0
2343	0.0
2344	0.0
2345	0.0
2346	0.0
2347	0.0
2348	0.0
2349	0.0
235	0.1936
2350	0.0
2351	0.0
2352	0.0
2353	0.0
2354	0.0
2355	0.0
2356	0.0
2357	0.0
2358	0.0
2359	0.0
236	0.2077
2360	0.0
2361	0.0
2362	9.0E-4
2363	0.1132
2364	0.0
2365	0.0
2366	0.0
2367	0.0
2368	0.0
2369	0.0
237	0.1214
2370	0.0
2371	0.0
2372	0.0
2373	0.0
2374	0.0
2375	0.0
2376	0.0
2377	0.0
2378	0.0
2379	0.0
238	0.1214
2380	0.0
2381	0.0
2382	0.0
2383	0.0
2384	0.0
2385	0.0
2386	0.0
2387	0.0
2388	0.0
2389	0.0
239	0.1214
2390	0.0
2391	0.0
2392	0.0
2393	0.0
2394	0.0
2395	0.0
2396	0.0
2397	0.0
2398	0.0
2399	0.0
24	0.0048
240	0.2021
2400	0.0
2401	0.0
2402	3.0E-4
2403	0.0
2404	0.0
2405	0.0
2406	0.0
2407	0.0
2408	0.0
2409	0.0
241	0.1262
2410	0.0
2411	0.0
2412	0.0
2413	0.0
2414	0.0
2415	0.0
2416	0.0
2417	1.0E-4
2418	1.0E-4
2419	1.0E-4
242	0.1852
2420	0.0
2421	0.0
2422	0.0
2423	0.0
2424	0.0
2425	0.0
2426	0.0
2427	0.0
2428	0.0
2429	0.0
243	0.1214
2430	0.0
2431	0.0
2432	0.0
2433	0.0
2434	0.0
2435	0.0
2436	0.0
2437	0.0
2438	0.0
2439	0.0
244	0.1821
2440	0.0
2441	0.0
2442	0.0
2443	0.0
2444	0.0
2445	0.0
2446	0.0
2447	0.0
2448	0.0
2449	0.0
245	0.1821
2450	0.0
2451	0.0
2452	0.0106
2453	0.0064
2454	0.0064
2455	0.0027
2456	0.0064
2457	0.0069
2458	0.0064
2459	0.0027
246	0.1655
2460	0.0013
2461	0.0013
2462	0.0013
2463	0.0013
2464	0.0013
2465	0.0013
2466	0.0013
2467	0.0013
2468	0.0013
2469	0.0013
247	0.1214
2470	0.0013
2471	0.0013
2472	0.0013
2473	0.0013
2474	0.0013
2475	0.0013
2476	0.0013
2477	0.0013
2478	0.0013
2479	0.0013
248	0.2755
2480	0.0013
2481	0.0013
2482	0.0075
2483	0.0042
2484	0.0042
2485	0.015
2486	0.015
2487	0.0016
2488	0.0016
2489	0.0016
249	0.763
2490	0.0016
2491	0.0016
2492	0.0016
2493	0.0016
2494	0.0016
2495	0.0016
2496	0.0016
2497	0.0016
2498	0.0016
2499	0.0016
25	0.0044
250	0.1609
2500	0.0016
2501	0.0016
2502	0.0016
2503	0.0016
2504	0.0016
2505	0.0016
2506	0.0016
2507	0.0016
2508	0.0016
2509	0.0016
251	0.1682
2510	0.0
2511	0.0
2512	0.0
2513	0.0
2514	0.0
2515	0.0
2516	0.0
2517	0.0
2518	0.0
2519	0.0
252	0.3827
2520	0.0
2521	0.0
2522	0.0
2523	0.0
2524	0.0
2525	0.0
2526	0.0
2527	0.0
2528	0.0
2529	0.0
253	0.1287
2530	0.0
2531	0.0
2532	0.0
2533	0.0
2534	0.0
2535	3.0E-4
2536	0.1152
2537	0.2517
2538	0.2517
2539	0.1152
254	0.2269
2540	4.0E-4
2541	4.0E-4
2542	4.0E-4
2543	4.0E-4
2544	1.0E-4
2545	1.0E-4
2546	2.0E-4
2547	3.0E-4
2548	3.0E-4
2549	3.0E-4
255	0.2918
2550	3.0E-4
2551	1.0186
2552	1.0186
2553	1.0186
2554	1.0186
2555	1.0E-4
2556	1.0E-4
2557	1.0E-4
2558	1.0E-4
2559	1.0E-4
256	0.2699
2560	1.0E-4
2561	1.0E-4
2562	1.0E-4
2563	4.0E-4
2564	0.0
2565	0.0
2566	0.0
2567	0.0
2568	0.0
2569	0.0
257	0.3375
2570	0.0
2571	0.0
2572	0.0
2573	0.0
2574	0.0
2575	0.0
2576	0.0
2577	0.0
2578	0.0
2579	0.0
258	0.7725
2580	0.0
2581	0.0
2582	0.0
2583	0.0
2584	0.0
2585	0.0
2586	1.0E-4
2587	1.0E-4
2588	0.0021
2589	4.0E-4
259	0.7725
2590	4.0E-4
2591	4.0E-4
2592	4.0E-4
2593	4.0E-4
2594	4.0E-4
2595	4.0E-4
2596	4.0E-4
2597	4.0E-4
2598	0.0014
2599	1.0E-4
26	0.7628
260	0.7725
2600	1.0E-4
2601	1.0E-4
2602	1.0E-4
2603	1.0E-4
2604	0.0
2605	0.0
2606	0.0
2607	0.0
2608	0.0
2609	0.0
261	0.0714
2610	0.0
2611	0.0
2612	0.0
2613	0.0
2614	0.0
2615	0.0
2616	0.0
2617	0.0
2618	0.0
2619	0.0
262	0.0782
2620	0.0
2621	0.0
2622	0.0
2623	0.0
2624	0.0
2625	0.0
2626	0.0
2627	0.0
2628	0.0
2629	0.0
263	0.0742
2630	0.0
2631	0.0
2632	0.0
2633	0.0
2634	0.0
2635	0.0
2636	0.0
2637	0.0
2638	0.0
2639	0.0
264	0.0836
2640	0.0
2641	0.0
2642	0.0
2643	0.0
2644	0.0
2645	0.0
2646	0.0
2647	0.0
2648	0.0
2649	0.0
265	0.0757
2650	0.0
2651	0.0
2652	0.0
2653	0.0
2654	0.0
2655	0.0
2656	0.0
2657	0.0
2658	0.0
2659	0.0
266	0.075
2660	0.0
2661	0.0
2662	0.0
2663	1.0E-4
2664	1.0E-4
2665	1.0E-4
2666	1.0E-4
2667	0.0
2668	0.0
2669	0.0
267	0.0807
2670	0.0
2671	1.0699
2672	1.0699
2673	1.0699
2674	1.0699
2675	1.0699
2676	2.0E-4
2677	0.0
2678	0.0
2679	0.0
268	0.079
2680	0.0
2681	0.0
2682	0.0
2683	0.0
2684	0.0
2685	0.0
2686	0.0
2687	0.0
2688	0.0
2689	0.0
269	0.0742
2690	0.0
2691	0.0
2692	0.0
2693	0.0
2694	0.0
2695	0.0
2696	0.0
2697	0.0
2698	0.0
2699	0.0
27	10.0577
270	0.0822
2700	0.0
2701	0.0
2702	0.0
2703	0.0
2704	0.0
2705	0.0
2706	0.0
2707	0.0
2708	0.0
2709	0.0
271	0.0695
2710	0.0
2711	0.0
2712	0.0
2713	0.0
2714	0.0
2715	0.0
2716	0.0
2717	0.0
2718	0.0
2719	0.0
272	0.0796
2720	0.0
2721	0.0
2722	0.0
2723	0.0
2724	0.0
2725	0.0
2726	0.0
2727	1.0E-4
2728	0.0
2729	0.0
273	0.0749
2730	0.0
2731	0.0
2732	0.0
2733	0.0
2734	0.0
2735	0.1422
2736	1.0E-4
2737	0.0015
2738	0.0015
2739	0.0015
274	0.0702
2740	0.0015
2741	0.0015
2742	0.0015
2743	0.0015
2744	0.0015
2745	0.0015
2746	0.0015
2747	0.0015
2748	1.0E-4
2749	1.0E-4
275	0.0774
2750	1.0E-4
2751	1.0E-4
2752	1.0E-4
2753	0.0105
2754	1.0E-4
2755	1.0E-4
2756	1.0E-4
2757	1.0E-4
2758	1.0E-4
2759	1.0E-4
276	0.0872
2760	1.0E-4
2761	1.0E-4
2762	1.0E-4
2763	0.002
2764	0.002
2765	0.002
2766	0.002
2767	0.002
2768	0.002
2769	0.002
277	0.0759
2770	0.002
2771	0.356
2772	0.356
2773	0.356
2774	0.356
2775	0.356
2776	0.356
2777	0.356
2778	0.356
2779	0.356
278	0.0809
2780	0.356
2781	0.356
2782	0.356
2783	0.0
2784	1.0E-4
2785	1.0E-4
2786	7.0E-4
2787	0.0035
2788	0.0035
2789	1.0E-4
279	0.0747
2790	1.0E-4
2791	1.0E-4
2792	1.0E-4
2793	1.0E-4
2794	1.0E-4
2795	1.0E-4
2796	1.0E-4
2797	1.0E-4
2798	0.0013
2799	0.0
28	7.6449
280	0.1207
2800	0.0
2801	0.0
2802	0.0
2803	0.0
2804	0.0
2805	0.0
2806	0.0
2807	0.0
2808	0.0
2809	0.0
281	0.0749
2810	0.0
2811	0.0
2812	0.0
2813	0.0
2814	0.0
2815	0.0
2816	0.0
2817	0.0
2818	0.0
2819	0.0
282	0.077
2820	0.0
2821	0.0
2822	0.0
2823	0.0
2824	0.0
2825	0.0
2826	0.0
2827	0.0
2828	0.0
2829	0.0
283	0.075
2830	0.0
2831	0.0
2832	0.0
2833	0.0
2834	0.0
2835	0.0
2836	0.0
2837	0.0
2838	0.0
2839	0.0
284	0.0758
2840	0.0
2841	0.0
2842	0.0
2843	0.0
2844	0.0
2845	0.0
2846	0.0
2847	0.0
2848	0.0
2849	0.0
285	0.0752
2850	0.0
2851	0.0
2852	0.0
2853	0.0
2854	0.0
2855	0.0
2856	0.0
2857	0.0
2858	0.0
2859	0.0
286	0.0742
2860	0.0
2861	0.0
2862	0.0
2863	0.0
2864	0.0
2865	0.0
2866	0.0
2867	0.0
2868	0.0
2869	0.0
287	0.0742
2870	0.0
2871	0.0
2872	0.0
2873	0.0
2874	0.0
2875	0.0
2876	0.0
2877	0.0
2878	0.0
2879	0.0
288	0.0761
2880	0.0
2881	0.0
2882	0.0
2883	0.0
2884	0.0
2885	0.0
2886	0.0
2887	0.0
2888	0.0
2889	0.0
289	0.075
2890	0.0
2891	0.0
2892	0.0
2893	0.0
2894	0.0
2895	0.0
2896	0.0
2897	0.0
2898	0.0
2899	0.0
29	7.755
290	0.0754
2900	0.0
2901	0.0
2902	0.0
2903	0.0
2904	0.0
2905	0.0
2906	0.0
2907	0.0
2908	0.0
2909	0.0
291	0.0768
2910	0.0
2911	0.0
2912	0.0
2913	0.0
2914	0.0
2915	0.0
2916	0.0
2917	0.0
2918	0.0
2919	0.0
292	0.0764
2920	0.0
2921	0.0
2922	0.0
2923	0.0
2924	0.0
2925	0.0
2926	0.0
2927	0.0
2928	0.0
2929	0.0
293	0.0754
2930	0.0
2931	0.0
2932	0.0
2933	0.0
2934	0.0
2935	0.0
2936	0.0
2937	0.0
2938	0.0
2939	0.0
294	0.104
2940	0.0
2941	0.0
2942	0.0
2943	0.0
2944	0.0
2945	0.0
2946	0.0
2947	0.0
2948	0.0
2949	0.0
295	0.1042
2950	0.0
2951	0.0
2952	0.0
2953	0.0
2954	0.0
2955	0.0
2956	0.0
2957	0.0
2958	0.0
2959	0.0
296	0.1037
2960	0.0
2961	0.0
2962	0.0
2963	0.0
2964	0.0
2965	0.0
2966	0.0
2967	0.0
2968	0.0
2969	0.0
297	0.1082
2970	0.0
2971	0.0
2972	0.0
2973	0.0
2974	0.0
2975	0.0
2976	0.0
2977	0.0
2978	0.0
2979	0.0
298	0.1084
2980	0.0
2981	0.0
2982	0.0
2983	0.0058
2984	7.0E-4
2985	7.0E-4
2986	7.0E-4
2987	7.0E-4
2988	7.0E-4
2989	7.0E-4
299	0.1037
2990	0.0012
2991	7.0E-4
2992	7.0E-4
2993	7.0E-4
2994	3.0E-4
2995	7.0E-4
2996	8.0E-4
2997	7.0E-4
2998	3.0E-4
2999	1.0E-4
3	0.0079
30	2.0362
300	0.3809
3000	1.0E-4
3001	1.0E-4
3002	1.0E-4
3003	1.0E-4
3004	1.0E-4
3005	1.0E-4
3006	1.0E-4
3007	1.0E-4
3008	1.0E-4
3009	1.0E-4
301	0.1037
3010	1.0E-4
3011	1.0E-4
3012	1.0E-4
3013	1.0E-4
3014	1.0E-4
3015	1.0E-4
3016	1.0E-4
3017	1.0E-4
3018	1.0E-4
3019	1.0E-4
302	0.2661
3020	1.0E-4
3021	2.0E-4
3022	1.0E-4
3023	1.0E-4
3024	1.0E-4
3025	1.0E-4
3026	9.0E-4
3027	9.0E-4
3028	5.0E-4
3029	5.0E-4
303	0.362
3030	0.0018
3031	0.0018
3032	2.0E-4
3033	2.0E-4
3034	2.0E-4
3035	2.0E-4
3036	2.0E-4
3037	2.0E-4
3038	2.0E-4
3039	2.0E-4
304	0.0048
3040	2.0E-4
3041	2.0E-4
3042	2.0E-4
3043	2.0E-4
3044	2.0E-4
3045	2.0E-4
3046	2.0E-4
3047	2.0E-4
3048	2.0E-4
3049	2.0E-4
305	0.0112
3050	2.0E-4
3051	2.0E-4
3052	2.0E-4
3053	2.0E-4
3054	2.0E-4
3055	0.0025
3056	0.0018
3057	0.0025
3058	0.0018
3059	4.0E-4
306	0.0118
3060	4.0E-4
3061	4.0E-4
3062	4.0E-4
3063	4.0E-4
3064	4.0E-4
3065	0.0015
3066	0.0015
3067	4.0E-4
3068	0.001
3069	4.0E-4
307	0.0126
3070	4.0E-4
3071	4.0E-4
3072	4.0E-4
3073	4.0E-4
3074	4.0E-4
3075	4.0E-4
3076	4.0E-4
3077	4.0E-4
3078	3.0E-4
3079	3.0E-4
308	0.0062
3080	3.0E-4
3081	3.0E-4
3082	3.0E-4
3083	3.0E-4
3084	3.0E-4
3085	3.0E-4
3086	3.0E-4
3087	3.0E-4
3088	0.4244
3089	1.6671
309	0.6505
3090	0.1474
3091	0.1474
3092	0.1474
3093	0.1474
3094	0.1503
3095	0.2979
3096	0.1474
3097	0.1627
3098	0.2614
3099	0.2438
31	1.1031
310	0.5453
3100	0.2438
3101	0.2438
3102	0.1634
3103	0.1634
3104	0.181
3105	0.2438
3106	0.2438
3107	0.2487
3108	0.2438
3109	0.3066
311	0.5477
3110	0.2438
3111	0.8421
3112	0.2287
3113	0.228
3114	0.0386
3115	0.0437
3116	0.0386
3117	0.0455
3118	0.0386
3119	0.2155
312	0.5733
3120	0.0411
3121	0.0
3122	0.0
3123	0.0
3124	0.0
3125	0.0
3126	0.0
3127	0.0
3128	0.0
3129	1.0063
313	0.5453
3130	7.0E-4
3131	7.0E-4
3132	7.0E-4
3133	6.0E-4
3134	6.0E-4
3135	6.0E-4
3136	6.0E-4
3137	6.0E-4
3138	6.0E-4
3139	0.0021
314	0.5453
3140	0.3557
3141	0.3557
3142	0.3557
3143	0.3557
3144	0.3557
3145	0.3557
3146	0.3557
3147	0.3557
3148	0.3557
3149	0.3557
315	0.5453
3150	0.3557
3151	0.3557
3152	5.0E-4
3153	2.0E-4
3154	2.0E-4
3155	2.0E-4
3156	0.0043
3157	7.0E-4
3158	4.0E-4
3159	6.0E-4
316	0.5453
3160	4.0E-4
3161	7.0E-4
3162	4.0E-4
3163	0.152
3164	0.0236
3165	4.0E-4
3166	4.0E-4
3167	0.0018
3168	0.0018
3169	0.004
317	0.5453
3170	0.0897
3171	0.0911
3172	0.0911
3173	0.0897
3174	2.0E-4
3175	2.0E-4
3176	2.0E-4
3177	0.0147
3178	0.0147
3179	0.0147
318	0.5453
3180	0.0193
3181	0.1901
3182	2.3879
3183	0.0217
3184	1.4308
3185	0.0147
3186	3.925
3187	0.0212
3188	2.3877
3189	0.4599
319	0.5453
3190	0.4599
3191	0.0196
3192	0.0147
3193	0.0147
3194	0.0147
3195	0.0147
3196	0.2406
3197	0.0
3198	0.0
3199	0.0
32	1.8561
320	0.6595
3200	0.0
3201	0.0
3202	0.0
3203	0.0
3204	0.0
3205	0.0
3206	0.0
3207	0.0
3208	0.0
3209	0.0
321	0.062
3210	0.0
3211	0.0
3212	0.0
3213	0.0
3214	0.0
3215	0.0
3216	0.0
3217	0.0
3218	0.0
3219	0.0
322	0.0624
3220	8.9632
3221	6.8957
3222	2.0776
3223	4.8285
3224	7.5845
3225	3.6808
3226	6.2063
3227	11.9523
3228	5.5174
3229	3.2222
323	0.0624
3230	0.0
3231	0.0
3232	0.0
3233	1.0E-4
3234	1.0E-4
3235	1.0E-4
3236	0.0
3237	0.0
3238	3.0E-4
3239	2.0E-4
324	0.0178
3240	2.0E-4
3241	0.0
3242	0.0
3243	0.0
3244	0.0
3245	0.0
3246	0.0
3247	0.0
3248	0.0
3249	0.0
325	0.0179
3250	0.0
3251	0.0
3252	0.0
3253	0.0
3254	0.0
3255	0.0
3256	0.0
3257	0.0
3258	0.0
3259	0.0
326	0.0179
3260	0.0
3261	0.0
3262	0.0
3263	0.0
3264	0.0
3265	0.0
3266	0.0
3267	0.0
3268	0.0
3269	0.0
327	0.0179
3270	0.0
3271	0.0
3272	0.0
3273	0.0
3274	3.6371
3275	0.0
3276	0.0
3277	0.0
3278	0.0
3279	0.0
328	0.0179
3280	0.0
3281	0.0
3282	0.0
3283	0.0
3284	0.0
3285	0.0
3286	0.0
3287	0.0
3288	0.0
3289	0.0
329	0.0179
3290	0.0
3291	0.0
3292	0.0
3293	0.0
3294	0.0
3295	0.0
3296	0.0
3297	0.0
3298	0.0
3299	0.0
33	2.3033
330	0.0179
3300	0.0018
3301	0.0018
3302	0.0018
3303	6.0E-4
3304	6.0E-4
3305	6.0E-4
3306	6.0E-4
3307	6.0E-4
3308	6.0E-4
3309	6.0E-4
331	0.0546
3310	6.0E-4
3311	6.0E-4
3312	6.0E-4
3313	4.0E-4
3314	4.0E-4
3315	4.0E-4
3316	4.0E-4
3317	4.0E-4
3318	4.0E-4
3319	5.0E-4
332	0.0634
3320	5.0E-4
3321	5.0E-4
3322	0.0156
3323	0.0156
3324	0.0156
3325	0.0156
3326	0.0156
3327	0.0156
3328	0.0156
3329	0.0
333	0.0047
3330	0.0
3331	0.0
3332	0.0
3333	0.0
3334	0.0
3335	0.0
3336	0.0
3337	0.0
3338	0.0
3339	0.0
334	0.1058
3340	0.0
3341	0.0
3342	0.0
3343	0.0
3344	0.0
3345	0.0
3346	0.0
3347	0.0
3348	0.0
3349	0.0
335	0.1058
3350	0.0
3351	1.0E-4
3352	1.0E-4
3353	1.0E-4
3354	1.0E-4
3355	1.0E-4
3356	0.0
3357	0.0
3358	0.0
3359	0.0
336	0.1058
3360	0.0
3361	0.0
3362	0.0
3363	0.0
3364	0.0
3365	0.0
3366	0.0
3367	0.0
3368	0.0
3369	0.0
337	0.4135
3370	0.0
3371	0.0
3372	0.0
3373	0.0
3374	0.0
3375	0.0
3376	0.0
3377	0.0
3378	0.0
3379	0.0
338	0.4135
3380	0.0
3381	0.0
3382	0.0
3383	0.0
3384	0.0
3385	0.0
3386	0.0
3387	0.0
3388	0.0
3389	0.0
339	0.4135
3390	0.0
3391	0.0
3392	0.0
3393	0.0
3394	0.0
3395	0.0
3396	0.0
3397	0.0
3398	0.0
3399	0.0
34	1.1401
340	0.0015
3400	0.0
3401	0.0
3402	0.0
3403	0.0
3404	0.0
3405	0.0
3406	0.0
3407	0.0
3408	0.0
3409	0.0
341	0.0068
3410	0.0
3411	0.0
3412	0.0
3413	0.0
3414	0.0
3415	0.0
3416	0.0
3417	0.0
3418	0.0
3419	0.0
342	3.0E-4
3420	0.0
3421	0.0
3422	0.0
3423	0.0
3424	0.0
3425	0.0
3426	0.0
3427	0.0
3428	0.0
3429	0.0
343	3.0E-4
3430	0.0
3431	0.0
3432	0.0
3433	0.0
3434	0.0
3435	0.0
3436	0.0
3437	0.0
3438	0.0
3439	0.0
344	0.0056
3440	0.0
3441	0.0
3442	0.0
3443	0.0
3444	0.0
3445	0.0
3446	0.0
3447	0.0
3448	0.0
3449	0.0
345	2.0E-4
3450	0.0
3451	0.0
3452	0.0
3453	0.0
3454	0.0
3455	0.0
3456	0.0
3457	0.0
3458	0.0
3459	0.0
346	2.0E-4
3460	0.0
3461	0.0
3462	0.0
3463	0.0
3464	0.0
3465	0.0
3466	0.0
3467	0.0
3468	0.0
3469	0.0
347	2.0E-4
3470	0.0
3471	0.0
3472	0.0
3473	0.0
3474	0.0
3475	0.0
3476	0.0
3477	0.0
3478	0.0
3479	1.0698
348	4.0E-4
3480	1.0698
3481	1.0698
3482	1.0698
3483	1.0698
3484	1.0698
3485	1.0698
3486	1.0698
3487	1.0698
3488	1.0698
3489	0.0
349	2.0E-4
3490	0.0
3491	0.0
3492	0.0
3493	0.0
3494	0.0
3495	0.0
3496	0.0
3497	0.0
3498	0.0
3499	0.0
35	1.3074
350	2.0E-4
3500	0.0
3501	0.0
3502	0.0
3503	0.0
3504	0.0
3505	0.0
3506	0.0
3507	0.0
3508	0.0
3509	0.0
351	2.0E-4
3510	0.0
3511	0.0056
3512	0.0416
3513	1.0E-4
3514	1.0154
3515	6.0E-4
3516	6.0E-4
3517	3.0E-4
3518	3.0E-4
3519	3.0E-4
352	2.0E-4
3520	0.0
3521	0.0
3522	0.0
3523	0.0
3524	0.0
3525	0.0
3526	0.0
3527	0.0
3528	0.0
3529	0.0
353	2.0E-4
3530	0.0
3531	0.0
3532	1.0E-4
3533	0.0
3534	1.0E-4
3535	0.0
3536	0.0
3537	0.0
3538	0.0
3539	0.0
354	2.0E-4
3540	0.0
3541	0.0
3542	0.0
3543	0.0
3544	0.0
3545	0.0
3546	0.0
3547	0.0
3548	0.0
3549	0.0
355	2.0E-4
3550	0.0
3551	0.0
3552	0.0
3553	0.0
3554	0.0
3555	0.0
3556	0.0
3557	0.0
3558	0.0
3559	0.0
356	1.3195
3560	0.0
3561	0.0
3562	0.0
3563	0.0
3564	1.0E-4
3565	1.0E-4
3566	1.0E-4
3567	1.0E-4
3568	1.0E-4
3569	1.0E-4
357	1.202
3570	1.0E-4
3571	1.0E-4
3572	1.0E-4
3573	1.0E-4
3574	1.0E-4
3575	1.0E-4
3576	1.0E-4
3577	1.0E-4
3578	1.0E-4
3579	1.0E-4
358	0.2828
3580	1.0E-4
3581	1.0E-4
3582	1.0E-4
3583	0.0014
3584	0.6931
3585	0.7996
3586	1.0512
3587	0.7996
3588	0.018
3589	0.018
359	0.4267
3590	0.0242
3591	0.032
3592	0.032
3593	0.032
3594	0.0402
3595	0.0402
3596	0.0402
3597	0.0256
3598	0.0402
3599	0.0402
36	2.9769
360	0.2828
3600	0.5559
3601	0.0268
3602	0.1728
3603	0.0375
3604	0.0385
3605	0.1311
3606	0.1311
3607	0.0081
3608	0.0198
3609	0.0081
361	0.2828
3610	0.0198
3611	0.0121
3612	0.0121
3613	0.0842
3614	0.0198
3615	0.0669
3616	0.0875
3617	0.0164
3618	0.0164
3619	0.0164
362	1.0899
3620	0.0164
3621	0.0164
3622	0.0164
3623	0.0164
3624	0.037
3625	0.0164
3626	0.0329
3627	0.0206
3628	0.0206
3629	0.0206
363	0.0089
3630	0.0206
3631	0.0206
3632	0.0206
3633	0.0206
3634	0.0262
3635	0.0262
3636	0.0262
3637	0.0415
3638	0.0094
3639	0.0094
364	0.0089
3640	0.0094
3641	0.0094
3642	0.0094
3643	2.1543
3644	2.1543
3645	2.02
3646	2.02
3647	2.02
3648	2.02
3649	0.0051
365	0.0141
3650	0.0051
3651	0.0051
3652	0.0051
3653	0.0051
3654	0.0051
3655	0.0051
3656	0.0051
3657	0.0051
3658	0.0051
3659	0.0172
366	0.0089
3660	0.0083
3661	0.0083
3662	0.0083
3663	0.0083
3664	0.3976
3665	0.0
3666	0.0
3667	0.0
3668	0.0
3669	0.0
367	0.0089
3670	0.0
3671	0.0
3672	0.0
3673	0.0
3674	0.0
3675	0.0
3676	0.0
3677	0.0
3678	0.0
3679	0.0
368	0.0089
3680	0.0
3681	0.0
3682	0.0
3683	0.0
3684	0.0
3685	0.0
3686	0.0
3687	0.0
3688	0.0
3689	0.0
369	0.8056
3690	0.0
3691	0.0
3692	0.0
3693	0.0
3694	0.0
3695	0.0
3696	0.0
3697	0.0
3698	0.0
3699	0.0
37	14.0605
370	2.0E-4
3700	0.0
3701	1.0E-4
3702	0.041
3703	2.0E-4
3704	9.0E-4
3705	0.0035
3706	0.0019
3707	8.0E-4
3708	8.0E-4
3709	5.0E-4
371	6.0E-4
3710	4.0E-4
3711	8.0E-4
3712	4.0E-4
3713	7.0E-4
3714	7.0E-4
3715	7.0E-4
3716	3.0E-4
3717	3.0E-4
3718	2.0E-4
3719	2.0E-4
372	2.0E-4
3720	2.0E-4
3721	1.0E-4
3722	1.0E-4
3723	1.0E-4
3724	1.0E-4
3725	1.0E-4
3726	3.0E-4
3727	3.0E-4
3728	3.0E-4
3729	1.1839
373	2.0E-4
3730	1.0E-4
3731	1.0E-4
3732	1.0E-4
3733	0.0318
3734	0.1368
3735	0.0339
3736	0.0318
3737	0.0024
3738	0.0078
3739	0.009
374	2.0E-4
3740	0.0201
3741	0.0051
3742	1.6899
3743	0.0024
3744	0.0024
3745	0.0024
3746	0.0024
3747	0.0024
3748	8.0E-4
3749	0.0012
375	2.0E-4
3750	8.0E-4
3751	0.0027
3752	0.0027
3753	0.0027
3754	0.0027
3755	0.0027
3756	0.0027
3757	0.0027
3758	0.0027
3759	0.0094
376	2.0E-4
3760	0.0094
3761	0.0094
3762	0.0553
3763	0.0553
3764	0.0553
3765	0.0553
3766	1.3644
3767	1.3644
3768	0.0046
3769	0.0046
377	3.0E-4
3770	0.0046
3771	0.0046
3772	0.0046
3773	1.4215
3774	1.4215
3775	1.4215
3776	1.4215
3777	0.0062
3778	0.0062
3779	0.0062
378	2.0E-4
3780	0.0062
3781	0.9104
3782	1.2197
3783	0.9104
3784	0.9104
3785	0.9104
3786	0.9104
3787	0.0048
3788	0.0058
3789	1.243
379	2.0E-4
3790	1.243
3791	1.243
3792	0.1864
3793	0.1864
3794	0.1864
3795	0.1864
3796	0.1864
3797	0.1864
3798	0.1864
3799	0.1864
38	12.958
380	2.0E-4
3800	0.0
3801	0.0
3802	0.0
3803	0.0
3804	0.0
3805	0.0
3806	0.0
3807	0.0
3808	3.6371
3809	0.0
381	2.0E-4
3810	0.0
3811	0.0
3812	0.0
3813	0.0
3814	0.0
3815	0.0
3816	0.0
3817	0.0
3818	0.0
3819	0.0
382	0.011
3820	0.0
3821	0.0
3822	0.0
3823	0.0
3824	0.0
3825	0.0
3826	0.0
3827	0.0
3828	0.0
3829	0.0
383	0.011
3830	0.0
3831	0.0
3832	0.0
3833	0.0
3834	10.4555
3835	5.0007
3836	1.9572
3837	0.8365
3838	0.5146
3839	0.418
384	0.0207
3840	0.3896
3841	0.3806
3842	0.3781
3843	0.3773
3844	0.3771
3845	0.377
3846	0.377
3847	0.377
3848	0.377
3849	0.377
385	0.0207
3850	0.377
3851	0.377
3852	0.377
3853	0.377
3854	0.377
3855	0.377
3856	0.377
3857	0.377
3858	0.377
3859	0.377
386	0.0207
3860	0.377
3861	0.377
3862	0.377
3863	0.377
3864	0.3771
3865	0.3772
3866	0.3779
3867	0.3801
3868	0.3882
3869	0.4173
387	0.0461
3870	0.5315
3871	1.0179
3872	2.7666
3873	7.9768
3874	0.2192
3875	8.0897
3876	3.9379
3877	1.5964
3878	0.7286
3879	0.479
388	0.0124
3880	0.4041
3881	0.382
3882	0.3751
3883	0.3731
3884	0.3724
3885	0.3723
3886	0.3722
3887	0.3722
3888	0.3722
3889	0.3722
389	0.028
3890	0.3722
3891	0.3722
3892	0.3722
3893	0.3722
3894	0.3722
3895	0.3722
3896	0.3722
3897	0.3724
3898	0.3729
3899	0.3746
39	3.3689
390	4.0E-4
3900	0.3809
3901	0.4035
3902	0.4921
3903	0.8691
3904	2.2108
3905	6.1797
3906	0.2163
3907	2.5585
3908	1.4281
3909	0.7229
391	0.0058
3910	0.4469
3911	0.3687
3912	0.3517
3913	0.3731
3914	0.4921
3915	0.8854
3916	1.9753
3917	0.1909
3918	5.7218
3919	2.871
392	4.0E-4
3920	1.2314
3921	0.6167
3922	0.4396
3923	0.3864
3924	0.3707
3925	0.3657
3926	0.3643
3927	0.3638
3928	0.3637
3929	0.3637
393	4.0E-4
3930	0.3637
3931	0.3638
3932	0.3642
3933	0.3654
3934	0.3699
3935	0.386
3936	0.4489
3937	0.7165
3938	1.6512
3939	4.3808
394	4.0E-4
3940	0.211
3941	8.878
3942	4.2923
3943	1.7169
3944	0.7648
3945	0.4911
3946	0.409
3947	0.3848
3948	0.3772
3949	0.375
395	4.0E-4
3950	0.3743
3951	0.3741
3952	0.374
3953	0.374
3954	0.374
3955	0.374
3956	0.374
3957	0.374
3958	0.374
3959	0.374
396	4.0E-4
3960	0.374
3961	0.374
3962	0.374
3963	0.374
3964	0.374
3965	0.3741
3966	0.3743
3967	0.3748
3968	0.3767
3969	0.3836
397	4.0E-4
3970	0.4084
3971	0.5055
3972	0.919
3973	2.3963
3974	6.7786
3975	0.2174
3976	4.4052
3977	2.2747
3978	1.0249
3979	0.5509
398	4.0E-4
3980	0.4141
3981	0.3729
3982	0.3607
3983	0.3569
3984	0.3559
3985	0.3558
3986	0.3567
3987	0.3601
3988	0.3726
3989	0.4212
399	6.0E-4
3990	0.628
3991	1.3369
3992	3.3801
3993	0.2058
3994	7.3003
3995	3.5827
3996	1.4753
3997	0.6918
3998	0.4664
3999	0.3987
4	0.0044
40	4.5885
400	4.0E-4
4000	0.3788
4001	0.3725
4002	0.3707
4003	0.3701
4004	0.37
4005	0.3699
4006	0.3699
4007	0.3699
4008	0.3699
4009	0.3699
401	3.0E-4
4010	0.3699
4011	0.3699
4012	0.37
4013	0.3701
4014	0.3706
4015	0.3721
4016	0.3778
4017	0.3982
4018	0.4783
4019	0.8189
402	4.0E-4
4020	2.0248
4021	5.5801
4022	0.2149
4023	13.8747
4024	6.5346
4025	2.476
4026	0.9898
4027	0.5632
4028	0.4354
4029	0.3978
403	4.0E-4
4030	0.386
4031	0.3826
4032	0.3815
4033	0.3813
4034	0.3812
4035	0.3811
4036	0.3811
4037	0.3811
4038	0.3811
4039	0.3811
404	4.0E-4
4040	0.3811
4041	0.3811
4042	0.3811
4043	0.3811
4044	0.3811
4045	0.3811
4046	0.3811
4047	0.3811
4048	0.3811
4049	0.3811
405	4.0E-4
4050	0.3811
4051	0.3811
4052	0.3811
4053	0.3811
4054	0.3811
4055	0.3811
4056	0.3811
4057	0.3811
4058	0.3811
4059	0.3811
406	4.0E-4
4060	0.3811
4061	0.3811
4062	0.3811
4063	0.3811
4064	0.3811
4065	0.3811
4066	0.3812
4067	0.3814
4068	0.3824
4069	0.3853
407	3.0E-4
4070	0.396
4071	0.4345
4072	0.5857
4073	1.23
4074	3.5676
4075	10.5735
4076	0.2218
4077	6.5112
4078	3.2273
4079	1.3537
408	3.0E-4
4080	0.6546
4081	0.4534
4082	0.393
4083	0.3751
4084	0.3695
4085	0.3679
4086	0.3674
4087	0.3672
4088	0.3672
4089	0.3671
409	0.0135
4090	0.3671
4091	0.3672
4092	0.3672
4093	0.3673
4094	0.3677
4095	0.3691
4096	0.3742
4097	0.3925
4098	0.464
4099	0.768
41	3.2923
410	0.0135
4100	1.8384
4101	4.9806
4102	0.2132
4103	3.8782
4104	2.0349
4105	0.9407
4106	0.5231
4107	0.4024
4108	0.3661
4109	0.3554
411	0.0135
4110	0.3522
4111	0.3521
4112	0.3549
4113	0.3658
4114	0.4087
4115	0.5911
4116	1.2098
4117	2.9794
4118	0.2029
4119	0.0
412	0.0135
4120	0.0
4121	1.0E-4
4122	1.0E-4
4123	1.0E-4
4124	0.0
4125	0.0
4126	0.0
4127	0.0
4128	0.0
4129	0.0
413	0.0135
4130	0.0
4131	0.0
4132	0.0
4133	0.0
4134	0.0
4135	0.0
4136	0.0
4137	0.0
4138	0.0
4139	4.3649
414	0.0135
4140	2.2737
4141	1.0593
4142	0.6016
4143	0.471
4144	0.4322
4145	0.4209
4146	0.4176
4147	0.4175
4148	0.4204
4149	0.4323
415	0.0097
4150	0.4794
4151	0.6822
4152	1.3749
4153	3.3752
4154	0.0
4155	0.0
4156	0.0
4157	0.0
4158	0.0
4159	0.0
416	0.0548
4160	0.0
4161	0.0
4162	0.0
4163	0.0
4164	0.0
4165	0.0
4166	0.0
4167	0.0
4168	0.0
4169	0.0
417	3.0E-4
4170	0.0
4171	0.0
4172	0.0
4173	0.0
4174	0.0
4175	0.0
4176	0.0
4177	0.0
4178	0.0
4179	0.0
418	3.0E-4
4180	0.0
4181	0.0
4182	0.0
4183	0.0
4184	0.0
4185	0.0
4186	0.0
4187	0.0
4188	0.0
4189	0.0
419	3.0E-4
4190	0.0
4191	0.0
4192	0.0
4193	0.0
4194	0.0
4195	0.0
4196	0.0
4197	0.0
4198	0.0
4199	0.0
42	4.2494
420	3.0E-4
4200	0.0
4201	0.0
4202	0.0
4203	0.0
4204	0.0
4205	0.0
4206	0.0
4207	0.0
4208	0.0
4209	0.0
421	3.0E-4
4210	0.0
4211	0.0
4212	0.0
4213	0.0
4214	0.0
4215	0.0
4216	0.0
4217	0.0
4218	0.0
4219	0.0
422	3.0E-4
4220	0.0
4221	0.0
4222	0.0
4223	0.0
4224	0.0
4225	0.0
4226	0.0
4227	0.0
4228	0.0
4229	0.0
423	3.0E-4
4230	0.0
4231	0.0
4232	0.0
4233	0.0
4234	0.0
4235	0.0
4236	0.0
4237	0.0
4238	0.0
4239	0.0
424	3.0E-4
4240	0.0
4241	0.0
4242	0.0
4243	0.0
4244	0.0
4245	0.0
4246	0.0
4247	0.0
4248	0.0
4249	0.0
425	0.7996
4250	0.0
4251	0.0
4252	0.0
4253	0.0
4254	0.0
4255	0.0
4256	0.0
4257	0.0
4258	0.0
4259	0.0
426	0.2424
4260	0.0
4261	0.0
4262	0.0
4263	0.0
4264	0.0
4265	0.0
4266	0.0
4267	0.0
4268	0.0
4269	0.0
427	0.1459
4270	0.0
4271	0.0
4272	0.0
4273	0.0
4274	0.0
4275	0.0
4276	0.0
4277	0.0
4278	0.0
4279	0.0
428	0.0223
4280	0.0
4281	0.0
4282	0.0
4283	0.0
4284	0.0
4285	0.0
4286	0.0
4287	0.0
4288	0.0
4289	0.0
429	0.2604
4290	0.0
4291	0.0
4292	0.0
4293	0.0
4294	0.0
4295	0.0
4296	0.0
4297	0.0
4298	0.0
4299	0.0
43	10.6687
430	0.5155
4300	0.0
4301	0.0
4302	0.0
4303	0.0
4304	0.0
4305	0.0
4306	0.0
4307	0.0
4308	0.0
4309	0.0
431	0.0081
4310	0.0
4311	0.0
4312	0.0
4313	0.0
4314	0.0
4315	0.0
4316	0.0
4317	0.0
4318	0.0
4319	0.0
432	5.0E-4
4320	0.0
4321	0.0
4322	0.0
4323	0.0
4324	0.0
4325	0.0
4326	0.0
4327	0.0
4328	0.0
4329	0.0
433	0.0086
4330	0.0
4331	0.0
4332	0.0
4333	0.0
4334	0.0
4335	0.0
4336	0.0
4337	0.0
4338	0.0
4339	0.0
434	0.0086
4340	0.0
4341	0.0
4342	0.0
4343	0.0
4344	0.0
4345	0.0
4346	0.0
4347	0.0
4348	0.0
4349	0.0
435	0.0081
4350	0.0
4351	0.0
4352	0.0
4353	0.0
4354	0.0
4355	0.0
4356	0.0
4357	0.0
4358	0.0
4359	0.0
436	0.0081
4360	0.0
4361	0.0
4362	0.0
4363	0.0
4364	0.0
4365	0.0
4366	0.0
4367	0.0
4368	0.0
4369	0.0
437	0.0081
4370	0.0
4371	0.0
4372	0.0
4373	0.0
4374	0.0
4375	0.0
4376	0.0
4377	0.0
4378	0.0
4379	0.0
438	0.0081
4380	0.0
4381	0.0
4382	0.0
4383	0.0
4384	0.0
4385	0.0
4386	0.0
4387	0.0
4388	0.0
4389	0.0
439	0.0081
4390	0.0
4391	0.0
4392	0.0
4393	0.0
4394	0.0
4395	0.0
4396	0.0
4397	0.0
4398	0.0
4399	0.0
44	2.7569
440	0.0081
4400	0.0
4401	0.0
4402	0.0
4403	0.0
4404	0.0
4405	0.0
4406	0.0
4407	0.0
4408	0.0
4409	0.0
441	0.0013
4410	0.0
4411	0.0
4412	0.0
4413	0.0
4414	0.0
4415	0.0
4416	0.0
4417	0.0
4418	0.0
4419	0.0
442	0.0016
4420	0.0
4421	0.0
4422	0.0
4423	0.0
4424	0.0
4425	0.0
4426	0.0
4427	0.0
4428	0.0
4429	0.0
443	0.0016
4430	0.0
4431	0.0
4432	0.0
4433	0.0
4434	0.0
4435	0.0
4436	1.0E-4
4437	1.0E-4
4438	0.0
4439	1.0E-4
444	0.0016
4440	1.0E-4
4441	1.0E-4
4442	1.0E-4
4443	0.0
4444	0.0
4445	0.0
4446	1.0E-4
4447	1.0E-4
4448	0.0
4449	0.0
445	0.0117
4450	0.0
4451	0.0
4452	0.0
4453	0.0
4454	0.0
4455	0.0
4456	0.0
4457	0.0
4458	3.6371
4459	0.0
446	0.0118
4460	0.0
4461	0.0
4462	0.0
4463	0.0
4464	0.0
4465	0.0
4466	0.0
4467	0.0
4468	0.0
4469	0.0
447	0.0117
4470	0.0
4471	0.0
4472	0.0
4473	0.0
4474	0.0
4475	0.0
4476	0.0
4477	0.0
4478	0.0
4479	0.0
448	0.0208
4480	0.0
4481	0.0
4482	0.0
4483	0.0
4484	0.3986
4485	2.0157
4486	0.0
4487	0.0
4488	0.0
4489	0.0
449	0.0133
4490	0.0
4491	0.0
4492	0.0
4493	0.0
4494	0.0
4495	0.0
4496	0.0
4497	0.0
4498	0.0
4499	0.0
45	1.5399
450	0.0084
4500	0.0
4501	0.0
4502	0.0
4503	0.0
4504	0.0
4505	0.0
4506	0.0
4507	0.0
4508	0.0
4509	0.0
451	0.0079
4510	0.0
4511	0.0
4512	0.0
4513	0.0
4514	0.0
4515	0.0
4516	0.0
4517	0.0
4518	0.0
4519	0.0
452	0.006
4520	0.0
4521	0.0
4522	0.0
4523	0.0
4524	0.0
4525	0.0
4526	0.0
4527	0.0
4528	0.0
4529	0.0
453	0.0055
4530	0.0
4531	0.0
4532	0.0
4533	0.0
4534	0.0
4535	0.0
4536	0.0
4537	0.0
4538	0.0
4539	0.0
454	0.0055
4540	0.0
4541	0.0
4542	0.0
4543	0.0
4544	0.0
4545	0.0
4546	0.0
4547	0.0
4548	0.0
4549	0.0
455	0.0055
4550	0.0
4551	0.0
4552	0.0
4553	0.0
4554	0.0
4555	0.0
4556	0.0
4557	0.0
4558	0.0
4559	0.0
456	0.0055
4560	0.0
4561	0.0
4562	0.0
4563	0.0
4564	0.0
4565	0.0
4566	0.0
4567	0.0
4568	0.0
4569	0.0
457	0.059
4570	0.0
4571	0.0
4572	0.0
4573	0.0
4574	0.0
4575	0.0
4576	0.0
4577	0.0
4578	0.0
4579	0.0
458	0.059
4580	0.0
4581	0.0
4582	0.0
4583	0.0
4584	0.0
4585	0.0
4586	0.0
4587	0.0
4588	0.0
4589	0.0
459	0.059
4590	0.0
4591	0.0
4592	0.0
4593	0.0
4594	0.0
4595	0.0
4596	0.0
4597	0.0
4598	0.0
4599	0.0
46	2.889
460	0.0547
4600	0.0
4601	0.0
4602	0.0
4603	0.0
4604	0.0
4605	0.0
4606	0.0
4607	0.0
4608	0.0
4609	0.0
461	0.059
4610	0.0
4611	0.0
4612	0.0
4613	0.0
4614	0.0
4615	0.0
4616	0.0
4617	0.0
4618	0.0
4619	0.0
462	0.0593
4620	0.0
4621	0.0
4622	0.0
4623	0.0
4624	0.0
4625	0.0
4626	0.0
4627	0.0
4628	0.0
4629	0.0
463	0.0593
4630	0.0
4631	0.0
4632	0.0
4633	0.0
4634	0.0
4635	0.0
4636	0.0
4637	0.0
4638	0.0
4639	0.0
464	0.0593
4640	0.0
4641	0.0
4642	0.0
4643	0.0
4644	0.0
4645	0.0
4646	0.0
4647	0.0
4648	0.0
4649	0.0
465	0.059
4650	0.0
4651	0.0
4652	0.0
4653	0.0
4654	0.0
4655	0.0
4656	0.0
4657	0.0
4658	0.0
4659	0.0
466	0.059
4660	0.0
4661	0.0
4662	0.0
4663	0.0
4664	0.0
4665	0.0
4666	0.0
4667	0.0
4668	0.0
4669	0.0
467	0.0636
4670	0.0
4671	0.0
4672	0.0
4673	0.0
4674	0.0
4675	0.0
4676	0.0
4677	0.0
4678	0.0
4679	0.0
468	0.0636
4680	0.0
4681	0.0
4682	0.0
4683	0.0
4684	0.0
4685	0.0
4686	0.0
4687	0.0
4688	0.0
4689	0.0
469	0.0182
4690	0.0
4691	0.0
4692	0.0
4693	0.0
4694	0.0
4695	0.0
4696	0.0
4697	0.0
4698	0.0
4699	0.0
47	0.7632
470	0.0176
4700	0.0
4701	0.0
4702	0.0
4703	0.0
4704	0.0
4705	0.0
4706	0.0
4707	0.0
4708	0.0
4709	0.0
471	0.0176
4710	0.0
4711	0.0
4712	0.0
4713	0.0
4714	0.0
4715	0.0
4716	0.0
4717	0.0
4718	0.0
4719	0.0
472	0.0176
4720	0.0
4721	0.0
4722	0.0
4723	0.0
4724	0.0
4725	0.0
4726	0.0
4727	0.0
4728	0.0
4729	0.0
473	0.0159
4730	0.0
4731	0.0
4732	0.0
4733	0.0
4734	0.0
4735	0.0
4736	0.0
4737	0.0
4738	0.0
4739	0.0
474	0.0049
4740	0.0
4741	0.0
4742	0.0
4743	0.0
4744	0.0
4745	0.0
4746	0.0
4747	0.0
4748	0.0
4749	0.0
475	0.0017
4750	0.0
4751	0.0
4752	0.0
4753	0.0
4754	0.0
4755	0.0
4756	0.0
4757	0.0
4758	0.0
4759	0.0
476	0.0017
4760	0.0
4761	0.0
4762	0.0
4763	0.0
4764	0.0
4765	0.0
4766	0.0
4767	0.0
4768	0.0
4769	0.0
477	0.0017
4770	0.0
4771	0.0
4772	0.0
4773	0.0
4774	0.1187
4775	0.1065
4776	0.4299
4777	0.4299
4778	0.0751
4779	0.0751
478	0.0017
4780	0.0751
4781	0.0628
4782	0.0628
4783	0.0628
4784	0.0677
4785	0.0805
4786	0.0805
4787	0.083
4788	0.083
4789	0.0628
479	0.0898
4790	0.069
4791	0.0628
4792	0.069
4793	0.0015
4794	0.0014
4795	0.0014
4796	0.0014
4797	0.0014
4798	0.0014
4799	0.0055
48	1.7646
480	0.1264
4800	0.0014
4801	0.0029
4802	0.0049
4803	0.0049
4804	0.0049
4805	0.0432
4806	1.0504
4807	0.0216
4808	0.0216
4809	0.0432
481	0.0893
4810	2.6705
4811	0.0289
4812	0.1256
4813	0.004
4814	0.0046
4815	0.2052
4816	0.0117
4817	0.0117
4818	0.0117
4819	1.1877
482	0.0061
4820	0.0117
4821	0.003
4822	0.003
4823	0.003
4824	0.003
4825	0.003
4826	0.003
4827	0.003
4828	0.015
4829	0.015
483	0.006
4830	0.0066
4831	0.0044
4832	0.0044
4833	0.0263
4834	0.0263
4835	0.0263
4836	0.0263
4837	0.0263
4838	0.0213
4839	0.0037
484	0.006
4840	0.0149
4841	0.0149
4842	0.0149
4843	0.005
4844	0.0126
4845	0.0025
4846	0.0025
4847	0.0025
4848	0.3577
4849	0.3577
485	0.0051
4850	0.3577
4851	0.2685
4852	0.2685
4853	0.2685
4854	0.0055
4855	0.0055
4856	0.0055
4857	0.0086
4858	0.0086
4859	0.0086
486	0.0047
4860	0.0259
4861	0.0259
4862	0.3984
4863	4.0E-4
4864	4.0E-4
4865	0.001
4866	4.0E-4
4867	0.001
4868	8.0E-4
4869	0.001
487	0.0047
4870	0.001
4871	0.0
4872	0.0
4873	0.0
4874	0.0
4875	0.0
4876	0.0
4877	0.0
4878	0.0
4879	0.0
488	0.0047
4880	0.0
4881	0.0
4882	0.0
4883	0.0
4884	0.0
4885	0.0
4886	0.0
4887	0.0
4888	0.0
4889	0.0
489	0.0047
4890	0.0
4891	0.0
4892	0.0
4893	0.0
4894	0.0
4895	0.0
4896	0.0
4897	0.0
4898	0.0
4899	0.0
49	0.7628
490	0.0047
4900	0.0
4901	0.0
4902	0.0
4903	0.0
4904	0.0
4905	0.0
4906	0.0
4907	0.0
4908	0.0
4909	0.0
491	0.0047
4910	0.0
4911	0.0
4912	0.0
4913	0.0
4914	0.0
4915	0.0
4916	0.0
4917	0.0
4918	0.0
4919	0.0
492	0.0074
4920	0.0
4921	0.0
4922	0.0
4923	0.0
4924	0.0
4925	0.0
4926	0.0
4927	0.0
4928	0.0
4929	1.0E-4
493	0.0047
4930	1.037
4931	1.037
4932	1.037
4933	1.037
4934	1.037
4935	1.037
4936	1.037
4937	0.0048
4938	0.0048
4939	0.0048
494	2.0E-4
4940	0.0048
4941	0.0048
4942	0.0048
4943	0.0048
4944	0.0048
4945	0.0048
4946	0.0048
4947	0.0048
4948	0.0048
4949	0.0048
495	2.0E-4
4950	0.0048
4951	0.0048
4952	0.0048
4953	0.0048
4954	0.0048
4955	0.0048
4956	0.0048
4957	0.0048
4958	0.0048
4959	0.0048
496	8.0E-4
4960	0.0048
4961	0.0048
4962	0.0048
4963	0.0069
4964	0.0048
4965	0.0048
4966	0.0048
4967	0.0048
4968	0.0048
4969	0.0048
497	2.0E-4
4970	0.0048
4971	0.0048
4972	4.0E-4
4973	4.0E-4
4974	4.0E-4
4975	4.0E-4
4976	4.0E-4
4977	4.0E-4
4978	4.0E-4
4979	4.0E-4
498	0.0014
4980	4.0E-4
4981	4.0E-4
4982	4.0E-4
4983	4.0E-4
4984	4.0E-4
4985	4.0E-4
4986	4.0E-4
4987	4.0E-4
4988	4.0E-4
4989	4.0E-4
499	0.0014
4990	4.0E-4
4991	4.0E-4
4992	4.0E-4
4993	4.0E-4
4994	4.0E-4
4995	4.0E-4
4996	4.0E-4
4997	4.0E-4
4998	4.0E-4
4999	4.0E-4
5	0.0044
50	0.7628
500	0.2055
5000	4.0E-4
5001	0.0032
5002	0.0032
5003	0.0032
5004	0.0032
5005	0.0032
5006	0.0032
5007	0.0032
5008	1.1485
5009	1.1485
501	0.2001
5010	1.1485
5011	1.1485
5012	1.1485
5013	7.0E-4
5014	7.0E-4
5015	7.0E-4
5016	7.0E-4
5017	7.0E-4
5018	7.0E-4
5019	7.0E-4
502	0.1967
5020	7.0E-4
5021	7.0E-4
5022	7.0E-4
5023	7.0E-4
5024	7.0E-4
5025	7.0E-4
5026	7.0E-4
5027	7.0E-4
5028	7.0E-4
5029	7.0E-4
503	0.0796
5030	7.0E-4
5031	7.0E-4
5032	7.0E-4
5033	3.0E-4
5034	3.0E-4
5035	0.4194
5036	0.0
5037	0.0
5038	0.0
5039	0.0
504	0.0796
5040	0.0
5041	0.0
5042	0.0
5043	0.0
5044	0.0
5045	0.0
5046	0.0
5047	0.0
5048	0.0
5049	0.0
505	0.2276
5050	0.0
5051	4.3649
5052	2.2736
5053	1.0593
5054	0.6016
5055	0.471
5056	0.4322
5057	0.4209
5058	0.4176
5059	0.4175
506	0.0055
5060	0.4205
5061	0.4323
5062	0.4794
5063	0.6821
5064	1.3749
5065	3.3752
5066	0.0
5067	0.0
5068	0.0
5069	0.0
507	0.0055
5070	0.0
5071	0.0
5072	7.7628
5073	5.4915
5074	2.3658
5075	0.8194
5076	0.3386
5077	0.1919
5078	0.1461
5079	0.1326
508	0.0055
5080	0.1282
5081	0.127
5082	0.1266
5083	0.1265
5084	0.1264
5085	0.1264
5086	0.1264
5087	0.1264
5088	0.1264
5089	0.1264
509	0.0055
5090	0.1264
5091	0.1264
5092	0.1264
5093	0.1264
5094	0.1264
5095	0.1264
5096	0.1264
5097	0.1264
5098	0.1264
5099	0.1264
510	0.0055
5100	0.1264
5101	0.1265
5102	0.1265
5103	0.1269
5104	0.1278
5105	0.1313
5106	0.1422
5107	0.1778
5108	0.2884
5109	0.6198
511	0.0055
5110	1.5043
5111	2.3772
5112	5.99
5113	4.2649
5114	1.858
5115	0.6619
5116	0.2896
5117	0.1759
5118	0.1403
5119	0.1298
512	0.0055
5120	0.1264
5121	0.1255
5122	0.1251
5123	0.1251
5124	0.125
5125	0.125
5126	0.125
5127	0.125
5128	0.125
5129	0.125
513	0.0055
5130	0.125
5131	0.125
5132	0.125
5133	0.1251
5134	0.1254
5135	0.1261
5136	0.1288
5137	0.1373
5138	0.1649
5139	0.2505
514	0.0055
5140	0.5067
5141	1.189
5142	1.8491
5143	1.8521
5144	1.393
5145	0.6629
5146	0.2862
5147	0.1702
5148	0.1424
5149	0.1582
515	0.0055
5150	0.2353
5151	0.4444
5152	0.6115
5153	4.2166
5154	3.0367
5155	1.3488
5156	0.5032
5157	0.2395
5158	0.1587
5159	0.1335
516	0.0055
5160	0.1259
5161	0.1235
5162	0.1228
5163	0.1226
5164	0.1226
5165	0.1226
5166	0.1228
5167	0.1233
5168	0.1252
5169	0.1312
517	0.0055
5170	0.1509
5171	0.2115
5172	0.3925
5173	0.8725
5174	1.3202
5175	6.5807
5176	4.6737
5177	2.0273
5178	0.7145
5179	0.306
518	0.0055
5180	0.1813
5181	0.1424
5182	0.1308
5183	0.1271
5184	0.126
5185	0.1257
5186	0.1256
5187	0.1255
5188	0.1255
5189	0.1255
519	0.0928
5190	0.1255
5191	0.1255
5192	0.1255
5193	0.1255
5194	0.1255
5195	0.1255
5196	0.1255
5197	0.1255
5198	0.1256
5199	0.1257
52	12.159
520	0.0928
5200	0.126
5201	0.1268
5202	0.1297
5203	0.139
5204	0.1693
5205	0.2632
5206	0.5445
5207	1.2942
5208	2.0251
5209	3.2313
521	0.0676
5210	2.3532
5211	1.0646
5212	0.4139
5213	0.2105
5214	0.1481
5215	0.1285
5216	0.1228
5217	0.121
5218	0.1209
5219	0.1222
522	0.0711
5220	0.1268
5221	0.142
5222	0.1888
5223	0.328
5224	0.6955
5225	1.0257
5226	5.3988
5227	3.8555
5228	1.6884
5229	0.6092
523	0.218
5230	0.273
5231	0.1704
5232	0.1382
5233	0.1287
5234	0.1256
5235	0.1247
5236	0.1245
5237	0.1244
5238	0.1244
5239	0.1244
524	0.0711
5240	0.1244
5241	0.1244
5242	0.1243
5243	0.1244
5244	0.1244
5245	0.1247
5246	0.1253
5247	0.1278
5248	0.1354
5249	0.1604
525	0.0711
5250	0.2377
5251	0.4689
5252	1.0837
5253	1.6728
5254	10.3259
5255	7.2642
5256	3.0989
5257	1.0463
5258	0.4085
5259	0.2143
526	2.2311
5260	0.1537
5261	0.1357
5262	0.13
5263	0.1284
5264	0.1278
5265	0.1277
5266	0.1277
5267	0.1277
5268	0.1277
5269	0.1277
527	0.0556
5270	0.1277
5271	0.1277
5272	0.1277
5273	0.1277
5274	0.1277
5275	0.1277
5276	0.1277
5277	0.1277
5278	0.1277
5279	0.1277
528	0.0538
5280	0.1277
5281	0.1277
5282	0.1277
5283	0.1277
5284	0.1277
5285	0.1277
5286	0.1277
5287	0.1277
5288	0.1277
5289	0.1277
529	0.0502
5290	0.1277
5291	0.1277
5292	0.1277
5293	0.1277
5294	0.1277
5295	0.1277
5296	0.1277
5297	0.1278
5298	0.1282
5299	0.1295
53	0.282
530	0.0502
5300	0.1341
5301	0.1485
5302	0.1957
5303	0.3423
5304	0.7823
5305	1.9591
5306	3.1402
5307	4.8078
5308	3.4462
5309	1.5187
531	3.0E-4
5310	0.5564
5311	0.2564
5312	0.1647
5313	0.136
5314	0.1274
5315	0.1247
5316	0.1239
5317	0.1237
5318	0.1236
5319	0.1236
532	0.0023
5320	0.1236
5321	0.1236
5322	0.1236
5323	0.1238
5324	0.1244
5325	0.1266
5326	0.1335
5327	0.1557
5328	0.2247
5329	0.4308
533	3.0E-4
5330	0.9782
5331	1.4966
5332	2.8373
5333	2.0794
5334	0.9505
5335	0.3778
5336	0.1985
5337	0.1435
5338	0.1263
5339	0.1215
534	3.0E-4
5340	0.1212
5341	0.1249
5342	0.138
5343	0.1792
5344	0.3017
5345	0.6243
5346	0.9077
5347	3.1519
5348	2.2928
5349	1.0445
535	3.0E-4
5350	0.4179
5351	0.2239
5352	0.1649
5353	0.1467
5354	0.1417
5355	0.1413
5356	0.1452
5357	0.1595
5358	0.2046
5359	0.3398
536	1.3292
5360	0.6993
5361	1.0187
5362	0.0
5363	0.0
5364	0.0
5365	0.0
5366	0.0
5367	0.0
5368	0.0
5369	0.0
537	1.3292
5370	0.0
5371	0.0
5372	0.0
5373	0.0
5374	0.0
5375	0.0
5376	0.0
5377	0.0
5378	0.0
5379	0.0
538	1.3292
5380	0.0
5381	0.0
5382	0.0
5383	0.0
5384	0.0
5385	0.0
5386	0.0
5387	0.0
5388	0.0
5389	0.0
539	1.3583
5390	0.0
5391	0.0
5392	0.0
5393	0.0
5394	0.0
5395	0.0
5396	0.0
5397	4.3649
5398	2.2737
5399	1.0593
54	0.2711
540	1.3292
5400	0.6016
5401	0.471
5402	0.4322
5403	0.4209
5404	0.4176
5405	0.4175
5406	0.4204
5407	0.4323
5408	0.4794
5409	0.6821
541	1.3583
5410	1.3749
5411	3.3752
5412	0.0
5413	0.0
5414	0.0
5415	0.0
5416	0.0
5417	0.0
5418	0.0087
5419	0.0087
542	1.3292
5420	0.0087
5421	0.0
5422	0.0578
5423	0.0578
5424	0.0269
5425	0.0269
5426	0.0075
5427	0.0075
5428	0.0075
5429	3.0E-4
543	1.329
5430	3.0E-4
5431	3.0E-4
5432	3.0E-4
5433	3.0E-4
5434	3.0E-4
5435	0.0095
5436	8.0E-4
5437	8.0E-4
5438	0.0015
5439	4.0E-4
544	1.3292
5440	4.0E-4
5441	4.0E-4
5442	0.0024
5443	0.0024
5444	5.0E-4
5445	5.0E-4
5446	5.0E-4
5447	0.0232
5448	0.0232
5449	1.0271
545	1.3716
5450	1.0271
5451	1.0271
5452	1.0271
5453	1.2048
5454	1.0802
5455	1.0318
5456	4.4115
5457	0.6948
5458	0.6948
5459	0.031
546	1.3292
5460	0.0123
5461	0.0123
5462	0.0123
5463	0.0123
5464	0.0022
5465	0.0022
5466	0.0016
5467	0.0016
5468	1.1926
5469	0.0126
547	0.112
5470	1.2254
5471	0.0126
5472	4.0E-4
5473	4.0E-4
5474	4.0E-4
5475	4.0E-4
5476	4.0E-4
5477	4.0E-4
5478	4.0E-4
5479	4.0E-4
548	0.0678
5480	0.0011
5481	0.0011
5482	0.0011
5483	0.0434
5484	0.0162
5485	0.0035
5486	0.0012
5487	0.0012
5488	0.0012
5489	0.0012
549	0.0118
5490	0.0029
5491	0.0029
5492	0.0029
5493	0.0029
5494	0.0032
5495	0.0029
5496	0.0029
5497	0.0071
5498	0.004
5499	0.004
55	0.2695
550	0.1469
5500	0.004
5501	0.004
5502	0.0058
5503	0.0496
5504	0.0496
5505	0.0496
5506	0.0086
5507	0.0086
5508	0.0086
5509	6.0E-4
551	0.1557
5510	3.0E-4
5511	3.0E-4
5512	4.0E-4
5513	0.0
5514	0.0
5515	0.0
5516	0.0
5517	0.0
5518	0.0
5519	0.0
552	0.1469
5520	0.0
5521	0.0
5522	0.0
5523	3.1518
5524	2.2928
5525	1.0445
5526	0.4179
5527	0.2239
5528	0.1649
5529	0.1467
553	0.1547
5530	0.1416
5531	0.1413
5532	0.1452
5533	0.1596
5534	0.2046
5535	0.3398
5536	0.6993
5537	1.0187
5538	0.0
5539	0.0
554	0.1579
5540	0.0
5541	0.0
5542	0.0
5543	0.0
5544	0.0
5545	0.0
5546	0.0
5547	0.0
5548	0.0
5549	0.0
555	0.1586
5550	0.0
5551	0.0
5552	0.0
5553	0.0
5554	0.0
5555	0.0
5556	0.0
5557	0.0
5558	0.0
5559	0.0
556	0.1586
5560	0.0
5561	0.0
5562	0.0
5563	0.0
5564	0.0
5565	0.0
5566	0.0
5567	0.0
5568	0.0
5569	0.0
557	0.335
5570	0.0
5571	0.0
5572	0.0
5573	0.0
5574	0.0
5575	0.0
5576	0.0
5577	0.0
5578	0.0
5579	0.0
558	0.1067
5580	0.0
5581	0.0
5582	0.0
5583	0.0
5584	0.0
5585	0.0
5586	0.0
5587	0.0
5588	0.0
5589	0.0
559	0.1067
5590	0.0
5591	0.0
5592	0.0
5593	0.0
5594	0.0
5595	0.0
5596	0.0
5597	0.0
5598	0.0
5599	0.0
56	0.2527
560	0.1067
5600	0.0
5601	0.0
5602	0.0
5603	0.0
5604	0.0
5605	0.0
5606	0.0
5607	0.0
5608	0.0
5609	0.0
561	0.1014
5610	0.0
5611	0.0
5612	0.0
5613	0.0
5614	0.0
5615	0.0
5616	0.0
5617	0.0
5618	0.0
5619	0.0
562	0.1014
5620	0.0
5621	0.0
5622	0.0
5623	0.0
5624	0.0
5625	0.0
5626	0.0
5627	0.0
5628	0.0
5629	0.0
563	0.1014
5630	0.0
5631	0.0
5632	0.0
5633	0.0
5634	0.0
5635	0.0
5636	0.0
5637	0.0
5638	0.0
5639	0.0
564	0.1014
5640	0.0
5641	0.0
5642	0.0
5643	0.0
5644	0.0
5645	0.0
5646	0.0
5647	0.0
5648	0.0
5649	0.0
565	0.1069
5650	0.0
5651	0.0
5652	0.0
5653	0.0
5654	0.0
5655	0.0
5656	0.0
5657	0.0
5658	0.0
5659	0.0
566	0.001
5660	0.0
5661	0.0
5662	0.0
5663	0.0
5664	0.0
5665	0.0
5666	0.0
5667	0.0
5668	0.0
5669	0.0
567	0.001
5670	0.0
5671	0.0
5672	0.0
5673	0.0
5674	0.0
5675	0.0
5676	0.0
5677	0.0
5678	0.0
5679	0.0
568	0.001
5680	0.0
5681	0.0
5682	0.0
5683	0.0
5684	0.0
5685	0.0
5686	0.0
5687	0.0
5688	0.0
5689	0.0
569	0.0022
5690	0.0
5691	0.0
5692	0.0
5693	0.0
5694	0.0
5695	0.0
5696	0.0
5697	0.0
5698	0.0
5699	0.0
57	0.2472
570	0.001
5700	0.0
5701	0.0
5702	0.0
5703	0.0
5704	0.0
5705	0.0
5706	0.0
5707	0.0
5708	0.0
5709	0.0
571	0.001
5710	0.0
5711	0.0
5712	0.0
5713	0.0
5714	0.0
5715	0.0
5716	0.0
5717	0.0
5718	0.0
5719	0.0
572	0.001
5720	0.0
5721	0.0
5722	0.0
5723	0.0
5724	0.0
5725	0.0
5726	0.0
5727	0.0
5728	0.0
5729	0.0
573	0.001
5730	0.0
5731	0.0
5732	0.0
5733	0.0
5734	0.0
5735	0.0
5736	0.0
5737	0.0
5738	0.0
5739	0.0
574	0.001
5740	0.0
5741	0.0
5742	0.0
5743	0.0
5744	0.0
5745	0.0
5746	0.0
5747	0.0
5748	0.0
5749	0.0
575	0.001
5750	0.0
5751	0.0
5752	0.0
5753	0.0
5754	0.0
5755	0.0
5756	0.0
5757	0.0
5758	0.0
5759	0.0
576	0.001
5760	0.0
5761	0.0
5762	0.0
5763	0.0
5764	0.0
5765	0.0
5766	0.0
5767	0.0
5768	0.0
5769	0.0
577	0.001
5770	0.0
5771	0.0
5772	0.0
5773	0.0
5774	0.0
5775	0.0
5776	0.0
5777	0.0
5778	0.0
5779	0.0
578	1.0113
5780	0.0
5781	0.0
5782	0.0
5783	0.0
5784	0.0
5785	3.1518
5786	2.2928
5787	1.0445
5788	0.4179
5789	0.2239
579	0.1463
5790	0.1649
5791	0.1467
5792	0.1417
5793	0.1413
5794	0.1452
5795	0.1596
5796	0.2046
5797	0.3398
5798	0.6993
5799	1.0187
58	0.27
580	0.1464
5800	0.0
5801	0.0
5802	0.0
5803	0.0
5804	0.0
5805	0.0
5806	0.0
5807	0.0
5808	0.0
5809	0.0
581	0.1542
5810	0.0
5811	0.0
5812	0.0
5813	0.0
5814	0.0
5815	0.0096
5816	0.0096
5817	0.0
5818	0.0016
5819	0.001
582	0.0012
5820	0.6253
5821	0.6253
5822	0.1246
5823	1.5227
5824	0.1284
5825	0.7045
5826	0.6721
5827	0.6721
5828	0.9794
5829	0.6721
583	0.0012
5830	0.6721
5831	0.6721
5832	0.7073
5833	0.7073
5834	0.0334
5835	0.185
5836	0.185
5837	0.185
5838	0.185
5839	0.185
584	9.0E-4
5840	0.185
5841	0.185
5842	0.024
5843	0.024
5844	0.0019
5845	3.0E-4
5846	3.0E-4
5847	3.0E-4
5848	3.0E-4
5849	3.0E-4
585	0.0012
5850	3.0E-4
5851	3.0E-4
5852	3.0E-4
5853	3.0E-4
5854	3.0E-4
5855	3.0E-4
5856	3.0E-4
5857	3.0E-4
5858	4.0E-4
5859	3.0E-4
586	0.0012
5860	4.0E-4
5861	3.0E-4
5862	3.0E-4
5863	3.0E-4
5864	3.0E-4
5865	3.0E-4
5866	3.0E-4
5867	0.0061
5868	4.0E-4
5869	4.0E-4
587	0.0011
5870	4.0E-4
5871	4.0E-4
5872	4.0E-4
5873	4.0E-4
5874	4.0E-4
5875	9.0E-4
5876	4.0E-4
5877	1.0443
5878	4.0E-4
5879	4.0E-4
588	9.0E-4
5880	4.0E-4
5881	4.0E-4
5882	4.0E-4
5883	4.0E-4
5884	4.0E-4
5885	4.0E-4
5886	4.0E-4
5887	4.0E-4
5888	4.0E-4
5889	4.0E-4
589	0.0014
5890	4.0E-4
5891	4.0E-4
5892	0.0
5893	0.0
5894	0.0
5895	0.0
5896	0.0
5897	0.0
5898	0.0
5899	0.0
59	0.2684
590	0.0014
5900	0.0
5901	0.0
5902	0.0
5903	0.0
5904	0.0
5905	0.0
5906	0.0
5907	0.0
5908	0.0
5909	0.0
591	0.0014
5910	0.0
5911	0.0
5912	0.0
5913	0.0
5914	0.0
5915	0.0
5916	0.0
5917	0.0
5918	0.0
5919	0.0
592	0.0014
5920	0.0017
5921	7.0E-4
5922	0.0811
5923	0.0811
5924	0.0811
5925	0.0811
5926	0.0811
5927	0.0811
5928	0.0811
5929	0.0811
593	4.9432
5930	1.4165
5931	1.4165
5932	1.4165
5933	1.4165
5934	1.4165
5935	1.4165
5936	0.0705
5937	0.0667
5938	0.3371
5939	0.0358
594	0.0015
5940	0.0
5941	0.0
5942	0.0
5943	0.0
5944	0.0
5945	0.0
5946	0.0
5947	0.0
5948	0.0
5949	0.0
595	0.001
5950	0.0
5951	0.0066
5952	0.001
5953	0.0011
5954	0.0021
5955	0.2512
5956	1.0617
5957	0.0021
5958	0.0
5959	0.0
596	0.001
5960	0.0
5961	0.0
5962	0.0
5963	0.0
5964	0.0
5965	0.0
5966	0.0
5967	0.0
5968	0.0
5969	0.0
597	0.001
5970	0.0
5971	0.0
5972	0.0
5973	0.0
5974	0.0018
5975	0.0105
5976	0.0404
5977	0.0404
5978	0.0038
5979	0.0038
598	0.0216
5980	0.0038
5981	0.0038
5982	0.0038
5983	0.0038
5984	0.0038
5985	0.0038
5986	0.0038
5987	0.0038
5988	0.0038
5989	0.0038
599	0.0109
5990	0.0038
5991	0.0038
5992	0.0385
5993	0.0
5994	0.0
5995	0.0
5996	0.0
5997	0.0
5998	0.0
5999	0.0
6	0.0044
60	0.2529
600	8.0E-4
6000	0.0
6001	2.0E-4
6002	2.0E-4
6003	3.0E-4
6004	0.2461
6005	0.2802
6006	1.0E-4
6007	1.0E-4
6008	1.0E-4
6009	1.0E-4
601	8.0E-4
6010	1.0E-4
6011	1.0E-4
6012	0.1064
602	8.0E-4
603	8.0E-4
604	8.0E-4
605	8.0E-4
606	8.0E-4
607	8.0E-4
608	8.0E-4
609	8.0E-4
61	12.7729
610	8.0E-4
611	0.0132
612	0.0185
613	0.0134
614	0.1262
615	0.0133
616	0.0136
617	0.0147
618	0.0147
619	0.0147
62	0.0357
620	0.0186
621	0.0416
622	0.0132
623	0.0131
624	0.013
625	0.0411
626	0.0411
627	0.0101
628	0.0015
629	0.0015
63	0.2402
630	0.0454
631	0.0067
632	0.0
633	0.0
634	0.0
635	0.0
636	0.0
637	0.0
638	0.0
639	0.0
64	0.1907
640	0.0
641	0.0
642	0.0
643	0.0
644	0.0
645	0.0
646	0.0
647	0.0
648	0.0049
649	0.0049
65	0.2061
650	0.0049
651	0.0049
652	0.0049
653	0.0049
654	0.0049
655	0.0049
656	0.0049
657	0.0049
658	0.0
659	0.0
66	0.1911
660	0.0
661	0.0
662	0.0
663	0.0
664	0.0
665	0.0
666	0.0
667	0.0088
668	0.0079
669	0.0192
67	0.1866
670	0.0191
671	0.0168
672	0.0168
673	0.017
674	0.019
675	0.0153
676	0.0154
677	0.0155
678	0.0175
679	0.0
68	0.2411
680	0.0
681	0.0
682	0.0
683	0.0
684	0.0
685	0.0
686	0.0154
687	0.0171
688	0.0171
689	0.0171
69	0.2542
690	0.0
691	0.0
692	0.0
693	0.0
694	0.0
695	0.0
696	0.0
697	0.0
698	0.0
699	0.0
7	0.0307
70	0.2036
700	0.0
701	0.0
702	0.0
703	0.0
704	0.0
705	0.0
706	0.0
707	0.0
708	0.0
709	0.0136
71	0.2673
710	3.0E-4
711	2.0E-4
712	3.0E-4
713	2.0E-4
714	2.0E-4
715	2.0E-4
716	2.0E-4
717	2.0E-4
718	2.0E-4
719	2.0E-4
72	0.3591
720	2.0E-4
721	2.0E-4
722	8.0E-4
723	2.0E-4
724	8.0E-4
725	2.0E-4
726	2.0E-4
727	2.0E-4
728	2.0E-4
729	2.0E-4
73	4.9734
730	2.0E-4
731	2.0E-4
732	2.0E-4
733	2.0E-4
734	2.0E-4
735	2.0E-4
736	2.0E-4
737	2.0E-4
738	2.0E-4
739	2.0E-4
74	1.76
740	2.0E-4
741	2.0E-4
742	2.0E-4
743	2.0E-4
744	2.0E-4
745	3.0E-4
746	2.0E-4
747	2.0E-4
748	2.0E-4
749	2.0E-4
75	0.9374
750	2.0E-4
751	0.0227
752	2.0E-4
753	2.0E-4
754	2.0E-4
755	0.0121
756	0.0121
757	0.0121
758	0.0121
759	0.0121
76	1.0776
760	0.0121
761	0.0121
762	0.0121
763	0.0061
764	0.0061
765	0.0062
766	0.0067
767	0.0065
768	0.0047
769	0.0061
77	0.3095
770	0.0061
771	0.0
772	0.0058
773	0.0058
774	0.0055
775	0.0059
776	0.0059
777	0.0055
778	0.0039
779	0.0039
78	1.0832
780	0.0058
781	0.0058
782	2.0E-4
783	0.0047
784	0.0059
785	0.0059
786	0.0059
787	0.0059
788	0.0055
789	0.0055
79	0.7312
790	0.0055
791	0.0058
792	0.0058
793	0.0058
794	0.0059
795	0.0059
796	0.0055
797	0.0055
798	0.0055
799	0.0055
8	0.0056
80	4.3338
800	0.0047
801	0.0291
802	0.0441
803	0.0422
804	0.0395
805	0.0395
806	0.0395
807	0.0395
808	0.0468
809	0.0468
81	6.2197
810	0.0391
811	0.0392
812	0.0391
813	0.0391
814	0.0391
815	0.0391
816	0.0408
817	0.0394
818	0.0501
819	0.0499
82	2.513
820	0.0499
821	0.0499
822	3.8008
823	0.7349
824	0.075
825	0.0574
826	0.1521
827	0.1347
828	0.6944
829	0.0044
83	1.8346
830	0.0377
831	0.0132
832	0.0132
833	0.0132
834	0.0132
835	0.0132
836	9.0E-4
837	0.0489
838	0.0297
839	0.0397
84	2.2872
840	0.0509
841	0.0312
842	0.0389
843	0.0247
844	0.0247
845	0.0247
846	0.0247
847	0.0247
848	0.0247
849	0.0247
85	0.0213
850	0.0247
851	0.0247
852	0.0247
853	0.0247
854	0.0247
855	0.0247
856	0.0247
857	0.0247
858	0.0247
859	0.0247
86	0.0155
860	0.0247
861	0.0247
862	0.0247
863	0.0247
864	0.0247
865	0.0247
866	0.0247
867	0.0247
868	0.0247
869	0.0378
87	0.0201
870	0.0073
871	0.0073
872	0.0102
873	0.0171
874	0.0156
875	0.003
876	0.0092
877	0.0091
878	0.0091
879	0.0077
88	0.0213
880	0.0756
881	0.0071
882	0.0071
883	0.0071
884	0.0071
885	0.0071
886	0.0071
887	0.0115
888	0.0071
889	3.0E-4
89	0.0161
890	4.0E-4
891	3.0E-4
892	0.3148
893	0.4776
894	0.3148
895	0.3148
896	3.0E-4
897	3.0E-4
898	3.0E-4
899	3.0E-4
9	0.0044
90	0.0223
900	0.0
901	0.0
902	0.0
903	0.0
904	0.0
905	0.0
906	0.0
907	0.0
908	0.0
909	0.0
91	0.0223
910	0.0
911	0.0
912	0.0
913	0.0
914	0.0
915	0.0
916	0.0
917	0.0
918	0.0035
919	0.0
92	0.0352
920	0.0035
921	0.0
922	0.0
923	2.0E-4
924	0.0
925	0.0
926	0.0
927	0.0
928	0.0
929	0.0
93	0.0169
930	0.0
931	1.0E-4
932	0.0
933	0.0
934	0.0
935	1.0E-4
936	1.0E-4
937	1.0E-4
938	3.0E-4
939	1.0E-4
94	2.0E-4
940	1.0E-4
941	1.0E-4
942	1.0E-4
943	0.0691
944	0.0691
945	0.0169
946	0.017
947	0.0061
948	0.0061
949	0.0057
95	2.0E-4
950	0.006
951	0.0061
952	0.0061
953	0.0068
954	0.0068
955	0.0068
956	0.0069
957	0.0123
958	0.0082
959	0.0082
96	2.0E-4
960	0.0081
961	0.0082
962	0.0082
963	0.0088
964	0.0081
965	0.0081
966	0.0081
967	0.0081
968	0.0109
969	0.0109
97	2.0E-4
970	0.1399
971	0.0081
972	0.0091
973	0.0092
974	0.0091
975	0.0091
976	0.0091
977	0.0091
978	0.0091
979	0.0161
98	2.0E-4
980	0.0073
981	0.093
982	0.0078
983	0.0078
984	0.0078
985	0.0083
986	0.0078
987	0.0065
988	0.0064
989	0.0058
99	2.0E-4
990	0.0094
991	0.027
992	0.0141
993	0.0528
994	0.0094
995	0.5822
996	0.0067
997	0.0067
998	0.0085
999	0.0085
