1	0.1612
10	1.3773
100	3.0E-4
1000	0.0132
1001	0.0132
1002	0.0126
1003	0.0085
1004	0.0098
1005	0.0085
1006	0.0119
1007	0.0118
1008	0.0126
1009	0.0115
101	3.0E-4
1010	0.0106
1011	0.0106
1012	0.0111
1013	0.0111
1014	0.0111
1015	0.0131
1016	0.013
1017	0.013
1018	0.0115
1019	0.0116
102	0.0154
1020	0.917
1021	0.4443
1022	0.0091
1023	5.0E-4
1024	0.0012
1025	0.108
1026	0.108
1027	0.0254
1028	0.0069
1029	0.0098
103	3.0E-4
1030	0.0126
1031	0.0019
1032	7.0E-4
1033	0.0126
1034	0.7137
1035	0.0086
1036	0.0086
1037	0.0086
1038	0.0136
1039	1.0654
104	3.0E-4
1040	1.0654
1041	1.0654
1042	1.0654
1043	1.0654
1044	1.0654
1045	1.0654
1046	1.0654
1047	1.0654
1048	1.0654
1049	1.0654
105	3.0E-4
1050	1.0654
1051	1.0654
1052	1.0654
1053	1.0654
1054	1.0654
1055	1.0654
1056	1.0654
1057	1.0654
1058	1.0654
1059	1.0654
106	3.1555
1060	1.0654
1061	1.0654
1062	1.0654
1063	1.0654
1064	1.0654
1065	1.0654
1066	0.0012
1067	0.0012
1068	0.0012
1069	0.0012
107	1.0695
1070	0.0012
1071	0.0012
1072	0.0012
1073	0.0012
1074	0.0012
1075	0.0012
1076	0.0012
1077	0.0012
1078	0.0012
1079	0.0012
108	0.6009
1080	0.0012
1081	0.0012
1082	0.0012
1083	0.0012
1084	0.0012
1085	0.0012
1086	0.0012
1087	0.0012
1088	0.0012
1089	0.0012
109	0.5474
1090	0.0012
1091	0.0012
1092	0.0012
1093	0.0012
1094	0.0012
1095	0.0012
1096	0.0012
1097	0.0016
1098	0.0018
1099	0.0018
11	0.0073
110	0.5474
1100	0.1094
1101	0.1247
1102	0.1783
1103	0.1783
1104	0.1783
1105	0.1783
1106	0.1783
1107	0.1783
1108	0.1783
1109	0.1783
111	2.0505
1110	0.1783
1111	0.1783
1112	0.1783
1113	0.1783
1114	0.1783
1115	0.1783
1116	0.1783
1117	0.1783
1118	0.1783
1119	0.1783
112	2.136
1120	0.1783
1121	0.1783
1122	0.1783
1123	0.1783
1124	0.1783
1125	0.1783
1126	0.1783
1127	0.1783
1128	0.1783
1129	0.1783
113	0.9269
1130	0.1783
1131	0.1783
1132	0.1783
1133	0.1783
1134	0.1783
1135	0.1783
1136	0.1783
1137	0.1783
1138	0.1783
1139	0.1783
114	0.5553
1140	0.1783
1141	0.1783
1142	0.1783
1143	0.1783
1144	0.1783
1145	0.1783
1146	0.1783
1147	0.1783
1148	0.1783
1149	0.1783
115	1.0044
1150	0.1783
1151	0.1783
1152	0.1783
1153	0.1783
1154	0.1783
1155	0.1783
1156	0.1783
1157	0.1783
1158	0.1783
1159	0.0
116	1.69
1160	0.0
1161	5.0E-4
1162	0.0
1163	0.0
1164	0.0
1165	0.0
1166	0.0
1167	0.0
1168	0.0
1169	0.0
117	0.7075
1170	0.0
1171	0.0
1172	0.0
1173	0.0
1174	0.0
1175	0.0
1176	0.0
1177	0.0025
1178	0.0135
1179	0.0
118	1.7046
1180	0.0
1181	0.0
1182	0.0
1183	0.0
1184	0.0
1185	0.0
1186	0.0
1187	0.002
1188	0.002
1189	0.002
119	4.1794
1190	0.002
1191	0.0039
1192	0.0039
1193	0.0046
1194	0.0057
1195	0.0047
1196	0.0024
1197	0.0024
1198	0.0013
1199	0.1857
12	0.0148
120	1.8153
1200	0.0012
1201	0.0012
1202	0.0013
1203	0.0012
1204	0.0012
1205	0.0012
1206	0.0012
1207	8.0E-4
1208	9.0E-4
1209	9.0E-4
121	1.6592
1210	8.0E-4
1211	8.0E-4
1212	8.0E-4
1213	0.0146
1214	0.0015
1215	0.335
1216	0.4902
1217	0.335
1218	0.335
1219	0.002
122	1.8153
1220	0.002
1221	1.0E-4
1222	1.0E-4
1223	1.0E-4
1224	1.0E-4
1225	0.0017
1226	0.0017
1227	0.0068
1228	0.0068
1229	0.0068
123	2.918
1230	0.0068
1231	0.0068
1232	0.0068
1233	0.0068
1234	0.0
1235	0.0
1236	0.0
1237	0.0
1238	0.0
1239	0.0
124	2.3881
1240	0.0
1241	0.0
1242	0.0
1243	0.0
1244	0.0
1245	0.0
1246	0.0
1247	0.0
1248	0.0
1249	0.0
125	2.4015
1250	0.0
1251	0.0
1252	0.0
1253	0.0
1254	0.0
1255	0.0
1256	0.0
1257	0.0
1258	0.0
1259	0.0
126	2.4134
1260	0.0
1261	0.0
1262	0.0
1263	0.0
1264	0.0
1265	0.0
1266	0.0
1267	0.0
1268	0.0
1269	0.0089
127	0.7505
1270	0.0089
1271	0.0089
1272	0.0089
1273	0.0089
1274	0.0089
1275	0.0089
1276	0.0089
1277	0.0089
1278	0.0089
1279	0.0074
128	0.7505
1280	0.0074
1281	0.0074
1282	0.0074
1283	0.0074
1284	0.0
1285	0.0
1286	0.0
1287	0.0
1288	0.0205
1289	0.0205
129	0.7072
1290	0.0205
1291	0.0308
1292	0.0131
1293	0.0842
1294	0.0842
1295	0.0038
1296	0.0038
1297	0.0
1298	0.0
1299	0.0
13	0.0073
130	0.6698
1300	4.0E-4
1301	0.0
1302	0.0
1303	0.0
1304	0.0
1305	4.0E-4
1306	4.0E-4
1307	4.0E-4
1308	0.0
1309	0.0024
131	0.559
1310	1.0E-4
1311	0.0013
1312	5.0E-4
1313	5.0E-4
1314	5.0E-4
1315	5.0E-4
1316	5.0E-4
1317	5.0E-4
1318	5.0E-4
1319	5.0E-4
132	7.0592
1320	5.0E-4
1321	5.0E-4
1322	5.0E-4
1323	5.0E-4
1324	4.0E-4
1325	4.0E-4
1326	4.0E-4
1327	4.0E-4
1328	4.0E-4
1329	4.0E-4
133	0.2397
1330	4.0E-4
1331	4.0E-4
1332	4.0E-4
1333	4.0E-4
1334	4.0E-4
1335	4.0E-4
1336	4.0E-4
1337	4.0E-4
1338	4.0E-4
1339	4.0E-4
134	0.2198
1340	7.0E-4
1341	6.0E-4
1342	0.0073
1343	0.0073
1344	7.0E-4
1345	0.0129
1346	0.0026
1347	0.0026
1348	0.0026
1349	0.0026
135	0.2609
1350	0.0026
1351	0.0026
1352	0.0026
1353	0.0026
1354	0.0026
1355	0.0026
1356	0.0026
1357	0.0026
1358	0.0026
1359	0.0026
136	0.2779
1360	0.0026
1361	0.0026
1362	4.0E-4
1363	0.0324
1364	0.0324
1365	0.0023
1366	0.0022
1367	0.0023
1368	0.0023
1369	0.0023
137	0.2976
1370	1.1288
1371	0.1206
1372	0.041
1373	0.0547
1374	0.0955
1375	0.0355
1376	0.0219
1377	0.0219
1378	0.0093
1379	1.7824
138	0.3326
1380	0.0086
1381	0.0079
1382	0.0051
1383	0.0051
1384	0.0051
1385	0.0051
1386	0.0051
1387	0.0051
1388	0.0051
1389	0.0051
139	0.0804
1390	1.0E-4
1391	3.0E-4
1392	0.0
1393	0.0
1394	0.0
1395	0.0
1396	3.0E-4
1397	3.0E-4
1398	7.0E-4
1399	3.0E-4
14	0.7577
140	0.0772
1400	3.0E-4
1401	3.0E-4
1402	0.0
1403	1.0E-4
1404	1.0E-4
1405	1.0E-4
1406	0.0
1407	0.0
1408	0.0367
1409	0.0556
141	0.0703
1410	0.0556
1411	0.0556
1412	0.0556
1413	0.0556
1414	0.0556
1415	0.0556
1416	0.0667
1417	0.086
1418	0.0556
1419	0.0849
142	0.3386
1420	0.0849
1421	0.0556
1422	5.0E-4
1423	5.0E-4
1424	6.0E-4
1425	9.0E-4
1426	6.0E-4
1427	8.0E-4
1428	6.0E-4
1429	6.0E-4
143	0.4476
1430	5.0E-4
1431	5.0E-4
1432	5.0E-4
1433	0.0267
1434	0.0267
1435	0.0267
1436	0.0267
1437	0.0267
1438	5.0E-4
1439	5.0E-4
144	0.109
1440	0.0024
1441	0.0029
1442	0.0103
1443	0.6869
1444	0.0022
1445	6.0E-4
1446	4.0E-4
1447	4.0E-4
1448	4.0E-4
1449	4.0E-4
145	0.8305
1450	4.0E-4
1451	4.0E-4
1452	4.0E-4
1453	4.0E-4
1454	4.0E-4
1455	4.0E-4
1456	4.0E-4
1457	0.002
1458	8.0E-4
1459	0.0015
146	0.0703
1460	0.0017
1461	0.0163
1462	0.0162
1463	0.0163
1464	0.0162
1465	0.0162
1466	0.0163
1467	1.0292
1468	8.0E-4
1469	0.0118
147	0.0703
1470	0.0118
1471	0.0118
1472	0.0126
1473	0.0041
1474	0.0041
1475	0.0041
1476	0.0041
1477	0.0041
1478	0.0041
1479	0.0041
148	0.3137
1480	0.0041
1481	0.0041
1482	0.0041
1483	7.0E-4
1484	7.0E-4
1485	7.0E-4
1486	7.0E-4
1487	0.0171
1488	0.0125
1489	0.0171
149	0.0947
1490	0.0125
1491	0.0098
1492	0.0098
1493	0.0101
1494	0.0129
1495	0.0025
1496	0.0025
1497	0.0025
1498	0.0025
1499	0.0101
15	0.0078
150	0.0945
1500	0.0025
1501	0.0025
1502	0.0103
1503	0.0103
1504	0.0025
1505	0.0101
1506	0.0071
1507	0.077
1508	0.0077
1509	0.0011
151	0.0984
1510	0.0011
1511	0.0011
1512	0.0011
1513	0.0011
1514	0.0011
1515	0.0011
1516	0.0011
1517	6.0E-4
1518	0.0019
1519	0.0026
152	0.0631
1520	7.0E-4
1521	7.0E-4
1522	7.0E-4
1523	7.0E-4
1524	7.0E-4
1525	7.0E-4
1526	7.0E-4
1527	0.0013
1528	0.0013
1529	0.0011
153	0.1014
1530	9.0E-4
1531	8.0E-4
1532	7.0E-4
1533	0.0119
1534	1.0E-4
1535	2.0E-4
1536	2.0E-4
1537	5.0E-4
1538	0.7013
1539	1.1319
154	0.0012
1540	1.5529
1541	1.503
1542	0.7013
1543	0.0053
1544	0.0
1545	0.0
1546	0.0
1547	0.0
1548	0.0
1549	0.0
155	0.4099
1550	0.0
1551	2.0E-4
1552	4.0E-4
1553	7.0E-4
1554	7.0E-4
1555	7.0E-4
1556	7.0E-4
1557	7.0E-4
1558	7.0E-4
1559	7.0E-4
156	0.171
1560	7.0E-4
1561	3.0E-4
1562	3.0E-4
1563	3.0E-4
1564	8.0E-4
1565	0.0
1566	0.0
1567	0.0
1568	0.0
1569	0.0
157	0.4219
1570	0.0
1571	0.0
1572	0.0
1573	0.0
1574	0.0
1575	0.0
1576	0.0
1577	0.0
1578	0.0
1579	0.0
158	0.494
1580	0.0
1581	0.0
1582	0.0
1583	0.0
1584	0.0
1585	0.0
1586	0.0
1587	0.0
1588	0.0
1589	0.0015
159	0.4219
1590	0.0013
1591	0.0013
1592	0.0
1593	0.0
1594	0.0
1595	0.0
1596	0.0
1597	0.0
1598	0.0
1599	0.0
16	2.9584
160	0.4523
1600	0.0
1601	0.0
1602	0.0176
1603	0.0176
1604	0.0176
1605	0.0176
1606	0.0176
1607	4.0E-4
1608	0.1201
1609	0.1201
161	0.4345
1610	0.1201
1611	0.1201
1612	0.1201
1613	0.1201
1614	0.0068
1615	0.0068
1616	0.0068
1617	0.0068
1618	0.0068
1619	1.0E-4
162	0.4219
1620	0.1389
1621	0.1051
1622	0.1051
1623	0.1051
1624	0.1051
1625	0.1051
1626	4.0E-4
1627	4.0E-4
1628	4.0E-4
1629	4.0E-4
163	0.4099
1630	4.0E-4
1631	4.0E-4
1632	4.0E-4
1633	4.0E-4
1634	7.0E-4
1635	4.0E-4
1636	4.0E-4
1637	4.0E-4
1638	4.0E-4
1639	3.0E-4
164	0.2466
1640	4.0E-4
1641	4.0E-4
1642	3.0E-4
1643	3.0E-4
1644	4.0E-4
1645	4.0E-4
1646	4.0E-4
1647	4.0E-4
1648	3.0E-4
1649	3.0E-4
165	0.4099
1650	4.0E-4
1651	4.0E-4
1652	4.0E-4
1653	4.0E-4
1654	4.0E-4
1655	4.0E-4
1656	4.0E-4
1657	4.0E-4
1658	4.0E-4
1659	4.0E-4
166	0.4332
1660	4.0E-4
1661	4.0E-4
1662	4.0E-4
1663	4.0E-4
1664	4.0E-4
1665	0.4103
1666	0.6074
1667	0.4103
1668	0.4103
1669	0.0244
167	0.4099
1670	0.0244
1671	0.0285
1672	0.0244
1673	0.0244
1674	0.0244
1675	0.0244
1676	0.0244
1677	0.0244
1678	0.9875
1679	0.0066
168	0.3771
1680	0.0012
1681	6.0E-4
1682	6.0E-4
1683	0.0039
1684	6.0E-4
1685	6.0E-4
1686	6.0E-4
1687	3.0E-4
1688	0.0028
1689	3.0E-4
169	0.3771
1690	3.0E-4
1691	3.0E-4
1692	3.0E-4
1693	3.0E-4
1694	3.0E-4
1695	3.0E-4
1696	4.0E-4
1697	4.0E-4
1698	4.0E-4
1699	4.0E-4
17	0.0078
170	0.3771
1700	3.0E-4
1701	3.0E-4
1702	3.0E-4
1703	3.0E-4
1704	3.0E-4
1705	3.0E-4
1706	8.0E-4
1707	4.0E-4
1708	4.0E-4
1709	4.0E-4
171	0.3784
1710	4.0E-4
1711	4.0E-4
1712	4.0E-4
1713	4.0E-4
1714	4.0E-4
1715	4.0E-4
1716	4.0E-4
1717	4.0E-4
1718	4.0E-4
1719	4.0E-4
172	0.3771
1720	4.0E-4
1721	4.0E-4
1722	4.0E-4
1723	3.0E-4
1724	3.0E-4
1725	3.0E-4
1726	3.0E-4
1727	3.0E-4
1728	3.0E-4
1729	3.0E-4
173	0.3695
1730	3.0E-4
1731	3.0E-4
1732	3.0E-4
1733	3.0E-4
1734	3.0E-4
1735	3.0E-4
1736	3.0E-4
1737	4.0E-4
1738	4.0E-4
1739	4.0E-4
174	0.2669
1740	4.0E-4
1741	3.0E-4
1742	3.0E-4
1743	3.0E-4
1744	3.0E-4
1745	3.0E-4
1746	3.0E-4
1747	3.0E-4
1748	3.0E-4
1749	3.0E-4
175	0.4077
1750	5.0E-4
1751	5.0E-4
1752	5.0E-4
1753	5.0E-4
1754	5.0E-4
1755	5.0E-4
1756	5.0E-4
1757	5.0E-4
1758	5.0E-4
1759	5.0E-4
176	0.456
1760	0.0027
1761	0.0034
1762	0.0034
1763	0.0034
1764	0.0162
1765	0.0162
1766	4.0E-4
1767	4.0E-4
1768	4.0E-4
1769	4.0E-4
177	0.2731
1770	4.0E-4
1771	4.0E-4
1772	3.0E-4
1773	3.0E-4
1774	3.0E-4
1775	3.0E-4
1776	3.0E-4
1777	3.0E-4
1778	3.0E-4
1779	3.0E-4
178	0.0833
1780	3.0E-4
1781	3.0E-4
1782	3.0E-4
1783	3.0E-4
1784	3.0E-4
1785	3.0E-4
1786	3.0E-4
1787	3.0E-4
1788	3.0E-4
1789	8.0E-4
179	0.1485
1790	8.0E-4
1791	4.0E-4
1792	4.0E-4
1793	4.0E-4
1794	4.0E-4
1795	4.0E-4
1796	4.0E-4
1797	4.0E-4
1798	4.0E-4
1799	4.0E-4
18	0.1893
180	0.139
1800	4.0E-4
1801	4.0E-4
1802	4.0E-4
1803	4.0E-4
1804	4.0E-4
1805	4.0E-4
1806	4.0E-4
1807	4.0E-4
1808	4.0E-4
1809	4.0E-4
181	0.1397
1810	4.0E-4
1811	4.0E-4
1812	4.0E-4
1813	4.0E-4
1814	4.0E-4
1815	5.0E-4
1816	5.0E-4
1817	5.0E-4
1818	0.007
1819	0.0328
182	0.0923
1820	0.0067
1821	0.0078
1822	0.0067
1823	0.0224
1824	0.0224
1825	0.0224
1826	0.0224
1827	0.0224
1828	0.0224
1829	0.0224
183	0.139
1830	0.0282
1831	0.0382
1832	0.0224
1833	0.0376
1834	0.0376
1835	0.0224
1836	0.0264
1837	0.0132
1838	0.0358
1839	0.035
184	0.1406
1840	0.035
1841	0.0298
1842	0.0274
1843	0.0274
1844	0.0274
1845	0.0274
1846	0.0274
1847	0.0274
1848	0.0274
1849	0.01
185	0.1389
1850	0.01
1851	0.0127
1852	0.01
1853	0.0076
1854	1.0E-4
1855	0.0
1856	0.0
1857	0.0
1858	0.0
1859	0.0
186	0.1398
1860	0.0019
1861	0.0036
1862	0.0036
1863	0.0041
1864	0.0
1865	0.0
1866	0.0
1867	3.0E-4
1868	3.0E-4
1869	0.0
187	0.1396
1870	4.0E-4
1871	0.7075
1872	2.698
1873	2.9592
1874	0.6999
1875	3.5013
1876	2.3478
1877	3.5013
1878	3.5325
1879	0.135
188	0.1389
1880	0.135
1881	0.135
1882	0.135
1883	3.0954
1884	0.502
1885	0.502
1886	0.502
1887	0.502
1888	0.502
1889	0.502
189	0.1678
1890	0.502
1891	0.502
1892	0.502
1893	0.502
1894	0.502
1895	0.502
1896	0.0
1897	0.0
1898	0.0
1899	0.0
19	0.0955
190	0.004
1900	0.0
1901	0.0
1902	0.0
1903	0.0
1904	0.0
1905	0.0
1906	0.0
1907	0.0
1908	0.0
1909	0.0
191	0.0055
1910	0.0
1911	0.0
1912	0.0
1913	0.0
1914	0.0
1915	0.0
1916	0.0
1917	0.0
1918	0.0
1919	0.0
192	0.3498
1920	0.0
1921	0.0
1922	0.0
1923	0.0
1924	0.0
1925	0.0
1926	0.0
1927	0.0
1928	0.0
1929	0.0
193	2.4364
1930	0.0
1931	0.0
1932	0.0
1933	0.0
1934	0.0
1935	0.0
1936	0.0
1937	0.0
1938	0.0
1939	0.0
194	0.8517
1940	0.0
1941	0.0
1942	0.0
1943	0.0
1944	0.0
1945	0.0
1946	0.0
1947	0.0
1948	0.0
1949	0.0
195	1.1526
1950	0.0
1951	0.0
1952	0.0
1953	0.0
1954	0.0
1955	0.0
1956	0.0
1957	0.0
1958	0.0
1959	0.0
196	1.1456
1960	0.0
1961	0.0
1962	0.0
1963	0.0
1964	0.0
1965	0.0
1966	0.0
1967	0.0
1968	0.0
1969	0.0
197	0.7902
1970	0.0
1971	0.0
1972	0.0
1973	0.0
1974	0.0
1975	0.0
1976	0.0
1977	0.0
1978	0.0
1979	0.0
198	0.9528
1980	0.0
1981	0.0
1982	0.0
1983	0.0
1984	0.0
1985	0.0
1986	0.0
1987	0.0
1988	0.0
1989	0.0
199	1.1413
1990	0.0
1991	0.0
1992	0.0
1993	0.0
1994	0.0
1995	1.0018
1996	0.0
1997	0.0
1998	0.0
1999	0.0
2	27.9885
20	0.3136
200	1.3667
2000	0.0
2001	0.0
2002	0.0
2003	0.0
2004	0.0
2005	0.0
2006	0.0
2007	0.0
2008	0.0
2009	0.0
201	2.2414
2010	0.0
2011	0.0
2012	0.0
2013	0.0
2014	0.0
2015	0.0
2016	0.0
2017	0.0
2018	0.0
2019	0.0
202	2.2963
2020	0.0
2021	0.0
2022	0.0
2023	0.0
2024	0.0
2025	0.0
2026	0.0
2027	0.0
2028	0.0
2029	0.0
203	0.7307
2030	0.0
2031	0.0
2032	0.0
2033	0.0
2034	0.0
2035	0.0
2036	0.0
2037	0.0
2038	0.0
2039	0.0
204	1.0451
2040	0.0
2041	0.0
2042	0.0
2043	0.0
2044	0.0
2045	0.0
2046	0.0
2047	0.0
2048	0.0
2049	0.0
205	0.8523
2050	0.0
2051	0.0
2052	0.0
2053	0.0
2054	0.0
2055	0.0
2056	0.0
2057	0.0
2058	0.0
2059	0.0
206	0.7064
2060	0.0
2061	0.0
2062	0.0
2063	0.0
2064	0.0
2065	0.0
2066	0.0
2067	0.0
2068	0.0
2069	0.0
207	0.0115
2070	0.0
2071	0.0
2072	0.0
2073	0.0
2074	0.0
2075	0.0
2076	0.0
2077	0.0
2078	0.0
2079	0.0
208	0.012
2080	0.0249
2081	0.0188
2082	0.0249
2083	0.0188
2084	0.0155
2085	0.0197
2086	0.0037
2087	0.0037
2088	0.0037
2089	0.0037
209	0.0428
2090	0.0155
2091	0.0037
2092	0.0037
2093	0.015
2094	0.015
2095	0.0037
2096	0.0155
2097	0.0098
2098	0.0583
2099	0.0118
21	0.0918
210	0.0339
2100	0.9732
2101	0.0061
2102	2.0E-4
2103	0.2255
2104	3.0E-4
2105	4.0E-4
2106	4.0E-4
2107	8.0E-4
2108	8.0E-4
2109	8.0E-4
211	0.2373
2110	8.0E-4
2111	8.0E-4
2112	8.0E-4
2113	8.0E-4
2114	8.0E-4
2115	0.001
2116	8.0E-4
2117	8.0E-4
2118	8.0E-4
2119	8.0E-4
212	1.6427
2120	8.0E-4
2121	8.0E-4
2122	8.0E-4
2123	8.0E-4
2124	8.0E-4
2125	0.0182
2126	0.0182
2127	0.0243
2128	0.0484
2129	0.0243
213	1.5903
2130	0.0243
2131	0.0243
2132	0.0099
2133	0.0099
2134	0.0099
2135	0.0099
2136	0.0099
2137	0.041
2138	0.041
2139	0.0479
214	1.6021
2140	0.041
2141	0.041
2142	0.041
2143	0.041
2144	0.6897
2145	0.8165
2146	0.6697
2147	0.6697
2148	0.6897
2149	8.0E-4
215	1.5784
2150	8.0E-4
2151	8.0E-4
2152	8.0E-4
2153	8.0E-4
2154	8.0E-4
2155	8.0E-4
2156	8.0E-4
2157	8.0E-4
2158	8.0E-4
2159	0.0013
216	1.5842
2160	0.0013
2161	0.0013
2162	0.0013
2163	0.0013
2164	0.0013
2165	0.0013
2166	0.0013
2167	0.001
2168	0.001
2169	0.001
217	1.6587
2170	0.001
2171	0.0337
2172	0.8664
2173	0.001
2174	0.001
2175	0.001
2176	0.001
2177	0.001
2178	0.001
2179	0.001
218	1.0354
2180	9.0E-4
2181	9.0E-4
2182	9.0E-4
2183	9.0E-4
2184	9.0E-4
2185	9.0E-4
2186	9.0E-4
2187	9.0E-4
2188	9.0E-4
2189	9.0E-4
219	0.2675
2190	9.0E-4
2191	9.0E-4
2192	9.0E-4
2193	0.919
2194	0.8999
2195	0.8999
2196	0.919
2197	0.919
2198	0.8612
2199	0.3465
22	0.0073
220	0.2838
2200	0.3465
2201	0.3465
2202	0.3465
2203	0.3465
2204	0.3465
2205	0.3465
2206	0.3465
2207	0.3465
2208	0.3465
2209	0.0022
221	0.015
2210	2.0E-4
2211	8.0E-4
2212	0.002
2213	7.0E-4
2214	4.0E-4
2215	6.0E-4
2216	2.0E-4
2217	2.0E-4
2218	3.0E-4
2219	7.0E-4
222	0.015
2220	3.0E-4
2221	6.0E-4
2222	0.0012
2223	3.0E-4
2224	3.0E-4
2225	4.0E-4
2226	4.0E-4
2227	4.0E-4
2228	4.0E-4
2229	9.0E-4
223	7.0E-4
2230	6.0E-4
2231	3.0E-4
2232	3.0E-4
2233	3.0E-4
2234	3.0E-4
2235	6.0E-4
2236	0.0015
2237	6.0E-4
2238	9.0E-4
2239	9.0E-4
224	1.6301
2240	9.0E-4
2241	6.0E-4
2242	6.0E-4
2243	6.0E-4
2244	9.0E-4
2245	9.0E-4
2246	4.0E-4
2247	4.0E-4
2248	4.0E-4
2249	6.0E-4
225	0.0068
2250	2.0E-4
2251	2.0E-4
2252	2.0E-4
2253	2.0E-4
2254	2.0E-4
2255	2.0E-4
2256	2.0E-4
2257	2.0E-4
2258	0.0014
2259	4.0E-4
226	0.007
2260	6.0E-4
2261	9.0E-4
2262	6.0E-4
2263	9.0E-4
2264	4.0E-4
2265	4.0E-4
2266	4.0E-4
2267	7.0E-4
2268	0.0014
2269	3.0E-4
227	0.0064
2270	4.0E-4
2271	4.0E-4
2272	4.0E-4
2273	4.0E-4
2274	4.0E-4
2275	9.0E-4
2276	9.0E-4
2277	9.0E-4
2278	9.0E-4
2279	6.0E-4
228	0.0068
2280	6.0E-4
2281	9.0E-4
2282	0.0015
2283	0.0021
2284	6.0E-4
2285	4.0E-4
2286	4.0E-4
2287	4.0E-4
2288	4.0E-4
2289	4.0E-4
229	0.0092
2290	0.0018
2291	4.0E-4
2292	4.0E-4
2293	4.0E-4
2294	9.0E-4
2295	9.0E-4
2296	9.0E-4
2297	9.0E-4
2298	2.0E-4
2299	2.0E-4
23	0.0776
230	0.0068
2300	2.0E-4
2301	2.0E-4
2302	2.0E-4
2303	2.0E-4
2304	2.0E-4
2305	2.0E-4
2306	0.0
2307	0.0
2308	0.0
2309	0.0
231	0.2681
2310	0.0
2311	0.0
2312	0.0
2313	0.0
2314	0.0
2315	0.0
2316	0.0
2317	0.0
2318	0.0
2319	0.0
232	0.2001
2320	0.0
2321	0.0
2322	0.0
2323	0.0
2324	0.0
2325	0.0
2326	0.0
2327	0.0
2328	0.0
2329	0.0
233	0.2001
2330	0.0
2331	0.0
2332	0.0
2333	0.0
2334	0.0
2335	0.0
2336	0.0
2337	0.0
2338	0.0
2339	0.0
234	0.2001
2340	0.0
2341	0.0
2342	0.0
2343	0.0
2344	0.0
2345	0.0
2346	0.0
2347	0.0
2348	0.0
2349	0.0
235	0.3333
2350	0.0
2351	0.0
2352	0.0
2353	0.0
2354	0.0
2355	0.0
2356	0.0
2357	0.0
2358	0.0
2359	0.0
236	0.3577
2360	0.0
2361	0.0
2362	0.0056
2363	0.1552
2364	0.0
2365	0.0
2366	0.0
2367	0.0
2368	0.0
2369	0.0
237	0.2001
2370	0.0
2371	0.0
2372	0.0
2373	0.0
2374	0.0
2375	0.0
2376	0.0
2377	0.0
2378	0.0
2379	0.0
238	0.2001
2380	0.0
2381	0.0
2382	0.0
2383	0.0
2384	0.0
2385	0.0
2386	0.0
2387	0.0
2388	0.0
2389	0.0
239	0.2001
2390	0.0
2391	0.0
2392	0.0
2393	0.0
2394	0.0
2395	0.0
2396	0.0
2397	0.0
2398	0.0
2399	0.0
24	0.008
240	0.3762
2400	0.0
2401	0.0
2402	0.0011
2403	0.0
2404	0.0
2405	0.0
2406	0.0
2407	0.0
2408	0.0
2409	0.0
241	0.208
2410	0.0
2411	0.0
2412	0.0
2413	0.0
2414	0.0
2415	0.0
2416	0.0
2417	1.0E-4
2418	1.0E-4
2419	1.0E-4
242	0.3293
2420	0.0
2421	0.0
2422	0.0
2423	0.0
2424	0.0
2425	0.0
2426	0.0
2427	0.0
2428	0.0
2429	0.0
243	0.2001
2430	0.0
2431	0.0
2432	0.0
2433	0.0
2434	0.0
2435	0.0
2436	0.0
2437	0.0
2438	0.0
2439	0.0
244	0.31
2440	0.0
2441	0.0
2442	0.0
2443	0.0
2444	0.0
2445	0.0
2446	0.0
2447	0.0
2448	0.0
2449	0.0
245	0.31
2450	0.0
2451	0.0
2452	0.0172
2453	0.0104
2454	0.0104
2455	0.0043
2456	0.0104
2457	0.0111
2458	0.0104
2459	0.0043
246	0.2759
2460	0.0022
2461	0.0022
2462	0.0022
2463	0.0022
2464	0.0022
2465	0.0022
2466	0.0022
2467	0.0022
2468	0.0022
2469	0.0022
247	0.2001
2470	0.0022
2471	0.0022
2472	0.0022
2473	0.0022
2474	0.0022
2475	0.0022
2476	0.0022
2477	0.0022
2478	0.0022
2479	0.0022
248	0.6172
2480	0.0022
2481	0.0022
2482	0.0121
2483	0.0067
2484	0.0067
2485	0.0243
2486	0.0243
2487	0.0025
2488	0.0025
2489	0.0025
249	1.1784
2490	0.0025
2491	0.0025
2492	0.0025
2493	0.0025
2494	0.0025
2495	0.0025
2496	0.0025
2497	0.0025
2498	0.0025
2499	0.0025
25	0.0073
250	0.2683
2500	0.0025
2501	0.0025
2502	0.0025
2503	0.0025
2504	0.0025
2505	0.0025
2506	0.0025
2507	0.0025
2508	0.0025
2509	0.0025
251	0.2803
2510	3.0E-4
2511	2.0E-4
2512	2.0E-4
2513	2.0E-4
2514	2.0E-4
2515	1.0E-4
2516	1.0E-4
2517	1.0E-4
2518	1.0E-4
2519	1.0E-4
252	0.6023
2520	1.0E-4
2521	1.0E-4
2522	1.0E-4
2523	1.0E-4
2524	2.0E-4
2525	1.0E-4
2526	1.0E-4
2527	1.0E-4
2528	1.0E-4
2529	1.0E-4
253	0.2122
2530	1.0E-4
2531	1.0E-4
2532	2.0E-4
2533	2.0E-4
2534	2.0E-4
2535	5.0E-4
2536	0.1912
2537	0.4143
2538	0.4143
2539	0.1912
254	0.3584
2540	6.0E-4
2541	6.0E-4
2542	6.0E-4
2543	6.0E-4
2544	2.0E-4
2545	2.0E-4
2546	2.0E-4
2547	4.0E-4
2548	4.0E-4
2549	4.0E-4
255	0.4581
2550	4.0E-4
2551	1.0181
2552	1.0181
2553	1.0181
2554	1.0181
2555	1.0E-4
2556	1.0E-4
2557	1.0E-4
2558	1.0E-4
2559	1.0E-4
256	0.4237
2560	1.0E-4
2561	1.0E-4
2562	1.0E-4
2563	0.0029
2564	2.0E-4
2565	2.0E-4
2566	2.0E-4
2567	2.0E-4
2568	2.0E-4
2569	1.0E-4
257	0.5319
2570	1.0E-4
2571	1.0E-4
2572	1.0E-4
2573	1.0E-4
2574	1.0E-4
2575	1.0E-4
2576	1.0E-4
2577	1.0E-4
2578	1.0E-4
2579	1.0E-4
258	1.1955
2580	1.0E-4
2581	1.0E-4
2582	1.0E-4
2583	1.0E-4
2584	1.0E-4
2585	1.0E-4
2586	5.0E-4
2587	5.0E-4
2588	0.0132
2589	0.0027
259	1.1955
2590	0.0027
2591	0.0027
2592	0.0025
2593	0.0025
2594	0.0025
2595	0.0025
2596	0.0025
2597	0.0025
2598	0.01
2599	4.0E-4
26	1.2471
260	1.1955
2600	4.0E-4
2601	4.0E-4
2602	4.0E-4
2603	4.0E-4
2604	2.0E-4
2605	2.0E-4
2606	2.0E-4
2607	2.0E-4
2608	2.0E-4
2609	2.0E-4
261	0.1129
2610	2.0E-4
2611	2.0E-4
2612	2.0E-4
2613	2.0E-4
2614	2.0E-4
2615	1.0E-4
2616	1.0E-4
2617	1.0E-4
2618	1.0E-4
2619	1.0E-4
262	0.1241
2620	1.0E-4
2621	1.0E-4
2622	1.0E-4
2623	1.0E-4
2624	1.0E-4
2625	1.0E-4
2626	1.0E-4
2627	1.0E-4
2628	1.0E-4
2629	1.0E-4
263	0.1176
2630	0.0
2631	0.0
2632	0.0
2633	0.0
2634	0.0
2635	0.0
2636	0.0
2637	0.0
2638	0.0
2639	0.0
264	0.1322
2640	0.0
2641	0.0
2642	0.0
2643	0.0
2644	0.0
2645	0.0
2646	0.0
2647	0.0
2648	0.0
2649	0.0
265	0.1199
2650	1.0E-4
2651	1.0E-4
2652	1.0E-4
2653	1.0E-4
2654	1.0E-4
2655	1.0E-4
2656	1.0E-4
2657	1.0E-4
2658	1.0E-4
2659	1.0E-4
266	0.1188
2660	1.0E-4
2661	1.0E-4
2662	1.0E-4
2663	5.0E-4
2664	3.0E-4
2665	3.0E-4
2666	3.0E-4
2667	2.0E-4
2668	2.0E-4
2669	2.0E-4
267	0.1277
2670	2.0E-4
2671	1.0699
2672	1.0699
2673	1.0699
2674	1.0699
2675	1.0699
2676	0.0011
2677	0.0
2678	1.0E-4
2679	1.0E-4
268	0.1251
2680	2.0E-4
2681	1.0E-4
2682	1.0E-4
2683	1.0E-4
2684	1.0E-4
2685	0.0
2686	0.0
2687	0.0
2688	0.0
2689	0.0
269	0.1176
2690	0.0
2691	0.0
2692	0.0
2693	0.0
2694	0.0
2695	0.0
2696	0.0
2697	0.0
2698	0.0
2699	0.0
27	15.8124
270	0.1301
2700	0.0
2701	0.0
2702	0.0
2703	0.0
2704	0.0
2705	0.0
2706	0.0
2707	0.0
2708	0.0
2709	0.0
271	0.1099
2710	0.0
2711	0.0
2712	0.0
2713	0.0
2714	0.0
2715	0.0
2716	0.0
2717	0.0
2718	0.0
2719	0.0
272	0.126
2720	0.0
2721	0.0
2722	0.0
2723	0.0
2724	0.0
2725	0.0
2726	1.0E-4
2727	3.0E-4
2728	0.0
2729	0.0
273	0.1186
2730	0.0
2731	0.0
2732	0.0
2733	0.0
2734	0.0
2735	0.1971
2736	3.0E-4
2737	0.0021
2738	0.0021
2739	0.0021
274	0.111
2740	0.0021
2741	0.0021
2742	0.0021
2743	0.0021
2744	0.0021
2745	0.0021
2746	0.0021
2747	0.0021
2748	3.0E-4
2749	3.0E-4
275	0.1228
2750	2.0E-4
2751	2.0E-4
2752	3.0E-4
2753	0.015
2754	5.0E-4
2755	5.0E-4
2756	6.0E-4
2757	5.0E-4
2758	5.0E-4
2759	6.0E-4
276	0.1381
2760	3.0E-4
2761	3.0E-4
2762	3.0E-4
2763	0.0028
2764	0.0028
2765	0.0028
2766	0.0028
2767	0.0028
2768	0.0028
2769	0.0028
277	0.1203
2770	0.0028
2771	0.5034
2772	0.5034
2773	0.5034
2774	0.5034
2775	0.5034
2776	0.5034
2777	0.5034
2778	0.5034
2779	0.5034
278	0.1292
2780	0.5034
2781	0.5034
2782	0.5034
2783	1.0E-4
2784	8.0E-4
2785	8.0E-4
2786	0.005
2787	0.0218
2788	0.0218
2789	5.0E-4
279	0.1184
2790	5.0E-4
2791	5.0E-4
2792	5.0E-4
2793	5.0E-4
2794	5.0E-4
2795	5.0E-4
2796	6.0E-4
2797	8.0E-4
2798	0.0101
2799	3.0E-4
28	12.1404
280	0.3458
2800	3.0E-4
2801	3.0E-4
2802	3.0E-4
2803	3.0E-4
2804	3.0E-4
2805	3.0E-4
2806	3.0E-4
2807	3.0E-4
2808	3.0E-4
2809	3.0E-4
281	0.1186
2810	3.0E-4
2811	3.0E-4
2812	3.0E-4
2813	3.0E-4
2814	3.0E-4
2815	3.0E-4
2816	3.0E-4
2817	3.0E-4
2818	3.0E-4
2819	3.0E-4
282	0.1219
2820	3.0E-4
2821	3.0E-4
2822	3.0E-4
2823	3.0E-4
2824	3.0E-4
2825	3.0E-4
2826	3.0E-4
2827	3.0E-4
2828	3.0E-4
2829	3.0E-4
283	0.1188
2830	3.0E-4
2831	3.0E-4
2832	3.0E-4
2833	3.0E-4
2834	3.0E-4
2835	3.0E-4
2836	3.0E-4
2837	3.0E-4
2838	3.0E-4
2839	3.0E-4
284	0.12
2840	3.0E-4
2841	3.0E-4
2842	3.0E-4
2843	3.0E-4
2844	3.0E-4
2845	3.0E-4
2846	3.0E-4
2847	3.0E-4
2848	3.0E-4
2849	3.0E-4
285	0.1191
2850	3.0E-4
2851	3.0E-4
2852	3.0E-4
2853	3.0E-4
2854	3.0E-4
2855	3.0E-4
2856	3.0E-4
2857	3.0E-4
2858	3.0E-4
2859	3.0E-4
286	0.1176
2860	3.0E-4
2861	3.0E-4
2862	3.0E-4
2863	3.0E-4
2864	3.0E-4
2865	3.0E-4
2866	3.0E-4
2867	3.0E-4
2868	3.0E-4
2869	3.0E-4
287	0.1176
2870	3.0E-4
2871	3.0E-4
2872	3.0E-4
2873	3.0E-4
2874	3.0E-4
2875	3.0E-4
2876	3.0E-4
2877	3.0E-4
2878	3.0E-4
2879	3.0E-4
288	0.1206
2880	3.0E-4
2881	3.0E-4
2882	3.0E-4
2883	3.0E-4
2884	3.0E-4
2885	3.0E-4
2886	3.0E-4
2887	3.0E-4
2888	3.0E-4
2889	3.0E-4
289	0.1188
2890	3.0E-4
2891	3.0E-4
2892	3.0E-4
2893	3.0E-4
2894	3.0E-4
2895	3.0E-4
2896	3.0E-4
2897	3.0E-4
2898	3.0E-4
2899	3.0E-4
29	12.0489
290	0.1194
2900	3.0E-4
2901	3.0E-4
2902	3.0E-4
2903	3.0E-4
2904	3.0E-4
2905	3.0E-4
2906	3.0E-4
2907	3.0E-4
2908	3.0E-4
2909	3.0E-4
291	0.1227
2910	3.0E-4
2911	3.0E-4
2912	3.0E-4
2913	3.0E-4
2914	3.0E-4
2915	3.0E-4
2916	3.0E-4
2917	3.0E-4
2918	3.0E-4
2919	3.0E-4
292	0.121
2920	3.0E-4
2921	3.0E-4
2922	3.0E-4
2923	3.0E-4
2924	3.0E-4
2925	3.0E-4
2926	3.0E-4
2927	3.0E-4
2928	3.0E-4
2929	3.0E-4
293	0.1195
2930	3.0E-4
2931	3.0E-4
2932	3.0E-4
2933	3.0E-4
2934	3.0E-4
2935	3.0E-4
2936	3.0E-4
2937	3.0E-4
2938	3.0E-4
2939	3.0E-4
294	0.1657
2940	3.0E-4
2941	3.0E-4
2942	3.0E-4
2943	3.0E-4
2944	3.0E-4
2945	3.0E-4
2946	3.0E-4
2947	3.0E-4
2948	3.0E-4
2949	3.0E-4
295	0.1661
2950	3.0E-4
2951	3.0E-4
2952	3.0E-4
2953	3.0E-4
2954	3.0E-4
2955	3.0E-4
2956	3.0E-4
2957	3.0E-4
2958	3.0E-4
2959	3.0E-4
296	0.1653
2960	3.0E-4
2961	3.0E-4
2962	3.0E-4
2963	3.0E-4
2964	3.0E-4
2965	3.0E-4
2966	3.0E-4
2967	3.0E-4
2968	3.0E-4
2969	3.0E-4
297	0.1726
2970	3.0E-4
2971	3.0E-4
2972	3.0E-4
2973	3.0E-4
2974	3.0E-4
2975	3.0E-4
2976	3.0E-4
2977	3.0E-4
2978	3.0E-4
2979	3.0E-4
298	0.173
2980	3.0E-4
2981	3.0E-4
2982	3.0E-4
2983	0.0101
2984	0.0011
2985	0.0011
2986	0.0011
2987	0.0011
2988	0.0011
2989	0.0011
299	0.1653
2990	0.0089
2991	0.0054
2992	0.0054
2993	0.0054
2994	0.0023
2995	0.0054
2996	0.0058
2997	0.0054
2998	0.0023
2999	0.0011
3	0.0127
30	3.2666
300	0.5375
3000	0.0011
3001	0.0011
3002	0.0011
3003	0.0011
3004	0.0011
3005	0.0011
3006	0.0011
3007	0.0011
3008	0.0011
3009	0.0011
301	0.1653
3010	0.0011
3011	0.0011
3012	0.0011
3013	0.0011
3014	0.0011
3015	0.0011
3016	0.0011
3017	0.0011
3018	0.0011
3019	0.0011
302	0.4101
3020	0.0011
3021	0.0011
3022	0.0011
3023	0.0011
3024	0.0011
3025	0.0011
3026	0.0063
3027	0.0063
3028	0.0035
3029	0.0035
303	0.6588
3030	0.0133
3031	0.0133
3032	0.0013
3033	0.0013
3034	0.0013
3035	0.0013
3036	0.0013
3037	0.0013
3038	0.0013
3039	0.0013
304	0.0079
3040	0.0013
3041	0.0013
3042	0.0013
3043	0.0013
3044	0.0013
3045	0.0013
3046	0.0013
3047	0.0013
3048	0.0013
3049	0.0013
305	0.0181
3050	0.0013
3051	0.0013
3052	0.0013
3053	0.0013
3054	0.0013
3055	0.0169
3056	0.0123
3057	0.0169
3058	0.0123
3059	0.0024
306	0.02
3060	0.0024
3061	0.0024
3062	0.0024
3063	0.0024
3064	0.0024
3065	0.0103
3066	0.0103
3067	0.0024
3068	0.007
3069	0.0027
307	0.0202
3070	0.0027
3071	0.0027
3072	0.0025
3073	0.0025
3074	0.0025
3075	0.0025
3076	0.0025
3077	0.0025
3078	5.0E-4
3079	5.0E-4
308	0.0099
3080	5.0E-4
3081	5.0E-4
3082	5.0E-4
3083	5.0E-4
3084	5.0E-4
3085	5.0E-4
3086	5.0E-4
3087	5.0E-4
3088	0.6546
3089	2.576
309	0.9926
3090	0.227
3091	0.227
3092	0.227
3093	0.227
3094	0.2323
3095	0.4587
3096	0.227
3097	0.2504
3098	0.4032
3099	0.3762
31	1.7767
310	0.8217
3100	0.3762
3101	0.3762
3102	0.2523
3103	0.2523
3104	0.2794
3105	0.3762
3106	0.3762
3107	0.3837
3108	0.3762
3109	0.4732
311	0.8251
3110	0.3762
3111	1.301
3112	0.3598
3113	0.3517
3114	0.0595
3115	0.0672
3116	0.0595
3117	0.076
3118	0.0595
3119	0.3326
312	0.8631
3120	0.0632
3121	6.0E-4
3122	1.0E-4
3123	2.0E-4
3124	1.0E-4
3125	5.0E-4
3126	3.0E-4
3127	3.0E-4
3128	4.0E-4
3129	1.0063
313	0.8217
3130	0.0042
3131	0.0042
3132	0.0042
3133	0.0038
3134	0.0038
3135	0.0038
3136	0.0038
3137	0.0038
3138	0.0038
3139	0.0137
314	0.8217
3140	0.503
3141	0.503
3142	0.503
3143	0.503
3144	0.503
3145	0.503
3146	0.503
3147	0.503
3148	0.503
3149	0.503
315	0.8217
3150	0.503
3151	0.503
3152	8.0E-4
3153	3.0E-4
3154	3.0E-4
3155	3.0E-4
3156	0.0376
3157	0.0044
3158	0.0023
3159	0.0045
316	0.8217
3160	0.0023
3161	0.0043
3162	0.0023
3163	0.6722
3164	0.1566
3165	0.0023
3166	0.0023
3167	0.0098
3168	0.0098
3169	0.0134
317	0.8217
3170	0.1207
3171	0.1226
3172	0.1226
3173	0.1207
3174	3.0E-4
3175	3.0E-4
3176	3.0E-4
3177	0.0328
3178	0.0328
3179	0.0328
318	0.8217
3180	0.0437
3181	0.4721
3182	2.33
3183	0.0528
3184	1.4089
3185	0.0328
3186	3.5564
3187	0.0503
3188	2.3296
3189	0.8096
319	0.8217
3190	0.8096
3191	0.0444
3192	0.0328
3193	0.0328
3194	0.0328
3195	0.0328
3196	0.2671
3197	0.0
3198	0.0
3199	0.0
32	2.9894
320	0.9935
3200	0.0
3201	0.0
3202	0.0
3203	0.0
3204	0.0
3205	0.0
3206	0.0
3207	0.0
3208	0.0
3209	0.0
321	0.0921
3210	0.0
3211	0.0
3212	0.0
3213	0.0
3214	0.0
3215	0.0
3216	0.0
3217	0.0
3218	0.0
3219	0.0
322	0.0926
3220	9.1123
3221	7.0446
3222	2.2157
3223	4.9756
3224	7.7339
3225	3.826
3226	6.3549
3227	12.1011
3228	5.6655
3229	3.3661
323	0.0926
3230	0.0
3231	0.0
3232	0.0
3233	4.0E-4
3234	4.0E-4
3235	4.0E-4
3236	3.0E-4
3237	3.0E-4
3238	0.0057
3239	0.004
324	0.0265
3240	0.004
3241	3.0E-4
3242	3.0E-4
3243	3.0E-4
3244	3.0E-4
3245	3.0E-4
3246	3.0E-4
3247	3.0E-4
3248	3.0E-4
3249	3.0E-4
325	0.0277
3250	3.0E-4
3251	3.0E-4
3252	3.0E-4
3253	3.0E-4
3254	3.0E-4
3255	3.0E-4
3256	3.0E-4
3257	3.0E-4
3258	3.0E-4
3259	3.0E-4
326	0.0277
3260	3.0E-4
3261	3.0E-4
3262	3.0E-4
3263	3.0E-4
3264	3.0E-4
3265	3.0E-4
3266	3.0E-4
3267	0.0
3268	0.0
3269	0.0
327	0.0277
3270	0.0
3271	0.0
3272	0.0
3273	0.0
3274	3.636
3275	0.0
3276	1.0E-4
3277	1.0E-4
3278	1.0E-4
3279	0.0
328	0.0277
3280	0.0
3281	0.0
3282	0.0
3283	0.0
3284	0.0
3285	0.0
3286	0.0
3287	0.0
3288	0.0
3289	0.0
329	0.0277
3290	0.0
3291	0.0
3292	0.0
3293	0.0
3294	0.0
3295	0.0
3296	0.0
3297	0.0
3298	0.0
3299	0.0
33	3.8757
330	0.0277
3300	0.0029
3301	0.0029
3302	0.0029
3303	0.001
3304	0.001
3305	0.001
3306	0.001
3307	0.001
3308	0.001
3309	0.001
331	0.0852
3310	0.001
3311	0.001
3312	0.001
3313	7.0E-4
3314	7.0E-4
3315	7.0E-4
3316	7.0E-4
3317	7.0E-4
3318	7.0E-4
3319	8.0E-4
332	0.1009
3320	8.0E-4
3321	9.0E-4
3322	0.0251
3323	0.0251
3324	0.0251
3325	0.0251
3326	0.0251
3327	0.0251
3328	0.0251
3329	1.0E-4
333	0.0076
3330	1.0E-4
3331	1.0E-4
3332	1.0E-4
3333	1.0E-4
3334	1.0E-4
3335	1.0E-4
3336	1.0E-4
3337	1.0E-4
3338	1.0E-4
3339	1.0E-4
334	0.1663
3340	1.0E-4
3341	0.0
3342	0.0
3343	0.0
3344	0.0
3345	0.0
3346	0.0
3347	0.0
3348	0.0
3349	0.0
335	0.1663
3350	0.0
3351	1.0E-4
3352	1.0E-4
3353	1.0E-4
3354	1.0E-4
3355	1.0E-4
3356	1.0E-4
3357	0.0
3358	0.0
3359	0.0
336	0.1663
3360	0.0
3361	0.0
3362	0.0
3363	0.0
3364	0.0
3365	0.0
3366	0.0
3367	0.0
3368	0.0
3369	0.0
337	0.6764
3370	0.0
3371	0.0
3372	0.0
3373	0.0
3374	0.0
3375	0.0
3376	0.0
3377	0.0
3378	0.0
3379	0.0
338	0.6764
3380	0.0
3381	0.0
3382	0.0
3383	0.0
3384	0.0
3385	0.0
3386	0.0
3387	0.0
3388	0.0
3389	0.0
339	0.6764
3390	0.0
3391	0.0
3392	0.0
3393	0.0
3394	0.0
3395	0.0
3396	0.0
3397	0.0
3398	0.0
3399	0.0
34	1.8487
340	0.0068
3400	0.0
3401	0.0
3402	0.0
3403	0.0
3404	0.0
3405	0.0
3406	0.0
3407	0.0
3408	0.0
3409	0.0
341	0.0155
3410	0.0
3411	0.0
3412	0.0
3413	0.0
3414	0.0
3415	0.0
3416	0.0
3417	0.0
3418	0.0
3419	0.0
342	7.0E-4
3420	0.0
3421	0.0
3422	0.0
3423	0.0
3424	0.0
3425	0.0
3426	0.0
3427	0.0
3428	0.0
3429	0.0
343	7.0E-4
3430	0.0
3431	0.0
3432	0.0
3433	0.0
3434	0.0
3435	0.0
3436	0.0
3437	0.0
3438	0.0
3439	0.0
344	0.0297
3440	0.0
3441	0.0
3442	0.0
3443	0.0
3444	0.0
3445	0.0
3446	0.0
3447	0.0
3448	0.0
3449	0.0
345	3.0E-4
3450	0.0
3451	0.0
3452	0.0
3453	0.0
3454	0.0
3455	0.0
3456	0.0
3457	0.0
3458	0.0
3459	0.0
346	3.0E-4
3460	0.0
3461	0.0
3462	0.0
3463	0.0
3464	0.0
3465	0.0
3466	0.0
3467	0.0
3468	0.0
3469	0.0
347	3.0E-4
3470	0.0
3471	1.0E-4
3472	1.0E-4
3473	1.0E-4
3474	1.0E-4
3475	1.0E-4
3476	1.0E-4
3477	1.0E-4
3478	1.0E-4
3479	1.0698
348	7.0E-4
3480	1.0698
3481	1.0698
3482	1.0698
3483	1.0698
3484	1.0698
3485	1.0698
3486	1.0698
3487	1.0698
3488	1.0698
3489	0.0
349	3.0E-4
3490	0.0
3491	0.0
3492	0.0
3493	0.0
3494	0.0
3495	0.0
3496	0.0
3497	0.0
3498	0.0
3499	0.0
35	2.1275
350	5.0E-4
3500	0.0
3501	0.0
3502	0.0
3503	0.0
3504	0.0
3505	0.0
3506	0.0
3507	0.0
3508	0.0
3509	0.0
351	3.0E-4
3510	0.0
3511	0.0078
3512	0.0639
3513	0.0012
3514	1.0151
3515	0.0011
3516	0.0011
3517	0.002
3518	0.002
3519	0.002
352	3.0E-4
3520	4.0E-4
3521	2.0E-4
3522	4.0E-4
3523	2.0E-4
3524	2.0E-4
3525	2.0E-4
3526	2.0E-4
3527	2.0E-4
3528	2.0E-4
3529	2.0E-4
353	3.0E-4
3530	2.0E-4
3531	2.0E-4
3532	8.0E-4
3533	2.0E-4
3534	8.0E-4
3535	2.0E-4
3536	2.0E-4
3537	2.0E-4
3538	2.0E-4
3539	2.0E-4
354	3.0E-4
3540	2.0E-4
3541	2.0E-4
3542	2.0E-4
3543	2.0E-4
3544	2.0E-4
3545	2.0E-4
3546	2.0E-4
3547	2.0E-4
3548	2.0E-4
3549	2.0E-4
355	3.0E-4
3550	2.0E-4
3551	2.0E-4
3552	2.0E-4
3553	2.0E-4
3554	2.0E-4
3555	4.0E-4
3556	2.0E-4
3557	2.0E-4
3558	2.0E-4
3559	2.0E-4
356	2.0549
3560	2.0E-4
3561	2.0E-4
3562	2.0E-4
3563	2.0E-4
3564	7.0E-4
3565	7.0E-4
3566	7.0E-4
3567	7.0E-4
3568	7.0E-4
3569	7.0E-4
357	1.8737
3570	7.0E-4
3571	7.0E-4
3572	7.0E-4
3573	7.0E-4
3574	5.0E-4
3575	5.0E-4
3576	5.0E-4
3577	5.0E-4
3578	5.0E-4
3579	5.0E-4
358	0.4004
3580	5.0E-4
3581	5.0E-4
3582	6.0E-4
3583	0.01
3584	1.0711
3585	1.2356
3586	1.6249
3587	1.2356
3588	0.0277
3589	0.0277
359	0.5861
3590	0.0425
3591	0.0492
3592	0.0492
3593	0.0492
3594	0.062
3595	0.062
3596	0.062
3597	0.0394
3598	0.062
3599	0.062
36	4.7681
360	0.4004
3600	0.5999
3601	0.0414
3602	0.2671
3603	0.0577
3604	0.0593
3605	0.2021
3606	0.2021
3607	0.0125
3608	0.0306
3609	0.0125
361	0.4004
3610	0.0306
3611	0.0187
3612	0.0187
3613	0.149
3614	0.0306
3615	0.103
3616	0.1348
3617	0.0253
3618	0.0253
3619	0.0253
362	1.108
3620	0.0253
3621	0.0253
3622	0.0253
3623	0.0253
3624	0.057
3625	0.0253
3626	0.0508
3627	0.0318
3628	0.0318
3629	0.0318
363	0.0213
3630	0.0318
3631	0.0318
3632	0.0318
3633	0.0318
3634	0.0404
3635	0.0404
3636	0.0404
3637	0.0638
3638	0.0144
3639	0.0144
364	0.0213
3640	0.0144
3641	0.0144
3642	0.0144
3643	2.1094
3644	2.1094
3645	1.978
3646	1.978
3647	1.978
3648	1.978
3649	0.0148
365	0.0332
3650	0.0148
3651	0.0148
3652	0.0148
3653	0.0148
3654	0.0148
3655	0.0148
3656	0.0148
3657	0.0148
3658	0.0148
3659	0.0265
366	0.0213
3660	0.0128
3661	0.0128
3662	0.0128
3663	0.0128
3664	0.5613
3665	0.0
3666	0.0
3667	0.0
3668	0.0
3669	0.0
367	0.0213
3670	0.0
3671	0.0
3672	0.0
3673	0.0
3674	0.0
3675	0.0
3676	0.0
3677	0.0
3678	0.0
3679	0.0
368	0.0213
3680	0.0
3681	0.0
3682	0.0
3683	0.0
3684	0.0
3685	0.0
3686	0.0
3687	0.0
3688	0.0
3689	0.0
369	1.127
3690	0.0
3691	0.0
3692	0.0
3693	0.0
3694	0.0
3695	0.0
3696	0.0
3697	0.0
3698	0.0
3699	0.0
37	22.0823
370	4.0E-4
3700	2.0E-4
3701	6.0E-4
3702	0.0631
3703	3.0E-4
3704	0.008
3705	0.0317
3706	0.0178
3707	0.0074
3708	0.0074
3709	0.0045
371	0.0024
3710	0.0038
3711	0.0074
3712	0.0038
3713	0.0059
3714	0.0059
3715	0.0059
3716	0.0019
3717	0.0019
3718	0.0022
3719	0.0021
372	4.0E-4
3720	0.0022
3721	0.001
3722	0.001
3723	7.0E-4
3724	7.0E-4
3725	7.0E-4
3726	0.0021
3727	0.0021
3728	0.0021
3729	1.1827
373	4.0E-4
3730	7.0E-4
3731	7.0E-4
3732	7.0E-4
3733	0.1473
3734	0.619
3735	0.1568
3736	0.1473
3737	0.0156
3738	0.0508
3739	0.0584
374	3.0E-4
3740	0.1348
3741	0.0338
3742	1.6746
3743	0.0156
3744	0.0156
3745	0.0156
3746	0.0156
3747	0.0156
3748	0.0051
3749	0.0071
375	3.0E-4
3750	0.0051
3751	0.0062
3752	0.0062
3753	0.0062
3754	0.0062
3755	0.0062
3756	0.0062
3757	0.0062
3758	0.0062
3759	0.0218
376	4.0E-4
3760	0.0218
3761	0.0218
3762	0.1452
3763	0.1452
3764	0.1452
3765	0.1452
3766	1.3157
3767	1.3157
3768	0.0109
3769	0.0109
377	4.0E-4
3770	0.0109
3771	0.0109
3772	0.0109
3773	1.3881
3774	1.3881
3775	1.3881
3776	1.3881
3777	0.0139
3778	0.0139
3779	0.0139
378	4.0E-4
3780	0.0139
3781	0.9518
3782	1.2755
3783	0.9518
3784	0.9518
3785	0.9518
3786	0.9518
3787	0.0116
3788	0.0142
3789	1.2105
379	4.0E-4
3790	1.2105
3791	1.2105
3792	0.3343
3793	0.3343
3794	0.3343
3795	0.3343
3796	0.3343
3797	0.3343
3798	0.3343
3799	0.3343
38	20.3248
380	3.0E-4
3800	0.0
3801	0.0
3802	0.0
3803	0.0
3804	0.0
3805	0.0
3806	0.0
3807	0.0
3808	3.636
3809	0.0
381	3.0E-4
3810	1.0E-4
3811	1.0E-4
3812	1.0E-4
3813	0.0
3814	0.0
3815	0.0
3816	0.0
3817	0.0
3818	0.0
3819	0.0
382	0.0261
3820	0.0
3821	0.0
3822	0.0
3823	0.0
3824	0.0
3825	0.0
3826	0.0
3827	0.0
3828	0.0
3829	0.0
383	0.0261
3830	0.0
3831	0.0
3832	0.0
3833	0.0
3834	10.6444
3835	5.0731
3836	2.0026
3837	0.8435
3838	0.5249
3839	0.4221
384	0.0492
3840	0.3961
3841	0.3869
3842	0.3851
3843	0.3845
3844	0.3844
3845	0.3844
3846	0.3844
3847	0.3844
3848	0.3844
3849	0.3844
385	0.0492
3850	0.3844
3851	0.3844
3852	0.3844
3853	0.3844
3854	0.3844
3855	0.3844
3856	0.3844
3857	0.3844
3858	0.3844
3859	0.3844
386	0.0492
3860	0.3844
3861	0.3844
3862	0.3844
3863	0.3844
3864	0.3844
3865	0.3845
3866	0.385
3867	0.3865
3868	0.3944
3869	0.4211
387	0.1101
3870	0.5378
3871	1.0259
3872	2.8101
3873	8.1048
3874	0.2229
3875	8.2757
3876	4.0145
3877	1.6406
3878	0.7391
3879	0.4908
388	0.0295
3880	0.4108
3881	0.3905
3882	0.3834
3883	0.382
3884	0.3815
3885	0.3814
3886	0.3814
3887	0.3814
3888	0.3814
3889	0.3814
389	0.0682
3890	0.3814
3891	0.3814
3892	0.3814
3893	0.3814
3894	0.3814
3895	0.3814
3896	0.3814
3897	0.3815
3898	0.3819
3899	0.383
39	5.3579
390	0.0016
3900	0.3892
3901	0.4101
3902	0.501
3903	0.8813
3904	2.2567
3905	6.3096
3906	0.2209
3907	2.7314
3908	1.5207
3909	0.7739
391	0.0225
3910	0.4757
3911	0.3942
3912	0.3747
3913	0.3983
3914	0.5238
3915	0.9445
3916	2.1059
3917	0.2036
3918	5.9038
3919	2.9525
392	0.0012
3920	1.2757
3921	0.6321
3922	0.4544
3923	0.3972
3924	0.3826
3925	0.3775
3926	0.3765
3927	0.3761
3928	0.3761
3929	0.376
393	0.0012
3930	0.3761
3931	0.3761
3932	0.3764
3933	0.3772
3934	0.3817
3935	0.3967
3936	0.4618
3937	0.7341
3938	1.7005
3939	4.5119
394	0.0012
3940	0.2174
3941	9.0653
3942	4.3675
3943	1.7615
3944	0.774
3945	0.5024
3946	0.4148
3947	0.3925
3948	0.3847
3949	0.3832
395	0.0012
3950	0.3826
3951	0.3826
3952	0.3826
3953	0.3826
3954	0.3826
3955	0.3826
3956	0.3826
3957	0.3826
3958	0.3826
3959	0.3826
396	0.0016
3960	0.3826
3961	0.3826
3962	0.3826
3963	0.3826
3964	0.3826
3965	0.3826
3966	0.3826
3967	0.3831
3968	0.3844
3969	0.3911
397	0.0012
3970	0.4139
3971	0.5134
3972	0.9298
3973	2.4413
3974	6.9082
3975	0.2217
3976	4.5845
3977	2.3599
3978	1.0704
3979	0.5702
398	0.0012
3980	0.4317
3981	0.3872
3982	0.3758
3983	0.3718
3984	0.371
3985	0.371
3986	0.3716
3987	0.3751
3988	0.3868
3989	0.4376
399	0.0019
3990	0.6499
3991	1.389
3992	3.5117
3993	0.2139
3994	7.4851
3995	3.6609
3996	1.5193
3997	0.7038
3998	0.4791
3999	0.4066
4	0.0073
40	7.568
400	0.0012
4000	0.3882
4001	0.3818
4002	0.3805
4003	0.3801
4004	0.38
4005	0.38
4006	0.38
4007	0.38
4008	0.38
4009	0.38
401	0.0012
4010	0.38
4011	0.38
4012	0.38
4013	0.3801
4014	0.3804
4015	0.3815
4016	0.3871
4017	0.406
4018	0.4883
4019	0.8327
402	0.0012
4020	2.0716
4021	5.7106
4022	0.22
4023	14.0673
4024	6.6015
4025	2.5242
4026	0.9927
4027	0.5724
4028	0.4366
4029	0.4024
403	0.0012
4030	0.3902
4031	0.3879
4032	0.3871
4033	0.387
4034	0.387
4035	0.387
4036	0.387
4037	0.387
4038	0.387
4039	0.387
404	0.0016
4040	0.387
4041	0.387
4042	0.387
4043	0.387
4044	0.387
4045	0.387
4046	0.387
4047	0.387
4048	0.387
4049	0.387
405	0.0012
4050	0.387
4051	0.387
4052	0.387
4053	0.387
4054	0.387
4055	0.387
4056	0.387
4057	0.387
4058	0.387
4059	0.387
406	0.0016
4060	0.387
4061	0.387
4062	0.387
4063	0.387
4064	0.387
4065	0.387
4066	0.387
4067	0.3871
4068	0.3878
4069	0.3897
407	0.0012
4070	0.4001
4071	0.4353
4072	0.5893
4073	1.2331
4074	3.6082
4075	10.6988
4076	0.2246
4077	6.6949
4078	3.3071
4079	1.3978
408	0.0012
4080	0.6682
4081	0.4669
4082	0.4022
4083	0.3856
4084	0.3798
4085	0.3787
4086	0.3783
4087	0.3783
4088	0.3783
4089	0.3783
409	0.0323
4090	0.3783
4091	0.3783
4092	0.3783
4093	0.3783
4094	0.3787
4095	0.3796
4096	0.3846
4097	0.4016
4098	0.4753
4099	0.7837
41	5.237
410	0.0323
4100	1.8864
4101	5.1116
4102	0.2189
4103	4.0562
4104	2.1218
4105	0.9872
4106	0.5446
4107	0.4217
4108	0.3823
4109	0.3721
411	0.0323
4110	0.3688
4111	0.3687
4112	0.3715
4113	0.382
4114	0.427
4115	0.6152
4116	1.2635
4117	3.111
4118	0.2119
4119	0.0
412	0.0323
4120	0.0
4121	8.0E-4
4122	0.0022
4123	0.0022
4124	0.0
4125	0.0
4126	0.0
4127	0.0
4128	0.0
4129	0.0
413	0.0323
4130	0.0
4131	0.0
4132	0.0
4133	0.0
4134	0.0
4135	0.0
4136	0.0
4137	0.0
4138	0.0
4139	4.3686
414	0.0323
4140	2.2694
4141	1.0638
4142	0.5997
4143	0.4722
4144	0.4319
4145	0.4216
4146	0.4182
4147	0.4181
4148	0.421
4149	0.4319
415	0.023
4150	0.4792
4151	0.6796
4152	1.3741
4153	3.3727
4154	1.0E-4
4155	1.0E-4
4156	1.0E-4
4157	1.0E-4
4158	1.0E-4
4159	1.0E-4
416	0.1393
4160	0.0
4161	0.0
4162	0.0
4163	0.0
4164	0.0
4165	0.0
4166	0.0
4167	0.0
4168	0.0
4169	0.0
417	4.0E-4
4170	0.0
4171	0.0
4172	0.0
4173	0.0
4174	0.0
4175	0.0
4176	0.0
4177	0.0
4178	0.0
4179	0.0
418	4.0E-4
4180	0.0
4181	0.0
4182	0.0
4183	0.0
4184	0.0
4185	0.0
4186	0.0
4187	0.0
4188	0.0
4189	0.0
419	4.0E-4
4190	0.0
4191	0.0
4192	0.0
4193	0.0
4194	0.0
4195	0.0
4196	0.0
4197	0.0
4198	0.0
4199	0.0
42	6.7283
420	4.0E-4
4200	0.0
4201	0.0
4202	0.0
4203	0.0
4204	0.0
4205	0.0
4206	0.0
4207	0.0
4208	0.0
4209	0.0
421	4.0E-4
4210	0.0
4211	0.0
4212	0.0
4213	0.0
4214	0.0
4215	0.0
4216	0.0
4217	0.0
4218	0.0
4219	0.0
422	4.0E-4
4220	0.0
4221	0.0
4222	0.0
4223	0.0
4224	0.0
4225	0.0
4226	0.0
4227	0.0
4228	0.0
4229	0.0
423	4.0E-4
4230	0.0
4231	0.0
4232	0.0
4233	0.0
4234	0.0
4235	0.0
4236	0.0
4237	0.0
4238	0.0
4239	0.0
424	4.0E-4
4240	0.0
4241	0.0
4242	0.0
4243	0.0
4244	0.0
4245	0.0
4246	0.0
4247	0.0
4248	0.0
4249	0.0
425	1.4275
4250	0.0
4251	0.0
4252	0.0
4253	0.0
4254	0.0
4255	0.0
4256	0.0
4257	0.0
4258	0.0
4259	0.0
426	0.4949
4260	0.0
4261	0.0
4262	0.0
4263	0.0
4264	0.0
4265	0.0
4266	0.0
4267	0.0
4268	0.0
4269	0.0
427	0.3429
4270	0.0
4271	0.0
4272	0.0
4273	0.0
4274	0.0
4275	0.0
4276	0.0
4277	0.0
4278	0.0
4279	0.0
428	0.0532
4280	0.0
4281	0.0
4282	0.0
4283	0.0
4284	0.0
4285	0.0
4286	0.0
4287	0.0
4288	0.0
4289	0.0
429	0.4048
4290	0.0
4291	0.0
4292	0.0
4293	0.0
4294	0.0
4295	0.0
4296	0.0
4297	0.0
4298	0.0
4299	0.0
43	16.6743
430	0.8183
4300	0.0
4301	0.0
4302	0.0
4303	0.0
4304	0.0
4305	0.0
4306	0.0
4307	0.0
4308	0.0
4309	0.0
431	0.0189
4310	0.0
4311	0.0
4312	0.0
4313	0.0
4314	0.0
4315	0.0
4316	0.0
4317	0.0
4318	0.0
4319	0.0
432	0.0012
4320	0.0
4321	0.0
4322	0.0
4323	0.0
4324	0.0
4325	0.0
4326	0.0
4327	0.0
4328	0.0
4329	0.0
433	0.0205
4330	0.0
4331	0.0
4332	0.0
4333	0.0
4334	0.0
4335	0.0
4336	0.0
4337	0.0
4338	0.0
4339	0.0
434	0.0205
4340	0.0
4341	0.0
4342	0.0
4343	0.0
4344	0.0
4345	0.0
4346	0.0
4347	0.0
4348	0.0
4349	0.0
435	0.0192
4350	0.0
4351	0.0
4352	0.0
4353	0.0
4354	0.0
4355	0.0
4356	0.0
4357	0.0
4358	0.0
4359	0.0
436	0.0192
4360	0.0
4361	0.0
4362	0.0
4363	0.0
4364	0.0
4365	0.0
4366	0.0
4367	0.0
4368	0.0
4369	0.0
437	0.0192
4370	0.0
4371	0.0
4372	0.0
4373	0.0
4374	0.0
4375	0.0
4376	0.0
4377	0.0
4378	0.0
4379	0.0
438	0.0192
4380	0.0
4381	0.0
4382	0.0
4383	0.0
4384	0.0
4385	0.0
4386	0.0
4387	0.0
4388	0.0
4389	0.0
439	0.0192
4390	0.0
4391	0.0
4392	0.0
4393	0.0
4394	0.0
4395	0.0
4396	0.0
4397	0.0
4398	0.0
4399	0.0
44	4.3815
440	0.0194
4400	0.0
4401	0.0
4402	0.0
4403	0.0
4404	0.0
4405	0.0
4406	0.0
4407	0.0
4408	0.0
4409	0.0
441	0.0022
4410	0.0
4411	0.0
4412	0.0
4413	0.0
4414	0.0
4415	0.0
4416	0.0
4417	0.0
4418	0.0
4419	0.0
442	0.0027
4420	0.0
4421	0.0
4422	0.0
4423	0.0
4424	0.0
4425	0.0
4426	0.0
4427	0.0
4428	0.0
4429	0.0
443	0.0027
4430	0.0
4431	0.0
4432	0.0
4433	0.0
4434	0.0
4435	0.0
4436	2.0E-4
4437	2.0E-4
4438	1.0E-4
4439	2.0E-4
444	0.0027
4440	2.0E-4
4441	2.0E-4
4442	2.0E-4
4443	1.0E-4
4444	1.0E-4
4445	1.0E-4
4446	1.0E-4
4447	2.0E-4
4448	1.0E-4
4449	1.0E-4
445	0.0279
4450	1.0E-4
4451	0.0
4452	0.0
4453	0.0
4454	0.0
4455	0.0
4456	0.0
4457	0.0
4458	3.636
4459	0.0
446	0.0282
4460	1.0E-4
4461	1.0E-4
4462	1.0E-4
4463	0.0
4464	0.0
4465	0.0
4466	0.0
4467	0.0
4468	0.0
4469	0.0
447	0.0279
4470	0.0
4471	0.0
4472	0.0
4473	0.0
4474	0.0
4475	0.0
4476	0.0
4477	0.0
4478	0.0
4479	0.0
448	0.0497
4480	0.0
4481	0.0
4482	0.0
4483	0.0
4484	0.5625
4485	2.0152
4486	0.0
4487	0.0
4488	0.0
4489	0.0
449	0.0322
4490	0.0
4491	0.0
4492	0.0
4493	0.0
4494	0.0
4495	0.0
4496	0.0
4497	0.0
4498	0.0
4499	0.0
45	2.4919
450	0.0204
4500	0.0
4501	0.0
4502	0.0
4503	0.0
4504	0.0
4505	0.0
4506	0.0
4507	0.0
4508	0.0
4509	0.0
451	0.0191
4510	0.0
4511	0.0
4512	0.0
4513	0.0
4514	0.0
4515	0.0
4516	0.0
4517	0.0
4518	0.0
4519	0.0
452	0.0142
4520	0.0
4521	0.0
4522	0.0
4523	0.0
4524	0.0
4525	0.0
4526	0.0
4527	0.0
4528	0.0
4529	0.0
453	0.0129
4530	0.0
4531	0.0
4532	0.0
4533	0.0
4534	0.0
4535	0.0
4536	0.0
4537	0.0
4538	0.0
4539	0.0
454	0.0129
4540	0.0
4541	0.0
4542	0.0
4543	0.0
4544	0.0
4545	0.0
4546	0.0
4547	0.0
4548	0.0
4549	0.0
455	0.0129
4550	0.0
4551	0.0
4552	0.0
4553	0.0
4554	0.0
4555	0.0
4556	0.0
4557	0.0
4558	0.0
4559	0.0
456	0.0129
4560	0.0
4561	0.0
4562	0.0
4563	0.0
4564	0.0
4565	0.0
4566	0.0
4567	0.0
4568	0.0
4569	0.0
457	0.1435
4570	0.0
4571	0.0
4572	0.0
4573	0.0
4574	0.0
4575	0.0
4576	0.0
4577	0.0
4578	0.0
4579	0.0
458	0.1435
4580	0.0
4581	0.0
4582	0.0
4583	0.0
4584	0.0
4585	0.0
4586	0.0
4587	0.0
4588	0.0
4589	0.0
459	0.1435
4590	0.0
4591	0.0
4592	0.0
4593	0.0
4594	0.0
4595	0.0
4596	0.0
4597	0.0
4598	0.0
4599	0.0
46	4.7465
460	0.132
4600	0.0
4601	0.0
4602	0.0
4603	0.0
4604	0.0
4605	0.0
4606	0.0
4607	0.0
4608	0.0
4609	0.0
461	0.1435
4610	0.0
4611	0.0
4612	0.0
4613	0.0
4614	0.0
4615	0.0
4616	0.0
4617	0.0
4618	0.0
4619	0.0
462	0.1443
4620	0.0
4621	0.0
4622	0.0
4623	0.0
4624	0.0
4625	0.0
4626	0.0
4627	0.0
4628	0.0
4629	0.0
463	0.1443
4630	0.0
4631	0.0
4632	0.0
4633	0.0
4634	0.0
4635	0.0
4636	0.0
4637	0.0
4638	0.0
4639	0.0
464	0.1443
4640	0.0
4641	0.0
4642	0.0
4643	0.0
4644	0.0
4645	0.0
4646	0.0
4647	0.0
4648	0.0
4649	0.0
465	0.1435
4650	0.0
4651	0.0
4652	0.0
4653	0.0
4654	0.0
4655	0.0
4656	0.0
4657	0.0
4658	0.0
4659	0.0
466	0.1435
4660	0.0
4661	0.0
4662	0.0
4663	0.0
4664	0.0
4665	0.0
4666	0.0
4667	0.0
4668	0.0
4669	0.0
467	0.1561
4670	0.0
4671	0.0
4672	0.0
4673	0.0
4674	0.0
4675	0.0
4676	0.0
4677	0.0
4678	0.0
4679	0.0
468	0.1561
4680	0.0
4681	0.0
4682	0.0
4683	0.0
4684	0.0
4685	0.0
4686	0.0
4687	0.0
4688	0.0
4689	0.0
469	0.0438
4690	0.0
4691	0.0
4692	0.0
4693	0.0
4694	0.0
4695	0.0
4696	0.0
4697	0.0
4698	0.0
4699	0.0
47	1.2478
470	0.0374
4700	0.0
4701	0.0
4702	0.0
4703	0.0
4704	0.0
4705	0.0
4706	0.0
4707	0.0
4708	0.0
4709	0.0
471	0.0374
4710	0.0
4711	0.0
4712	0.0
4713	0.0
4714	0.0
4715	0.0
4716	0.0
4717	0.0
4718	0.0
4719	0.0
472	0.0374
4720	0.0
4721	0.0
4722	0.0
4723	0.0
4724	0.0
4725	0.0
4726	0.0
4727	0.0
4728	0.0
4729	0.0
473	0.0338
4730	0.0
4731	0.0
4732	0.0
4733	0.0
4734	0.0
4735	0.0
4736	0.0
4737	0.0
4738	0.0
4739	0.0
474	0.0309
4740	0.0
4741	0.0
4742	0.0
4743	0.0
4744	0.0
4745	0.0
4746	0.0
4747	0.0
4748	0.0
4749	0.0
475	0.008
4750	0.0
4751	0.0
4752	0.0
4753	0.0
4754	0.0
4755	0.0
4756	0.0
4757	0.0
4758	0.0
4759	0.0
476	0.0077
4760	0.0
4761	0.0
4762	2.0E-4
4763	2.0E-4
4764	1.0E-4
4765	2.0E-4
4766	2.0E-4
4767	2.0E-4
4768	2.0E-4
4769	1.0E-4
477	0.0077
4770	1.0E-4
4771	1.0E-4
4772	1.0E-4
4773	2.0E-4
4774	0.1835
4775	0.1645
4776	0.6643
4777	0.6643
4778	0.116
4779	0.116
478	0.0077
4780	0.116
4781	0.097
4782	0.097
4783	0.097
4784	0.1046
4785	0.1243
4786	0.1243
4787	0.1283
4788	0.1283
4789	0.097
479	0.1394
4790	0.1066
4791	0.097
4792	0.1066
4793	0.0022
4794	0.0021
4795	0.0021
4796	0.0021
4797	0.0021
4798	0.0021
4799	0.0303
48	2.7905
480	0.2048
4800	0.0021
4801	0.0053
4802	0.0075
4803	0.0075
4804	0.0075
4805	0.0665
4806	1.3194
4807	0.0333
4808	0.0333
4809	0.0665
481	0.1387
4810	2.5499
4811	0.0444
4812	0.194
4813	0.0062
4814	0.0071
4815	0.2919
4816	0.0181
4817	0.0181
4818	0.0181
4819	1.1467
482	0.0365
4820	0.0181
4821	0.0047
4822	0.0047
4823	0.0047
4824	0.0047
4825	0.0047
4826	0.0047
4827	0.0047
4828	0.0231
4829	0.0231
483	0.0358
4830	0.01
4831	0.0067
4832	0.0067
4833	0.07
4834	0.07
4835	0.07
4836	0.07
4837	0.07
4838	0.0328
4839	0.0057
484	0.0358
4840	0.0228
4841	0.0228
4842	0.0228
4843	0.0077
4844	0.0194
4845	0.0039
4846	0.0039
4847	0.0039
4848	0.3494
4849	0.3494
485	0.0305
4850	0.3494
4851	0.2625
4852	0.2625
4853	0.2625
4854	0.0154
4855	0.0154
4856	0.0154
4857	0.0179
4858	0.0179
4859	0.0179
486	0.0281
4860	0.0539
4861	0.0539
4862	0.5623
4863	0.0036
4864	0.0036
4865	0.0095
4866	0.0036
4867	0.0087
4868	0.007
4869	0.0095
487	0.0281
4870	0.0095
4871	1.0E-4
4872	1.0E-4
4873	1.0E-4
4874	1.0E-4
4875	1.0E-4
4876	1.0E-4
4877	1.0E-4
4878	1.0E-4
4879	1.0E-4
488	0.0281
4880	1.0E-4
4881	1.0E-4
4882	1.0E-4
4883	1.0E-4
4884	1.0E-4
4885	1.0E-4
4886	1.0E-4
4887	1.0E-4
4888	1.0E-4
4889	1.0E-4
489	0.0281
4890	1.0E-4
4891	1.0E-4
4892	1.0E-4
4893	1.0E-4
4894	1.0E-4
4895	1.0E-4
4896	1.0E-4
4897	1.0E-4
4898	1.0E-4
4899	1.0E-4
49	1.2471
490	0.0281
4900	1.0E-4
4901	1.0E-4
4902	1.0E-4
4903	1.0E-4
4904	1.0E-4
4905	1.0E-4
4906	1.0E-4
4907	1.0E-4
4908	1.0E-4
4909	1.0E-4
491	0.0281
4910	1.0E-4
4911	1.0E-4
4912	1.0E-4
4913	1.0E-4
4914	1.0E-4
4915	1.0E-4
4916	1.0E-4
4917	1.0E-4
4918	1.0E-4
4919	1.0E-4
492	0.0448
4920	1.0E-4
4921	1.0E-4
4922	1.0E-4
4923	1.0E-4
4924	3.0E-4
4925	3.0E-4
4926	3.0E-4
4927	3.0E-4
4928	3.0E-4
4929	8.0E-4
493	0.0281
4930	1.0368
4931	1.0368
4932	1.0368
4933	1.0368
4934	1.0368
4935	1.0368
4936	1.0368
4937	0.0214
4938	0.0214
4939	0.0214
494	4.0E-4
4940	0.0214
4941	0.0214
4942	0.0214
4943	0.0214
4944	0.0214
4945	0.0214
4946	0.0214
4947	0.0214
4948	0.0214
4949	0.0214
495	4.0E-4
4950	0.0214
4951	0.0214
4952	0.0214
4953	0.0214
4954	0.0214
4955	0.0214
4956	0.0214
4957	0.0214
4958	0.0214
4959	0.0214
496	0.0023
4960	0.0214
4961	0.0214
4962	0.0214
4963	0.0308
4964	0.0214
4965	0.0214
4966	0.0214
4967	0.0214
4968	0.0214
4969	0.0214
497	4.0E-4
4970	0.0214
4971	0.0214
4972	0.0025
4973	0.0025
4974	0.0025
4975	0.0025
4976	0.0025
4977	0.0025
4978	0.0025
4979	0.0025
498	0.0028
4980	0.0025
4981	0.0025
4982	0.0025
4983	0.0025
4984	0.0025
4985	0.0025
4986	0.0025
4987	0.0025
4988	0.0025
4989	0.0025
499	0.0066
4990	0.0025
4991	0.0025
4992	0.0025
4993	0.0025
4994	0.0025
4995	0.0025
4996	0.0025
4997	0.0025
4998	0.0025
4999	0.0025
5	0.0073
50	1.2471
500	0.3159
5000	0.0025
5001	0.0205
5002	0.0205
5003	0.0205
5004	0.0205
5005	0.0205
5006	0.0205
5007	0.0205
5008	1.1441
5009	1.1441
501	0.3072
5010	1.1441
5011	1.1441
5012	1.1441
5013	0.0046
5014	0.0046
5015	0.0046
5016	0.0046
5017	0.0046
5018	0.0046
5019	0.0046
502	0.302
5020	0.0046
5021	0.0046
5022	0.0046
5023	0.0046
5024	0.0046
5025	0.0046
5026	0.0046
5027	0.0046
5028	0.0046
5029	0.0046
503	0.1214
5030	0.0046
5031	0.0046
5032	0.0046
5033	0.002
5034	0.002
5035	0.37
5036	0.0
5037	0.0
5038	0.0
5039	0.0
504	0.1214
5040	0.0
5041	0.0
5042	0.0
5043	0.0
5044	0.0
5045	0.0
5046	0.0
5047	0.0
5048	0.0
5049	0.0
505	0.3473
5050	0.0
5051	4.3686
5052	2.2694
5053	1.0638
5054	0.5997
5055	0.4722
5056	0.4319
5057	0.4216
5058	0.4182
5059	0.4181
506	0.0095
5060	0.421
5061	0.4319
5062	0.4792
5063	0.6796
5064	1.3741
5065	3.3727
5066	1.0E-4
5067	1.0E-4
5068	1.0E-4
5069	1.0E-4
507	0.0095
5070	1.0E-4
5071	1.0E-4
5072	7.8883
5073	5.6065
5074	2.3942
5075	0.8411
5076	0.3385
5077	0.1958
5078	0.147
5079	0.1353
508	0.0095
5080	0.131
5081	0.1303
5082	0.1301
5083	0.13
5084	0.13
5085	0.13
5086	0.13
5087	0.13
5088	0.13
5089	0.13
509	0.0095
5090	0.13
5091	0.13
5092	0.13
5093	0.13
5094	0.13
5095	0.13
5096	0.13
5097	0.13
5098	0.13
5099	0.13
510	0.0095
5100	0.13
5101	0.13
5102	0.1301
5103	0.1302
5104	0.1308
5105	0.134
5106	0.1431
5107	0.1792
5108	0.2864
5109	0.626
511	0.0095
5110	1.5176
5111	2.4153
5112	6.1164
5113	4.3749
5114	1.8897
5115	0.6824
5116	0.2917
5117	0.1805
5118	0.1426
5119	0.1334
512	0.0095
5120	0.1301
5121	0.1295
5122	0.1293
5123	0.1293
5124	0.1293
5125	0.1293
5126	0.1293
5127	0.1293
5128	0.1293
5129	0.1293
513	0.0095
5130	0.1293
5131	0.1293
5132	0.1293
5133	0.1293
5134	0.1295
5135	0.1299
5136	0.1324
5137	0.1395
5138	0.1676
5139	0.2511
514	0.0095
5140	0.5149
5141	1.206
5142	1.8879
5143	1.9741
5144	1.4903
5145	0.7051
5146	0.3075
5147	0.1809
5148	0.1527
5149	0.168
515	0.0095
5150	0.2512
5151	0.4724
5152	0.6524
5153	4.3427
5154	3.1412
5155	1.3841
5156	0.5231
5157	0.2443
5158	0.1646
5159	0.1375
516	0.0095
5160	0.1309
5161	0.1285
5162	0.1281
5163	0.128
5164	0.128
5165	0.128
5166	0.1281
5167	0.1284
5168	0.1302
5169	0.1353
517	0.0096
5170	0.1554
5171	0.2151
5172	0.403
5173	0.8934
5174	1.3598
5175	6.7068
5176	4.7854
5177	2.0579
5178	0.7354
5179	0.3073
518	0.0095
5180	0.1857
5181	0.1441
5182	0.134
5183	0.1304
5184	0.1298
5185	0.1296
5186	0.1296
5187	0.1296
5188	0.1296
5189	0.1296
519	0.1414
5190	0.1296
5191	0.1296
5192	0.1296
5193	0.1296
5194	0.1296
5195	0.1296
5196	0.1296
5197	0.1296
5198	0.1296
5199	0.1296
52	19.1203
520	0.1414
5200	0.1298
5201	0.1302
5202	0.1329
5203	0.1407
5204	0.1715
5205	0.2629
5206	0.5519
5207	1.31
5208	2.0637
5209	3.3568
521	0.1034
5210	2.455
5211	1.1024
5212	0.4338
5213	0.2173
5214	0.1552
5215	0.1341
5216	0.1289
5217	0.1272
5218	0.1271
5219	0.1283
522	0.1086
5220	0.1323
5221	0.148
5222	0.1945
5223	0.3401
5224	0.7191
5225	1.0658
5226	5.5252
5227	3.9637
5228	1.7213
5229	0.6294
523	0.3311
5230	0.276
5231	0.1753
5232	0.1409
5233	0.1326
5234	0.1297
5235	0.1291
5236	0.129
5237	0.1289
5238	0.1289
5239	0.1289
524	0.1086
5240	0.1289
5241	0.1289
5242	0.1289
5243	0.1289
5244	0.129
5245	0.1291
5246	0.1295
5247	0.1317
5248	0.1382
5249	0.1637
525	0.1086
5250	0.2392
5251	0.4776
5252	1.102
5253	1.712
5254	10.4491
5255	7.3863
5256	3.1228
5257	1.0699
5258	0.4056
5259	0.2175
526	3.3011
5260	0.153
5261	0.1376
5262	0.132
5263	0.1311
5264	0.1307
5265	0.1307
5266	0.1307
5267	0.1307
5268	0.1307
5269	0.1307
527	0.087
5270	0.1307
5271	0.1307
5272	0.1307
5273	0.1307
5274	0.1307
5275	0.1307
5276	0.1307
5277	0.1307
5278	0.1307
5279	0.1307
528	0.0843
5280	0.1307
5281	0.1307
5282	0.1307
5283	0.1307
5284	0.1307
5285	0.1307
5286	0.1307
5287	0.1307
5288	0.1307
5289	0.1307
529	0.0781
5290	0.1307
5291	0.1307
5292	0.1307
5293	0.1307
5294	0.1307
5295	0.1307
5296	0.1307
5297	0.1307
5298	0.131
5299	0.1317
53	0.6681
530	0.0781
5300	0.1359
5301	0.1478
5302	0.1956
5303	0.337
5304	0.7861
5305	1.9676
5306	3.1771
5307	4.9342
5308	3.5527
5309	1.5528
531	5.0E-4
5310	0.5763
5311	0.2602
5312	0.17
5313	0.1393
5314	0.1318
5315	0.1291
5316	0.1287
5317	0.1285
5318	0.1285
5319	0.1285
532	0.0098
5320	0.1285
5321	0.1285
5322	0.1285
5323	0.1287
5324	0.129
5325	0.131
5326	0.1368
5327	0.1596
5328	0.2272
5329	0.4404
533	5.0E-4
5330	0.9978
5331	1.536
5332	2.9622
5333	2.18
5334	0.9893
5335	0.3978
5336	0.2063
5337	0.1511
5338	0.1326
5339	0.1282
534	5.0E-4
5340	0.1278
5341	0.1311
5342	0.1448
5343	0.186
5344	0.3147
5345	0.649
5346	0.948
5347	3.1493
5348	2.3002
5349	1.041
535	5.0E-4
5350	0.4213
5351	0.2229
5352	0.1661
5353	0.1472
5354	0.1427
5355	0.1423
5356	0.1457
5357	0.16
5358	0.2032
5359	0.3391
536	1.4978
5360	0.6958
5361	1.0182
5362	1.0E-4
5363	1.0E-4
5364	1.0E-4
5365	1.0E-4
5366	1.0E-4
5367	1.0E-4
5368	1.0E-4
5369	1.0E-4
537	1.4978
5370	1.0E-4
5371	1.0E-4
5372	1.0E-4
5373	1.0E-4
5374	1.0E-4
5375	1.0E-4
5376	1.0E-4
5377	1.0E-4
5378	0.0
5379	0.0
538	1.498
5380	0.0
5381	0.0
5382	0.0
5383	0.0
5384	0.0
5385	0.0
5386	0.0
5387	0.0
5388	0.0
5389	0.0
539	1.5305
5390	0.0
5391	0.0
5392	0.0
5393	0.0
5394	0.0
5395	0.0
5396	0.0
5397	4.3686
5398	2.2694
5399	1.0638
54	0.6411
540	1.4978
5400	0.5997
5401	0.4722
5402	0.4319
5403	0.4216
5404	0.4182
5405	0.4181
5406	0.421
5407	0.4319
5408	0.4792
5409	0.6796
541	1.5305
5410	1.3741
5411	3.3727
5412	1.0E-4
5413	1.0E-4
5414	1.0E-4
5415	1.0E-4
5416	1.0E-4
5417	1.0E-4
5418	0.018
5419	0.018
542	1.4978
5420	0.018
5421	1.0E-4
5422	0.0893
5423	0.0893
5424	0.0416
5425	0.0416
5426	0.0116
5427	0.0116
5428	0.0116
5429	4.0E-4
543	1.4976
5430	4.0E-4
5431	4.0E-4
5432	5.0E-4
5433	5.0E-4
5434	5.0E-4
5435	0.0389
5436	0.0011
5437	0.0011
5438	0.0023
5439	6.0E-4
544	1.4978
5440	6.0E-4
5441	6.0E-4
5442	0.0155
5443	0.0155
5444	8.0E-4
5445	8.0E-4
5446	8.0E-4
5447	0.0357
5448	0.0357
5449	1.2835
545	1.5455
5450	1.2835
5451	1.2835
5452	1.2835
5453	1.5054
5454	1.3498
5455	1.0487
5456	4.0297
5457	0.7183
5458	0.7183
5459	0.0477
546	1.4978
5460	0.019
5461	0.019
5462	0.019
5463	0.019
5464	0.0034
5465	0.0034
5466	0.0025
5467	0.0025
5468	1.7232
5469	0.0194
547	0.1683
5470	1.1814
5471	0.0194
5472	6.0E-4
5473	6.0E-4
5474	6.0E-4
5475	6.0E-4
5476	6.0E-4
5477	6.0E-4
5478	6.0E-4
5479	6.0E-4
548	0.1009
5480	0.0017
5481	0.0017
5482	0.0017
5483	0.0998
5484	0.0248
5485	0.0053
5486	0.0018
5487	0.0018
5488	0.0018
5489	0.0018
549	0.0289
5490	0.0045
5491	0.0044
5492	0.0045
5493	0.0044
5494	0.0049
5495	0.0045
5496	0.0045
5497	0.0107
5498	0.0061
5499	0.0061
55	0.6376
550	0.2225
5500	0.0061
5501	0.0061
5502	0.0153
5503	0.07
5504	0.07
5505	0.07
5506	0.0179
5507	0.0179
5508	0.0179
5509	0.0051
551	0.2356
5510	0.0029
5511	0.0027
5512	0.0034
5513	1.0E-4
5514	0.0
5515	0.0
5516	0.0
5517	0.0
5518	0.0
5519	0.0
552	0.2225
5520	0.0
5521	1.0E-4
5522	1.0E-4
5523	3.1493
5524	2.3002
5525	1.041
5526	0.4213
5527	0.2229
5528	0.1661
5529	0.1472
553	0.234
5530	0.1427
5531	0.1423
5532	0.1457
5533	0.16
5534	0.2032
5535	0.3391
5536	0.6958
5537	1.0182
5538	1.0E-4
5539	1.0E-4
554	0.2375
5540	1.0E-4
5541	1.0E-4
5542	1.0E-4
5543	1.0E-4
5544	1.0E-4
5545	1.0E-4
5546	1.0E-4
5547	1.0E-4
5548	1.0E-4
5549	1.0E-4
555	0.2386
5550	1.0E-4
5551	1.0E-4
5552	1.0E-4
5553	0.0
5554	0.0
5555	0.0
5556	0.0
5557	0.0
5558	0.0
5559	0.0
556	0.2386
5560	0.0
5561	0.0
5562	0.0
5563	0.0
5564	0.0
5565	0.0
5566	0.0
5567	0.0
5568	0.0
5569	0.0
557	0.5201
5570	0.0
5571	0.0
5572	0.0
5573	0.0
5574	0.0
5575	0.0
5576	0.0
5577	0.0
5578	0.0
5579	0.0
558	0.1599
5580	0.0
5581	0.0
5582	0.0
5583	0.0
5584	0.0
5585	0.0
5586	0.0
5587	0.0
5588	0.0
5589	0.0
559	0.1599
5590	0.0
5591	0.0
5592	0.0
5593	0.0
5594	0.0
5595	0.0
5596	0.0
5597	0.0
5598	0.0
5599	0.0
56	0.5969
560	0.1599
5600	0.0
5601	0.0
5602	0.0
5603	0.0
5604	0.0
5605	0.0
5606	0.0
5607	0.0
5608	0.0
5609	0.0
561	0.1518
5610	0.0
5611	0.0
5612	0.0
5613	0.0
5614	0.0
5615	0.0
5616	0.0
5617	0.0
5618	0.0
5619	0.0
562	0.1518
5620	0.0
5621	0.0
5622	0.0
5623	0.0
5624	0.0
5625	0.0
5626	0.0
5627	0.0
5628	0.0
5629	0.0
563	0.1518
5630	0.0
5631	0.0
5632	0.0
5633	0.0
5634	0.0
5635	0.0
5636	0.0
5637	0.0
5638	0.0
5639	0.0
564	0.1518
5640	0.0
5641	0.0
5642	0.0
5643	0.0
5644	0.0
5645	0.0
5646	0.0
5647	0.0
5648	0.0
5649	0.0
565	0.1598
5650	0.0
5651	0.0
5652	0.0
5653	0.0
5654	0.0
5655	0.0
5656	0.0
5657	0.0
5658	0.0
5659	0.0
566	0.005
5660	0.0
5661	0.0
5662	0.0
5663	0.0
5664	0.0
5665	0.0
5666	0.0
5667	0.0
5668	0.0
5669	0.0
567	0.0051
5670	0.0
5671	0.0
5672	0.0
5673	0.0
5674	0.0
5675	0.0
5676	0.0
5677	0.0
5678	0.0
5679	0.0
568	0.0051
5680	0.0
5681	0.0
5682	0.0
5683	0.0
5684	0.0
5685	0.0
5686	0.0
5687	0.0
5688	0.0
5689	0.0
569	0.0112
5690	0.0
5691	0.0
5692	0.0
5693	0.0
5694	0.0
5695	0.0
5696	0.0
5697	0.0
5698	0.0
5699	0.0
57	0.584
570	0.0051
5700	0.0
5701	0.0
5702	0.0
5703	0.0
5704	0.0
5705	0.0
5706	0.0
5707	0.0
5708	0.0
5709	0.0
571	0.005
5710	0.0
5711	0.0
5712	0.0
5713	0.0
5714	0.0
5715	0.0
5716	0.0
5717	0.0
5718	0.0
5719	0.0
572	0.005
5720	0.0
5721	0.0
5722	0.0
5723	0.0
5724	0.0
5725	0.0
5726	0.0
5727	0.0
5728	0.0
5729	0.0
573	0.005
5730	0.0
5731	0.0
5732	0.0
5733	0.0
5734	0.0
5735	0.0
5736	0.0
5737	0.0
5738	0.0
5739	0.0
574	0.005
5740	0.0
5741	0.0
5742	0.0
5743	0.0
5744	0.0
5745	0.0
5746	0.0
5747	0.0
5748	0.0
5749	0.0
575	0.005
5750	0.0
5751	0.0
5752	0.0
5753	0.0
5754	0.0
5755	0.0
5756	0.0
5757	0.0
5758	0.0
5759	0.0
576	0.005
5760	0.0
5761	0.0
5762	0.0
5763	0.0
5764	0.0
5765	0.0
5766	0.0
5767	0.0
5768	0.0
5769	0.0
577	0.005
5770	0.0
5771	0.0
5772	0.0
5773	0.0
5774	0.0
5775	0.0
5776	0.0
5777	0.0
5778	0.0
5779	0.0
578	1.4247
5780	0.0
5781	0.0
5782	0.0
5783	0.0
5784	0.0
5785	3.1493
5786	2.3002
5787	1.041
5788	0.4213
5789	0.2229
579	0.2196
5790	0.1661
5791	0.1472
5792	0.1427
5793	0.1423
5794	0.1457
5795	0.16
5796	0.2032
5797	0.3391
5798	0.6958
5799	1.0182
58	0.6388
580	0.2196
5800	1.0E-4
5801	1.0E-4
5802	1.0E-4
5803	1.0E-4
5804	1.0E-4
5805	1.0E-4
5806	1.0E-4
5807	1.0E-4
5808	1.0E-4
5809	1.0E-4
581	0.2312
5810	1.0E-4
5811	1.0E-4
5812	1.0E-4
5813	1.0E-4
5814	1.0E-4
5815	0.0149
5816	0.0149
5817	1.0E-4
5818	0.0024
5819	0.0066
582	0.0062
5820	0.7809
5821	0.7809
5822	0.1556
5823	1.428
5824	0.1604
5825	0.7405
5826	0.6915
5827	0.6915
5828	0.9609
5829	0.6915
583	0.0062
5830	0.6915
5831	0.6915
5832	0.7531
5833	0.7531
5834	0.051
5835	0.2848
5836	0.2848
5837	0.2848
5838	0.2848
5839	0.2848
584	0.0053
5840	0.2848
5841	0.2848
5842	0.0595
5843	0.0595
5844	0.0029
5845	5.0E-4
5846	5.0E-4
5847	5.0E-4
5848	5.0E-4
5849	5.0E-4
585	0.0063
5850	5.0E-4
5851	5.0E-4
5852	5.0E-4
5853	5.0E-4
5854	5.0E-4
5855	5.0E-4
5856	5.0E-4
5857	5.0E-4
5858	6.0E-4
5859	5.0E-4
586	0.0062
5860	6.0E-4
5861	5.0E-4
5862	5.0E-4
5863	5.0E-4
5864	5.0E-4
5865	5.0E-4
5866	5.0E-4
5867	0.0156
5868	0.001
5869	0.001
587	0.007
5870	0.001
5871	0.001
5872	0.001
5873	0.001
5874	0.001
5875	0.0028
5876	0.001
5877	1.0427
5878	0.001
5879	0.001
588	0.0053
5880	0.001
5881	0.001
5882	0.001
5883	0.001
5884	0.001
5885	0.001
5886	0.001
5887	0.001
5888	0.001
5889	0.001
589	0.0071
5890	0.001
5891	0.001
5892	1.0E-4
5893	2.0E-4
5894	1.0E-4
5895	1.0E-4
5896	1.0E-4
5897	1.0E-4
5898	1.0E-4
5899	1.0E-4
59	0.6348
590	0.0071
5900	1.0E-4
5901	1.0E-4
5902	1.0E-4
5903	1.0E-4
5904	1.0E-4
5905	1.0E-4
5906	1.0E-4
5907	1.0E-4
5908	1.0E-4
5909	1.0E-4
591	0.0071
5910	1.0E-4
5911	1.0E-4
5912	1.0E-4
5913	1.0E-4
5914	1.0E-4
5915	1.0E-4
5916	1.0E-4
5917	1.0E-4
5918	1.0E-4
5919	1.0E-4
592	0.0071
5920	0.0026
5921	0.0053
5922	0.1012
5923	0.1012
5924	0.1012
5925	0.1012
5926	0.1012
5927	0.1012
5928	0.1012
5929	0.1012
593	7.6546
5930	1.2953
5931	1.2953
5932	1.2953
5933	1.2953
5934	1.2953
5935	1.2953
5936	0.088
5937	0.0832
5938	0.3304
5939	0.0547
594	0.0072
5940	1.0E-4
5941	1.0E-4
5942	1.0E-4
5943	1.0E-4
5944	1.0E-4
5945	1.0E-4
5946	1.0E-4
5947	1.0E-4
5948	2.0E-4
5949	1.0E-4
595	0.005
5950	1.0E-4
5951	0.0177
5952	0.0014
5953	0.0016
5954	0.0029
5955	0.5274
5956	1.0547
5957	0.0029
5958	0.0
5959	0.0
596	0.005
5960	0.0
5961	0.0
5962	0.0
5963	0.0
5964	0.0
5965	0.0
5966	0.0
5967	0.0
5968	0.0
5969	0.0
597	0.005
5970	0.0
5971	0.0
5972	0.0
5973	0.0
5974	0.0028
5975	0.0131
5976	0.0504
5977	0.0504
5978	0.0048
5979	0.0048
598	0.034
5980	0.0048
5981	0.0048
5982	0.0048
5983	0.0048
5984	0.0048
5985	0.0048
5986	0.0048
5987	0.0048
5988	0.0048
5989	0.0048
599	0.0171
5990	0.0048
5991	0.0048
5992	0.058
5993	0.0
5994	0.0
5995	0.0
5996	1.0E-4
5997	1.0E-4
5998	1.0E-4
5999	1.0E-4
6	0.0073
60	0.5975
600	0.0047
6000	1.0E-4
6001	6.0E-4
6002	6.0E-4
6003	8.0E-4
6004	0.5253
6005	0.5962
6006	2.0E-4
6007	2.0E-4
6008	2.0E-4
6009	2.0E-4
601	0.0047
6010	2.0E-4
6011	2.0E-4
6012	0.2252
602	0.0047
603	0.0047
604	0.0047
605	0.0047
606	0.0047
607	0.0047
608	0.0047
609	0.0047
61	20.0388
610	0.0047
611	0.0668
612	0.0996
613	0.0211
614	0.1931
615	0.0201
616	0.0219
617	0.0243
618	0.0243
619	0.0243
62	0.0857
620	0.0755
621	0.2488
622	0.02
623	0.0199
624	0.0198
625	0.0632
626	0.0632
627	0.0571
628	0.0098
629	0.0098
63	0.5679
630	0.3031
631	0.044
632	0.0
633	0.0
634	0.0
635	0.0
636	0.0
637	0.0
638	0.0
639	0.0
64	0.4496
640	0.0
641	0.0
642	0.0
643	0.0
644	0.0
645	0.0
646	0.0
647	0.0
648	0.0078
649	0.0078
65	0.4859
650	0.0078
651	0.0078
652	0.0078
653	0.0078
654	0.0078
655	0.0078
656	0.0078
657	0.0078
658	0.0
659	0.0
66	0.4505
660	0.0
661	0.0
662	0.0
663	0.0
664	0.0
665	0.0
666	0.0
667	0.0135
668	0.0117
669	0.0303
67	0.4395
670	0.0301
671	0.0271
672	0.0271
673	0.028
674	0.0359
675	0.0246
676	0.0247
677	0.0253
678	0.0333
679	0.0
68	0.5698
680	0.0
681	0.0
682	0.0
683	0.0
684	0.0
685	0.0
686	0.0247
687	0.027
688	0.027
689	0.027
69	0.6019
690	0.0
691	0.0
692	0.0
693	0.0
694	0.0
695	0.0
696	0.0
697	0.0
698	0.0
699	0.0
7	0.1266
70	0.4827
700	0.0
701	0.0
702	0.0
703	0.0
704	0.0
705	0.0
706	0.0
707	0.0
708	0.0
709	0.0229
71	0.6345
710	6.0E-4
711	4.0E-4
712	6.0E-4
713	4.0E-4
714	4.0E-4
715	4.0E-4
716	4.0E-4
717	4.0E-4
718	4.0E-4
719	4.0E-4
72	0.7668
720	4.0E-4
721	4.0E-4
722	0.0014
723	4.0E-4
724	0.0014
725	4.0E-4
726	4.0E-4
727	4.0E-4
728	4.0E-4
729	4.0E-4
73	7.7635
730	4.0E-4
731	4.0E-4
732	4.0E-4
733	4.0E-4
734	4.0E-4
735	4.0E-4
736	4.0E-4
737	4.0E-4
738	4.0E-4
739	4.0E-4
74	2.7265
740	4.0E-4
741	4.0E-4
742	4.0E-4
743	4.0E-4
744	4.0E-4
745	6.0E-4
746	4.0E-4
747	4.0E-4
748	4.0E-4
749	4.0E-4
75	1.4603
750	4.0E-4
751	0.0369
752	4.0E-4
753	4.0E-4
754	4.0E-4
755	0.0192
756	0.0192
757	0.0192
758	0.0192
759	0.0192
76	1.6816
760	0.0192
761	0.0192
762	0.0192
763	0.0099
764	0.0099
765	0.0099
766	0.0108
767	0.0105
768	0.0076
769	0.0099
77	0.485
770	0.0099
771	0.0
772	0.0093
773	0.0093
774	0.0088
775	0.0095
776	0.0095
777	0.0088
778	0.0062
779	0.0062
78	1.7013
780	0.0093
781	0.0093
782	4.0E-4
783	0.0076
784	0.0095
785	0.0095
786	0.0095
787	0.0095
788	0.0088
789	0.0088
79	1.1379
790	0.0088
791	0.0094
792	0.0094
793	0.0094
794	0.0094
795	0.0094
796	0.0088
797	0.0088
798	0.0088
799	0.0088
8	0.0134
80	6.684
800	0.0076
801	0.0466
802	0.0713
803	0.0682
804	0.0682
805	0.0682
806	0.0682
807	0.0682
808	0.0803
809	0.0803
81	9.6092
810	0.0587
811	0.0588
812	0.0587
813	0.0587
814	0.0587
815	0.0587
816	0.0612
817	0.0591
818	0.0768
819	0.0765
82	3.8883
820	0.0765
821	0.0765
822	5.8638
823	1.1325
824	0.1417
825	0.1039
826	0.2902
827	0.245
828	0.9753
829	0.0061
83	2.8463
830	0.0675
831	0.0223
832	0.0223
833	0.0223
834	0.0223
835	0.0223
836	0.0015
837	0.1308
838	0.0815
839	0.1073
84	3.5605
840	0.1384
841	0.0854
842	0.1065
843	0.0682
844	0.0682
845	0.0682
846	0.0682
847	0.0682
848	0.0682
849	0.0682
85	0.0909
850	0.0682
851	0.0682
852	0.0682
853	0.0682
854	0.0682
855	0.0682
856	0.0682
857	0.0682
858	0.0682
859	0.0682
86	0.0746
860	0.0682
861	0.0682
862	0.0682
863	0.0682
864	0.0682
865	0.0682
866	0.0682
867	0.0682
868	0.0682
869	0.068
87	0.0872
870	0.0121
871	0.0121
872	0.0167
873	0.0325
874	0.0281
875	0.0177
876	0.055
877	0.0542
878	0.0542
879	0.0461
88	0.0909
880	0.4617
881	0.0424
882	0.0424
883	0.0424
884	0.0424
885	0.0424
886	0.0424
887	0.0691
888	0.0424
889	9.0E-4
89	0.0762
890	0.0012
891	9.0E-4
892	0.4672
893	0.6927
894	0.4672
895	0.4672
896	0.0016
897	0.0016
898	0.0016
899	0.0016
9	0.0073
90	0.0959
900	2.0E-4
901	2.0E-4
902	2.0E-4
903	2.0E-4
904	2.0E-4
905	2.0E-4
906	2.0E-4
907	2.0E-4
908	2.0E-4
909	2.0E-4
91	0.0959
910	2.0E-4
911	2.0E-4
912	2.0E-4
913	2.0E-4
914	2.0E-4
915	2.0E-4
916	2.0E-4
917	2.0E-4
918	0.0056
919	2.0E-4
92	0.1157
920	0.0056
921	2.0E-4
922	2.0E-4
923	5.0E-4
924	2.0E-4
925	2.0E-4
926	2.0E-4
927	2.0E-4
928	2.0E-4
929	2.0E-4
93	0.0808
930	2.0E-4
931	8.0E-4
932	2.0E-4
933	2.0E-4
934	2.0E-4
935	4.0E-4
936	4.0E-4
937	4.0E-4
938	0.0014
939	6.0E-4
94	3.0E-4
940	6.0E-4
941	6.0E-4
942	6.0E-4
943	0.1056
944	0.1056
945	0.0263
946	0.0264
947	0.0095
948	0.0094
949	0.0088
95	3.0E-4
950	0.0094
951	0.0094
952	0.0097
953	0.0109
954	0.0109
955	0.0108
956	0.0111
957	0.0199
958	0.0127
959	0.0127
96	3.0E-4
960	0.0126
961	0.0127
962	0.0127
963	0.0137
964	0.0127
965	0.0127
966	0.0127
967	0.0127
968	0.017
969	0.017
97	3.0E-4
970	0.246
971	0.0126
972	0.0143
973	0.0143
974	0.0142
975	0.0142
976	0.0143
977	0.0142
978	0.0142
979	0.0251
98	3.0E-4
980	0.0115
981	0.1457
982	0.0123
983	0.0123
984	0.0124
985	0.0141
986	0.0123
987	0.0101
988	0.0101
989	0.009
99	3.0E-4
990	0.0272
991	0.1311
992	0.0478
993	0.1795
994	0.0272
995	0.7846
996	0.0105
997	0.0105
998	0.0133
999	0.0132
