1	0.0899
10	1.0132
100	2.0E-4
1000	0.0078
1001	0.0078
1002	0.0075
1003	0.0051
1004	0.0058
1005	0.0051
1006	0.007
1007	0.007
1008	0.0075
1009	0.0068
101	2.0E-4
1010	0.0063
1011	0.0063
1012	0.0065
1013	0.0065
1014	0.0065
1015	0.0077
1016	0.0077
1017	0.0077
1018	0.0068
1019	0.0069
102	0.0068
1020	0.8053
1021	2.0539
1022	0.0049
1023	3.0E-4
1024	7.0E-4
1025	0.0678
1026	0.0678
1027	0.0179
1028	0.0045
1029	0.0059
103	2.0E-4
1030	0.0076
1031	6.0E-4
1032	1.0E-4
1033	0.0076
1034	0.4135
1035	0.0048
1036	0.0048
1037	0.0048
1038	0.0077
1039	1.073
104	2.0E-4
1040	1.073
1041	1.073
1042	1.073
1043	1.073
1044	1.073
1045	1.073
1046	1.073
1047	1.073
1048	1.073
1049	1.073
105	2.0E-4
1050	1.073
1051	1.073
1052	1.073
1053	1.073
1054	1.073
1055	1.073
1056	1.073
1057	1.073
1058	1.073
1059	1.073
106	1.8734
1060	1.073
1061	1.073
1062	1.073
1063	1.073
1064	1.073
1065	1.073
1066	2.0E-4
1067	2.0E-4
1068	2.0E-4
1069	2.0E-4
107	0.6227
1070	2.0E-4
1071	2.0E-4
1072	2.0E-4
1073	2.0E-4
1074	2.0E-4
1075	2.0E-4
1076	2.0E-4
1077	2.0E-4
1078	2.0E-4
1079	2.0E-4
108	0.3508
1080	2.0E-4
1081	2.0E-4
1082	2.0E-4
1083	2.0E-4
1084	2.0E-4
1085	2.0E-4
1086	2.0E-4
1087	2.0E-4
1088	2.0E-4
1089	2.0E-4
109	0.3198
1090	2.0E-4
1091	2.0E-4
1092	2.0E-4
1093	2.0E-4
1094	2.0E-4
1095	2.0E-4
1096	2.0E-4
1097	5.0E-4
1098	6.0E-4
1099	6.0E-4
11	0.0041
110	0.3198
1100	0.0274
1101	0.032
1102	0.0104
1103	0.0104
1104	0.0104
1105	0.0104
1106	0.0104
1107	0.0104
1108	0.0104
1109	0.0104
111	1.2272
1110	0.0104
1111	0.0104
1112	0.0104
1113	0.0104
1114	0.0104
1115	0.0104
1116	0.0104
1117	0.0104
1118	0.0104
1119	0.0104
112	1.2747
1120	0.0104
1121	0.0104
1122	0.0104
1123	0.0104
1124	0.0104
1125	0.0104
1126	0.0104
1127	0.0104
1128	0.0104
1129	0.0104
113	0.5442
1130	0.0104
1131	0.0104
1132	0.0104
1133	0.0104
1134	0.0104
1135	0.0104
1136	0.0104
1137	0.0104
1138	0.0104
1139	0.0104
114	0.3236
1140	0.0104
1141	0.0104
1142	0.0104
1143	0.0104
1144	0.0104
1145	0.0104
1146	0.0104
1147	0.0104
1148	0.0104
1149	0.0104
115	0.5899
1150	0.0104
1151	0.0104
1152	0.0104
1153	0.0104
1154	0.0104
1155	0.0104
1156	0.0104
1157	0.0104
1158	0.0104
1159	0.0
116	1.0126
1160	0.0
1161	3.0E-4
1162	0.0
1163	0.0
1164	0.0
1165	0.0
1166	0.0
1167	0.0
1168	0.0
1169	0.0
117	0.4154
1170	0.0
1171	0.0
1172	0.0
1173	0.0
1174	0.0
1175	0.0
1176	0.0
1177	8.0E-4
1178	0.004
1179	0.0
118	1.05
1180	0.0
1181	0.0
1182	0.0
1183	0.0
1184	0.0
1185	0.0
1186	0.0
1187	6.0E-4
1188	6.0E-4
1189	6.0E-4
119	2.5219
1190	6.0E-4
1191	6.0E-4
1192	6.0E-4
1193	0.002
1194	0.0021
1195	0.002
1196	7.0E-4
1197	7.0E-4
1198	4.0E-4
1199	0.1414
12	0.0052
120	1.1185
1200	4.0E-4
1201	4.0E-4
1202	4.0E-4
1203	4.0E-4
1204	4.0E-4
1205	4.0E-4
1206	4.0E-4
1207	3.0E-4
1208	3.0E-4
1209	3.0E-4
121	1.0219
1210	2.0E-4
1211	2.0E-4
1212	2.0E-4
1213	0.0037
1214	4.0E-4
1215	0.2014
1216	0.3121
1217	0.2014
1218	0.2014
1219	7.0E-4
122	1.1185
1220	7.0E-4
1221	0.0
1222	0.0
1223	0.0
1224	0.0
1225	6.0E-4
1226	6.0E-4
1227	0.0041
1228	0.0041
1229	0.0041
123	1.5834
1230	0.0041
1231	0.0041
1232	0.0041
1233	0.0041
1234	0.0
1235	0.0
1236	0.0
1237	0.0
1238	0.0
1239	0.0
124	1.4538
1240	0.0
1241	0.0
1242	0.0
1243	0.0
1244	0.0
1245	0.0
1246	0.0
1247	0.0
1248	0.0
1249	0.0
125	1.4621
1250	0.0
1251	0.0
1252	0.0
1253	0.0
1254	0.0
1255	0.0
1256	0.0
1257	0.0
1258	0.0
1259	0.0
126	1.4691
1260	0.0
1261	0.0
1262	0.0
1263	0.0
1264	0.0
1265	0.0
1266	0.0
1267	0.0
1268	0.0
1269	0.0051
127	0.4555
1270	0.0051
1271	0.0051
1272	0.0051
1273	0.0051
1274	0.0051
1275	0.0051
1276	0.0051
1277	0.0051
1278	0.0051
1279	0.0045
128	0.4555
1280	0.0045
1281	0.0045
1282	0.0045
1283	0.0045
1284	0.0
1285	0.0
1286	0.0
1287	0.0
1288	0.0125
1289	0.0125
129	0.4287
1290	0.0125
1291	0.019
1292	0.0082
1293	0.0534
1294	0.0534
1295	0.0023
1296	0.0023
1297	0.0
1298	0.0
1299	0.0
13	0.0041
130	0.4056
1300	2.0E-4
1301	0.0
1302	0.0
1303	0.0
1304	0.0
1305	2.0E-4
1306	2.0E-4
1307	2.0E-4
1308	0.0
1309	0.0013
131	0.3372
1310	0.0
1311	7.0E-4
1312	3.0E-4
1313	3.0E-4
1314	3.0E-4
1315	3.0E-4
1316	3.0E-4
1317	3.0E-4
1318	3.0E-4
1319	3.0E-4
132	4.2301
1320	3.0E-4
1321	3.0E-4
1322	3.0E-4
1323	3.0E-4
1324	2.0E-4
1325	2.0E-4
1326	2.0E-4
1327	2.0E-4
1328	2.0E-4
1329	2.0E-4
133	0.139
1330	2.0E-4
1331	2.0E-4
1332	2.0E-4
1333	2.0E-4
1334	2.0E-4
1335	2.0E-4
1336	2.0E-4
1337	2.0E-4
1338	2.0E-4
1339	2.0E-4
134	0.1273
1340	4.0E-4
1341	3.0E-4
1342	0.0012
1343	0.0012
1344	4.0E-4
1345	0.0073
1346	0.0015
1347	0.0015
1348	0.0015
1349	0.0015
135	0.1514
1350	0.0015
1351	0.0015
1352	0.0015
1353	0.0015
1354	0.0015
1355	0.0015
1356	0.0015
1357	0.0015
1358	0.0015
1359	0.0015
136	0.1614
1360	0.0015
1361	0.0015
1362	1.0E-4
1363	0.0204
1364	0.0204
1365	0.0014
1366	0.0014
1367	0.0014
1368	0.0014
1369	0.0014
137	0.173
1370	0.4235
1371	0.0383
1372	0.0132
1373	0.017
1374	0.0312
1375	0.0118
1376	0.0075
1377	0.0075
1378	0.003
1379	0.5742
138	0.2526
1380	0.0028
1381	0.0027
1382	0.0016
1383	0.0016
1384	0.0016
1385	0.0016
1386	0.0016
1387	0.0016
1388	0.0016
1389	0.0016
139	0.0444
1390	0.0
1391	2.0E-4
1392	0.0
1393	0.0
1394	0.0
1395	0.0
1396	2.0E-4
1397	2.0E-4
1398	2.0E-4
1399	2.0E-4
14	0.445
140	0.0423
1400	2.0E-4
1401	2.0E-4
1402	0.0
1403	0.0
1404	0.0
1405	0.0
1406	0.0
1407	0.0
1408	0.0112
1409	0.0322
141	0.0388
1410	0.0322
1411	0.0322
1412	0.0322
1413	0.0322
1414	0.0322
1415	0.0322
1416	0.0386
1417	0.0496
1418	0.0322
1419	0.049
142	0.1869
1420	0.049
1421	0.0322
1422	1.0E-4
1423	1.0E-4
1424	1.0E-4
1425	1.0E-4
1426	1.0E-4
1427	1.0E-4
1428	1.0E-4
1429	1.0E-4
143	0.2601
1430	1.0E-4
1431	1.0E-4
1432	1.0E-4
1433	0.0081
1434	0.0081
1435	0.0081
1436	0.0081
1437	0.0081
1438	3.0E-4
1439	3.0E-4
144	0.0568
1440	0.0012
1441	0.0016
1442	0.0063
1443	0.3909
1444	0.0013
1445	3.0E-4
1446	2.0E-4
1447	2.0E-4
1448	2.0E-4
1449	2.0E-4
145	0.4862
1450	2.0E-4
1451	2.0E-4
1452	2.0E-4
1453	2.0E-4
1454	2.0E-4
1455	2.0E-4
1456	2.0E-4
1457	0.0012
1458	5.0E-4
1459	9.0E-4
146	0.0388
1460	0.001
1461	0.0095
1462	0.0095
1463	0.0095
1464	0.0095
1465	0.0095
1466	0.0095
1467	4.0749
1468	5.0E-4
1469	0.0042
147	0.0388
1470	0.0042
1471	0.0042
1472	0.0045
1473	2.0E-4
1474	2.0E-4
1475	2.0E-4
1476	2.0E-4
1477	2.0E-4
1478	2.0E-4
1479	2.0E-4
148	0.178
1480	2.0E-4
1481	2.0E-4
1482	2.0E-4
1483	1.0E-4
1484	1.0E-4
1485	1.0E-4
1486	1.0E-4
1487	0.002
1488	0.0015
1489	0.002
149	0.051
1490	0.0015
1491	0.0012
1492	0.0012
1493	0.0012
1494	0.0015
1495	3.0E-4
1496	3.0E-4
1497	3.0E-4
1498	3.0E-4
1499	0.0012
15	0.0042
150	0.0508
1500	3.0E-4
1501	3.0E-4
1502	0.0012
1503	0.0012
1504	3.0E-4
1505	0.0012
1506	8.0E-4
1507	0.0088
1508	9.0E-4
1509	1.0E-4
151	0.1165
1510	1.0E-4
1511	1.0E-4
1512	1.0E-4
1513	1.0E-4
1514	1.0E-4
1515	1.0E-4
1516	1.0E-4
1517	2.0E-4
1518	3.0E-4
1519	4.0E-4
152	0.0347
1520	1.0E-4
1521	1.0E-4
1522	1.0E-4
1523	1.0E-4
1524	1.0E-4
1525	1.0E-4
1526	1.0E-4
1527	2.0E-4
1528	2.0E-4
1529	1.0E-4
153	0.1179
1530	1.0E-4
1531	1.0E-4
1532	1.0E-4
1533	0.0379
1534	0.0
1535	1.0E-4
1536	1.0E-4
1537	2.0E-4
1538	0.4462
1539	0.6967
154	6.0E-4
1540	0.9709
1541	0.97
1542	0.4462
1543	0.0032
1544	0.0
1545	0.0
1546	0.0
1547	0.0
1548	0.0
1549	0.0
155	0.2359
1550	0.0
1551	0.0
1552	2.0E-4
1553	1.0E-4
1554	1.0E-4
1555	1.0E-4
1556	1.0E-4
1557	1.0E-4
1558	1.0E-4
1559	1.0E-4
156	0.0987
1560	1.0E-4
1561	2.0E-4
1562	2.0E-4
1563	2.0E-4
1564	1.0E-4
1565	0.0
1566	0.0
1567	0.0
1568	0.0
1569	0.0
157	0.2428
1570	0.0
1571	0.0
1572	0.0
1573	0.0
1574	0.0
1575	0.0
1576	0.0
1577	0.0
1578	0.0
1579	0.0
158	0.2832
1580	0.0
1581	0.0
1582	0.0
1583	0.0
1584	0.0
1585	0.0
1586	0.0
1587	0.0
1588	0.0
1589	0.001
159	0.2428
1590	8.0E-4
1591	8.0E-4
1592	0.0
1593	0.0
1594	0.0
1595	0.0
1596	0.0
1597	0.0
1598	0.0
1599	0.0
16	1.7255
160	0.2606
1600	0.0
1601	0.0
1602	0.0115
1603	0.0115
1604	0.0115
1605	0.0115
1606	0.0115
1607	2.0E-4
1608	0.1045
1609	0.1045
161	0.2501
1610	0.1045
1611	0.1045
1612	0.1045
1613	0.1045
1614	0.0044
1615	0.0044
1616	0.0044
1617	0.0044
1618	0.0044
1619	1.0E-4
162	0.2428
1620	0.1208
1621	0.0914
1622	0.0914
1623	0.0914
1624	0.0914
1625	0.0914
1626	1.0E-4
1627	1.0E-4
1628	1.0E-4
1629	1.0E-4
163	0.2359
1630	1.0E-4
1631	1.0E-4
1632	1.0E-4
1633	1.0E-4
1634	1.0E-4
1635	1.0E-4
1636	1.0E-4
1637	1.0E-4
1638	1.0E-4
1639	0.0
164	0.1437
1640	1.0E-4
1641	1.0E-4
1642	0.0
1643	0.0
1644	1.0E-4
1645	0.0
1646	1.0E-4
1647	1.0E-4
1648	0.0
1649	0.0
165	0.2359
1650	1.0E-4
1651	1.0E-4
1652	1.0E-4
1653	1.0E-4
1654	1.0E-4
1655	1.0E-4
1656	1.0E-4
1657	1.0E-4
1658	1.0E-4
1659	1.0E-4
166	0.2494
1660	1.0E-4
1661	1.0E-4
1662	1.0E-4
1663	1.0E-4
1664	1.0E-4
1665	0.2528
1666	0.3905
1667	0.2528
1668	0.2528
1669	0.0154
167	0.2359
1670	0.0154
1671	0.0182
1672	0.0154
1673	0.0154
1674	0.0154
1675	0.0154
1676	0.0154
1677	0.0154
1678	3.8061
1679	0.0238
168	0.2057
1680	1.0E-4
1681	2.0E-4
1682	2.0E-4
1683	0.0015
1684	2.0E-4
1685	2.0E-4
1686	2.0E-4
1687	1.0E-4
1688	0.0011
1689	1.0E-4
169	0.2057
1690	1.0E-4
1691	1.0E-4
1692	1.0E-4
1693	1.0E-4
1694	1.0E-4
1695	1.0E-4
1696	1.0E-4
1697	1.0E-4
1698	1.0E-4
1699	1.0E-4
17	0.0043
170	0.2057
1700	1.0E-4
1701	1.0E-4
1702	1.0E-4
1703	1.0E-4
1704	1.0E-4
1705	1.0E-4
1706	1.0E-4
1707	1.0E-4
1708	1.0E-4
1709	1.0E-4
171	0.2064
1710	1.0E-4
1711	1.0E-4
1712	1.0E-4
1713	1.0E-4
1714	1.0E-4
1715	1.0E-4
1716	1.0E-4
1717	1.0E-4
1718	1.0E-4
1719	1.0E-4
172	0.2057
1720	1.0E-4
1721	1.0E-4
1722	1.0E-4
1723	0.0
1724	0.0
1725	0.0
1726	0.0
1727	0.0
1728	0.0
1729	0.0
173	0.2013
1730	0.0
1731	0.0
1732	0.0
1733	0.0
1734	0.0
1735	0.0
1736	0.0
1737	1.0E-4
1738	1.0E-4
1739	1.0E-4
174	0.1526
1740	1.0E-4
1741	0.0
1742	0.0
1743	0.0
1744	0.0
1745	0.0
1746	0.0
1747	0.0
1748	0.0
1749	0.0
175	0.2366
1750	1.0E-4
1751	1.0E-4
1752	1.0E-4
1753	1.0E-4
1754	1.0E-4
1755	1.0E-4
1756	1.0E-4
1757	1.0E-4
1758	1.0E-4
1759	1.0E-4
176	0.2584
1760	3.0E-4
1761	4.0E-4
1762	4.0E-4
1763	4.0E-4
1764	0.002
1765	0.002
1766	0.0
1767	0.0
1768	0.0
1769	0.0
177	0.1562
1770	0.0
1771	0.0
1772	0.0
1773	0.0
1774	0.0
1775	0.0
1776	0.0
1777	0.0
1778	0.0
1779	0.0
178	0.0475
1780	0.0
1781	0.0
1782	0.0
1783	0.0
1784	0.0
1785	0.0
1786	0.0
1787	0.0
1788	0.0
1789	1.0E-4
179	0.0845
1790	1.0E-4
1791	0.0
1792	0.0
1793	0.0
1794	0.0
1795	0.0
1796	0.0
1797	0.0
1798	0.0
1799	0.0
18	0.184
180	0.0791
1800	0.0
1801	0.0
1802	0.0
1803	0.0
1804	0.0
1805	0.0
1806	0.0
1807	0.0
1808	0.0
1809	0.0
181	0.0795
1810	0.0
1811	0.0
1812	0.0
1813	0.0
1814	0.0
1815	1.0E-4
1816	1.0E-4
1817	1.0E-4
1818	8.0E-4
1819	0.0044
182	0.0526
1820	0.0045
1821	0.005
1822	0.0045
1823	0.0026
1824	0.0026
1825	0.0026
1826	0.0026
1827	0.0026
1828	0.0026
1829	0.0026
183	0.0791
1830	0.0032
1831	0.0043
1832	0.0026
1833	0.0042
1834	0.0042
1835	0.0026
1836	0.0031
1837	0.0015
1838	0.0039
1839	0.0039
184	0.08
1840	0.0039
1841	0.0033
1842	0.003
1843	0.003
1844	0.003
1845	0.003
1846	0.003
1847	0.003
1848	0.003
1849	0.0011
185	0.0791
1850	0.0011
1851	0.0014
1852	0.0011
1853	8.0E-4
1854	1.0E-4
1855	0.0
1856	0.0
1857	0.0
1858	0.0
1859	0.0
186	0.0796
1860	6.0E-4
1861	0.0029
1862	0.0029
1863	0.0032
1864	0.0
1865	0.0
1866	0.0
1867	0.0
1868	0.0
1869	0.0
187	0.0794
1870	2.0E-4
1871	0.4237
1872	1.6262
1873	1.7844
1874	0.4223
1875	2.1081
1876	1.4125
1877	2.1081
1878	2.1269
1879	0.0817
188	0.0791
1880	0.0817
1881	0.0817
1882	0.0817
1883	1.8635
1884	0.0579
1885	0.0579
1886	0.0579
1887	0.0579
1888	0.0579
1889	0.0579
189	0.0961
1890	0.0579
1891	0.0579
1892	0.0579
1893	0.0579
1894	0.0579
1895	0.0579
1896	0.0
1897	0.0
1898	0.0
1899	0.0
19	0.0219
190	0.0022
1900	0.0
1901	0.0
1902	0.0
1903	0.0
1904	0.0
1905	0.0
1906	0.0
1907	0.0
1908	0.0
1909	0.0
191	0.003
1910	0.0
1911	0.0
1912	0.0
1913	0.0
1914	0.0
1915	0.0
1916	0.0
1917	0.0
1918	0.0
1919	0.0
192	0.1984
1920	0.0
1921	0.0
1922	0.0
1923	0.0
1924	0.0
1925	0.0
1926	0.0
1927	0.0
1928	0.0
1929	0.0
193	1.2928
1930	0.0
1931	0.0
1932	0.0
1933	0.0
1934	0.0
1935	0.0
1936	0.0
1937	0.0
1938	0.0
1939	0.0
194	0.4823
1940	0.0
1941	0.0
1942	0.0
1943	0.0
1944	0.0
1945	0.0
1946	0.0
1947	0.0
1948	0.0
1949	0.0
195	0.6571
1950	0.0
1951	0.0
1952	0.0
1953	0.0
1954	0.0
1955	0.0
1956	0.0
1957	0.0
1958	0.0
1959	0.0
196	0.6557
1960	0.0
1961	0.0
1962	0.0
1963	0.0
1964	0.0
1965	0.0
1966	0.0
1967	0.0
1968	0.0
1969	0.0
197	0.4472
1970	0.0
1971	0.0
1972	0.0
1973	0.0
1974	0.0
1975	0.0
1976	0.0
1977	0.0
1978	0.0
1979	0.0
198	0.5483
1980	0.0
1981	0.0
1982	0.0
1983	0.0
1984	0.0
1985	0.0
1986	0.0
1987	0.0
1988	0.0
1989	0.0
199	0.6533
1990	0.0
1991	0.0
1992	0.0
1993	0.0
1994	0.0
1995	1.0063
1996	0.0
1997	0.0
1998	0.0
1999	0.0
2	16.0009
20	0.0407
200	0.7299
2000	0.0
2001	0.0
2002	0.0
2003	0.0
2004	0.0
2005	0.0
2006	0.0
2007	0.0
2008	0.0
2009	0.0
201	1.3316
2010	0.0
2011	0.0
2012	0.0
2013	0.0
2014	0.0
2015	0.0
2016	0.0
2017	0.0
2018	0.0
2019	0.0
202	1.3629
2020	0.0
2021	0.0
2022	0.0
2023	0.0
2024	0.0
2025	0.0
2026	0.0
2027	0.0
2028	0.0
2029	0.0
203	0.4302
2030	0.0
2031	0.0
2032	0.0
2033	0.0
2034	0.0
2035	0.0
2036	0.0
2037	0.0
2038	0.0
2039	0.0
204	0.6285
2040	0.0
2041	0.0
2042	0.0
2043	0.0
2044	0.0
2045	0.0
2046	0.0
2047	0.0
2048	0.0
2049	0.0
205	0.5049
2050	0.0
2051	0.0
2052	0.0
2053	0.0
2054	0.0
2055	0.0
2056	0.0
2057	0.0
2058	0.0
2059	0.0
206	0.418
2060	0.0
2061	0.0
2062	0.0
2063	0.0
2064	0.0
2065	0.0
2066	0.0
2067	0.0
2068	0.0
2069	0.0
207	0.002
2070	0.0
2071	0.0
2072	0.0
2073	0.0
2074	0.0
2075	0.0
2076	0.0
2077	0.0
2078	0.0
2079	0.0
208	0.0021
2080	0.003
2081	0.0023
2082	0.003
2083	0.0023
2084	0.0019
2085	0.0024
2086	5.0E-4
2087	5.0E-4
2088	5.0E-4
2089	5.0E-4
209	0.0056
2090	0.0019
2091	5.0E-4
2092	5.0E-4
2093	0.0018
2094	0.0018
2095	5.0E-4
2096	0.0019
2097	0.0012
2098	0.0071
2099	0.0014
21	0.0212
210	0.0046
2100	3.8029
2101	0.0237
2102	0.0
2103	0.1574
2104	0.0
2105	0.0
2106	0.0
2107	5.0E-4
2108	5.0E-4
2109	5.0E-4
211	0.1391
2110	5.0E-4
2111	5.0E-4
2112	5.0E-4
2113	5.0E-4
2114	5.0E-4
2115	6.0E-4
2116	5.0E-4
2117	5.0E-4
2118	5.0E-4
2119	5.0E-4
212	0.808
2120	5.0E-4
2121	5.0E-4
2122	5.0E-4
2123	5.0E-4
2124	5.0E-4
2125	0.0047
2126	0.0047
2127	0.0034
2128	0.0058
2129	0.0034
213	0.8132
2130	0.0034
2131	0.0034
2132	0.002
2133	0.002
2134	0.002
2135	0.002
2136	0.002
2137	0.0053
2138	0.0053
2139	0.0061
214	0.8123
2140	0.0053
2141	0.0053
2142	0.0053
2143	0.0053
2144	0.4876
2145	0.5774
2146	0.4734
2147	0.4734
2148	0.4876
2149	5.0E-4
215	0.8004
2150	5.0E-4
2151	5.0E-4
2152	5.0E-4
2153	5.0E-4
2154	5.0E-4
2155	5.0E-4
2156	5.0E-4
2157	5.0E-4
2158	5.0E-4
2159	8.0E-4
216	0.8102
2160	8.0E-4
2161	8.0E-4
2162	8.0E-4
2163	8.0E-4
2164	8.0E-4
2165	8.0E-4
2166	8.0E-4
2167	6.0E-4
2168	6.0E-4
2169	6.0E-4
217	0.8138
2170	6.0E-4
2171	0.02
2172	0.2447
2173	6.0E-4
2174	6.0E-4
2175	6.0E-4
2176	6.0E-4
2177	6.0E-4
2178	6.0E-4
2179	6.0E-4
218	0.5354
2180	5.0E-4
2181	5.0E-4
2182	5.0E-4
2183	5.0E-4
2184	5.0E-4
2185	5.0E-4
2186	5.0E-4
2187	5.0E-4
2188	5.0E-4
2189	5.0E-4
219	0.1463
2190	5.0E-4
2191	5.0E-4
2192	5.0E-4
2193	0.8125
2194	0.7957
2195	0.7957
2196	0.8125
2197	0.8125
2198	0.7614
2199	0.025
22	0.0041
220	0.1552
2200	0.025
2201	0.025
2202	0.025
2203	0.025
2204	0.025
2205	0.025
2206	0.025
2207	0.025
2208	0.025
2209	8.0E-4
221	0.0049
2210	0.0
2211	1.0E-4
2212	2.0E-4
2213	1.0E-4
2214	0.0
2215	1.0E-4
2216	0.0
2217	0.0
2218	0.0
2219	1.0E-4
222	0.0049
2220	0.0
2221	1.0E-4
2222	1.0E-4
2223	0.0
2224	0.0
2225	0.0
2226	0.0
2227	0.0
2228	0.0
2229	1.0E-4
223	2.0E-4
2230	1.0E-4
2231	0.0
2232	0.0
2233	0.0
2234	0.0
2235	1.0E-4
2236	2.0E-4
2237	1.0E-4
2238	1.0E-4
2239	1.0E-4
224	1.1089
2240	1.0E-4
2241	1.0E-4
2242	1.0E-4
2243	1.0E-4
2244	1.0E-4
2245	1.0E-4
2246	0.0
2247	0.0
2248	0.0
2249	1.0E-4
225	0.0012
2250	0.0
2251	0.0
2252	0.0
2253	0.0
2254	0.0
2255	0.0
2256	0.0
2257	0.0
2258	2.0E-4
2259	0.0
226	0.0014
2260	1.0E-4
2261	1.0E-4
2262	1.0E-4
2263	1.0E-4
2264	0.0
2265	0.0
2266	0.0
2267	1.0E-4
2268	2.0E-4
2269	0.0
227	0.0012
2270	0.0
2271	0.0
2272	0.0
2273	0.0
2274	0.0
2275	1.0E-4
2276	1.0E-4
2277	1.0E-4
2278	1.0E-4
2279	1.0E-4
228	0.0012
2280	1.0E-4
2281	1.0E-4
2282	2.0E-4
2283	2.0E-4
2284	1.0E-4
2285	0.0
2286	0.0
2287	0.0
2288	0.0
2289	0.0
229	0.0021
2290	2.0E-4
2291	0.0
2292	0.0
2293	0.0
2294	1.0E-4
2295	1.0E-4
2296	1.0E-4
2297	1.0E-4
2298	0.0
2299	0.0
23	0.0428
230	0.0012
2300	0.0
2301	0.0
2302	0.0
2303	0.0
2304	0.0
2305	0.0
2306	0.0
2307	0.0
2308	0.0
2309	0.0
231	0.1464
2310	0.0
2311	0.0
2312	0.0
2313	0.0
2314	0.0
2315	0.0
2316	0.0
2317	0.0
2318	0.0
2319	0.0
232	0.1119
2320	0.0
2321	0.0
2322	0.0
2323	0.0
2324	0.0
2325	0.0
2326	0.0
2327	0.0
2328	0.0
2329	0.0
233	0.1119
2330	0.0
2331	0.0
2332	0.0
2333	0.0
2334	0.0
2335	0.0
2336	0.0
2337	0.0
2338	0.0
2339	0.0
234	0.1119
2340	0.0
2341	0.0
2342	0.0
2343	0.0
2344	0.0
2345	0.0
2346	0.0
2347	0.0
2348	0.0
2349	0.0
235	0.1776
2350	0.0
2351	0.0
2352	0.0
2353	0.0
2354	0.0
2355	0.0
2356	0.0
2357	0.0
2358	0.0
2359	0.0
236	0.1905
2360	0.0
2361	0.0
2362	7.0E-4
2363	0.1108
2364	0.0
2365	0.0
2366	0.0
2367	0.0
2368	0.0
2369	0.0
237	0.1119
2370	0.0
2371	0.0
2372	0.0
2373	0.0
2374	0.0
2375	0.0
2376	0.0
2377	0.0
2378	0.0
2379	0.0
238	0.1119
2380	0.0
2381	0.0
2382	0.0
2383	0.0
2384	0.0
2385	0.0
2386	0.0
2387	0.0
2388	0.0
2389	0.0
239	0.1119
2390	0.0
2391	0.0
2392	0.0
2393	0.0
2394	0.0
2395	0.0
2396	0.0
2397	0.0
2398	0.0
2399	0.0
24	0.0044
240	0.1844
2400	0.0
2401	0.0
2402	3.0E-4
2403	0.0
2404	0.0
2405	0.0
2406	0.0
2407	0.0
2408	0.0
2409	0.0
241	0.1163
2410	0.0
2411	0.0
2412	0.0
2413	0.0
2414	0.0
2415	0.0
2416	0.0
2417	1.0E-4
2418	1.0E-4
2419	1.0E-4
242	0.1696
2420	0.0
2421	0.0
2422	0.0
2423	0.0
2424	0.0
2425	0.0
2426	0.0
2427	0.0
2428	0.0
2429	0.0
243	0.1119
2430	0.0
2431	0.0
2432	0.0
2433	0.0
2434	0.0
2435	0.0
2436	0.0
2437	0.0
2438	0.0
2439	0.0
244	0.1673
2440	0.0
2441	0.0
2442	0.0
2443	0.0
2444	0.0
2445	0.0
2446	0.0
2447	0.0
2448	0.0
2449	0.0
245	0.1673
2450	0.0
2451	0.0
2452	0.0098
2453	0.006
2454	0.006
2455	0.0025
2456	0.006
2457	0.0064
2458	0.006
2459	0.0025
246	0.1524
2460	0.0012
2461	0.0012
2462	0.0012
2463	0.0012
2464	0.0012
2465	0.0012
2466	0.0012
2467	0.0012
2468	0.0012
2469	0.0012
247	0.1119
2470	0.0012
2471	0.0012
2472	0.0012
2473	0.0012
2474	0.0012
2475	0.0012
2476	0.0012
2477	0.0012
2478	0.0012
2479	0.0012
248	0.2472
2480	0.0012
2481	0.0012
2482	0.007
2483	0.0039
2484	0.0039
2485	0.0139
2486	0.0139
2487	0.0014
2488	0.0014
2489	0.0014
249	0.7068
2490	0.0014
2491	0.0014
2492	0.0014
2493	0.0014
2494	0.0014
2495	0.0014
2496	0.0014
2497	0.0014
2498	0.0014
2499	0.0014
25	0.0041
250	0.1481
2500	0.0014
2501	0.0014
2502	0.0014
2503	0.0014
2504	0.0014
2505	0.0014
2506	0.0014
2507	0.0014
2508	0.0014
2509	0.0014
251	0.1548
2510	0.0
2511	0.0
2512	0.0
2513	0.0
2514	0.0
2515	0.0
2516	0.0
2517	0.0
2518	0.0
2519	0.0
252	0.3667
2520	0.0
2521	0.0
2522	0.0
2523	0.0
2524	0.0
2525	0.0
2526	0.0
2527	0.0
2528	0.0
2529	0.0
253	0.1187
2530	0.0
2531	0.0
2532	0.0
2533	0.0
2534	0.0
2535	3.0E-4
2536	0.1058
2537	0.2317
2538	0.2317
2539	0.1058
254	0.2101
2540	3.0E-4
2541	3.0E-4
2542	3.0E-4
2543	3.0E-4
2544	1.0E-4
2545	1.0E-4
2546	1.0E-4
2547	3.0E-4
2548	3.0E-4
2549	3.0E-4
255	0.2702
2550	3.0E-4
2551	0.2577
2552	0.2577
2553	0.2577
2554	0.2577
2555	1.0E-4
2556	1.0E-4
2557	1.0E-4
2558	1.0E-4
2559	1.0E-4
256	0.25
2560	1.0E-4
2561	1.0E-4
2562	1.0E-4
2563	4.0E-4
2564	0.0
2565	0.0
2566	0.0
2567	0.0
2568	0.0
2569	0.0
257	0.3123
2570	0.0
2571	0.0
2572	0.0
2573	0.0
2574	0.0
2575	0.0
2576	0.0
2577	0.0
2578	0.0
2579	0.0
258	0.7112
2580	0.0
2581	0.0
2582	0.0
2583	0.0
2584	0.0
2585	0.0
2586	0.0
2587	0.0
2588	0.0016
2589	3.0E-4
259	0.7112
2590	3.0E-4
2591	3.0E-4
2592	3.0E-4
2593	3.0E-4
2594	3.0E-4
2595	3.0E-4
2596	3.0E-4
2597	3.0E-4
2598	0.0011
2599	0.0
26	0.7
260	0.7112
2600	0.0
2601	0.0
2602	0.0
2603	0.0
2604	0.0
2605	0.0
2606	0.0
2607	0.0
2608	0.0
2609	0.0
261	0.0659
2610	0.0
2611	0.0
2612	0.0
2613	0.0
2614	0.0
2615	0.0
2616	0.0
2617	0.0
2618	0.0
2619	0.0
262	0.0721
2620	0.0
2621	0.0
2622	0.0
2623	0.0
2624	0.0
2625	0.0
2626	0.0
2627	0.0
2628	0.0
2629	0.0
263	0.0684
2630	0.0
2631	0.0
2632	0.0
2633	0.0
2634	0.0
2635	0.0
2636	0.0
2637	0.0
2638	0.0
2639	0.0
264	0.0771
2640	0.0
2641	0.0
2642	0.0
2643	0.0
2644	0.0
2645	0.0
2646	0.0
2647	0.0
2648	0.0
2649	0.0
265	0.0698
2650	0.0
2651	0.0
2652	0.0
2653	0.0
2654	0.0
2655	0.0
2656	0.0
2657	0.0
2658	0.0
2659	0.0
266	0.0692
2660	0.0
2661	0.0
2662	0.0
2663	0.0
2664	0.0
2665	0.0
2666	0.0
2667	0.0
2668	0.0
2669	0.0
267	0.0744
2670	0.0
2671	1.0698
2672	1.0698
2673	1.0698
2674	1.0698
2675	1.0698
2676	1.0E-4
2677	0.0
2678	0.0
2679	0.0
268	0.0729
2680	0.0
2681	0.0
2682	0.0
2683	0.0
2684	0.0
2685	0.0
2686	0.0
2687	0.0
2688	0.0
2689	0.0
269	0.0684
2690	0.0
2691	0.0
2692	0.0
2693	0.0
2694	0.0
2695	0.0
2696	0.0
2697	0.0
2698	0.0
2699	0.0
27	9.2839
270	0.0758
2700	0.0
2701	0.0
2702	0.0
2703	0.0
2704	0.0
2705	0.0
2706	0.0
2707	0.0
2708	0.0
2709	0.0
271	0.0641
2710	0.0
2711	0.0
2712	0.0
2713	0.0
2714	0.0
2715	0.0
2716	0.0
2717	0.0
2718	0.0
2719	0.0
272	0.0736
2720	0.0
2721	0.0
2722	0.0
2723	0.0
2724	0.0
2725	0.0
2726	0.0
2727	1.0E-4
2728	0.0
2729	0.0
273	0.069
2730	0.0
2731	0.0
2732	0.0
2733	0.0
2734	0.0
2735	0.1376
2736	1.0E-4
2737	0.0014
2738	0.0014
2739	0.0014
274	0.0648
2740	0.0014
2741	0.0014
2742	0.0014
2743	0.0014
2744	0.0014
2745	0.0014
2746	0.0014
2747	0.0014
2748	1.0E-4
2749	1.0E-4
275	0.0716
2750	1.0E-4
2751	1.0E-4
2752	1.0E-4
2753	0.0098
2754	1.0E-4
2755	1.0E-4
2756	1.0E-4
2757	1.0E-4
2758	1.0E-4
2759	1.0E-4
276	0.0804
2760	1.0E-4
2761	1.0E-4
2762	1.0E-4
2763	0.0018
2764	0.0018
2765	0.0018
2766	0.0018
2767	0.0018
2768	0.0018
2769	0.0018
277	0.0701
2770	0.0018
2771	0.0586
2772	0.0586
2773	0.0586
2774	0.0586
2775	0.0586
2776	0.0586
2777	0.0586
2778	0.0586
2779	0.0586
278	0.075
2780	0.0586
2781	0.0586
2782	0.0586
2783	0.0
2784	1.0E-4
2785	1.0E-4
2786	5.0E-4
2787	0.0026
2788	0.0026
2789	0.0
279	0.0689
2790	0.0
2791	0.0
2792	0.0
2793	0.0
2794	1.0E-4
2795	1.0E-4
2796	1.0E-4
2797	1.0E-4
2798	0.001
2799	0.0
28	7.0646
280	0.1052
2800	0.0
2801	0.0
2802	0.0
2803	0.0
2804	0.0
2805	0.0
2806	0.0
2807	0.0
2808	0.0
2809	0.0
281	0.069
2810	0.0
2811	0.0
2812	0.0
2813	0.0
2814	0.0
2815	0.0
2816	0.0
2817	0.0
2818	0.0
2819	0.0
282	0.071
2820	0.0
2821	0.0
2822	0.0
2823	0.0
2824	0.0
2825	0.0
2826	0.0
2827	0.0
2828	0.0
2829	0.0
283	0.0692
2830	0.0
2831	0.0
2832	0.0
2833	0.0
2834	0.0
2835	0.0
2836	0.0
2837	0.0
2838	0.0
2839	0.0
284	0.07
2840	0.0
2841	0.0
2842	0.0
2843	0.0
2844	0.0
2845	0.0
2846	0.0
2847	0.0
2848	0.0
2849	0.0
285	0.0693
2850	0.0
2851	0.0
2852	0.0
2853	0.0
2854	0.0
2855	0.0
2856	0.0
2857	0.0
2858	0.0
2859	0.0
286	0.0684
2860	0.0
2861	0.0
2862	0.0
2863	0.0
2864	0.0
2865	0.0
2866	0.0
2867	0.0
2868	0.0
2869	0.0
287	0.0684
2870	0.0
2871	0.0
2872	0.0
2873	0.0
2874	0.0
2875	0.0
2876	0.0
2877	0.0
2878	0.0
2879	0.0
288	0.0703
2880	0.0
2881	0.0
2882	0.0
2883	0.0
2884	0.0
2885	0.0
2886	0.0
2887	0.0
2888	0.0
2889	0.0
289	0.0692
2890	0.0
2891	0.0
2892	0.0
2893	0.0
2894	0.0
2895	0.0
2896	0.0
2897	0.0
2898	0.0
2899	0.0
29	7.168
290	0.0696
2900	0.0
2901	0.0
2902	0.0
2903	0.0
2904	0.0
2905	0.0
2906	0.0
2907	0.0
2908	0.0
2909	0.0
291	0.0711
2910	0.0
2911	0.0
2912	0.0
2913	0.0
2914	0.0
2915	0.0
2916	0.0
2917	0.0
2918	0.0
2919	0.0
292	0.0705
2920	0.0
2921	0.0
2922	0.0
2923	0.0
2924	0.0
2925	0.0
2926	0.0
2927	0.0
2928	0.0
2929	0.0
293	0.0696
2930	0.0
2931	0.0
2932	0.0
2933	0.0
2934	0.0
2935	0.0
2936	0.0
2937	0.0
2938	0.0
2939	0.0
294	0.1028
2940	0.0
2941	0.0
2942	0.0
2943	0.0
2944	0.0
2945	0.0
2946	0.0
2947	0.0
2948	0.0
2949	0.0
295	0.1029
2950	0.0
2951	0.0
2952	0.0
2953	0.0
2954	0.0
2955	0.0
2956	0.0
2957	0.0
2958	0.0
2959	0.0
296	0.1025
2960	0.0
2961	0.0
2962	0.0
2963	0.0
2964	0.0
2965	0.0
2966	0.0
2967	0.0
2968	0.0
2969	0.0
297	0.1066
2970	0.0
2971	0.0
2972	0.0
2973	0.0
2974	0.0
2975	0.0
2976	0.0
2977	0.0
2978	0.0
2979	0.0
298	0.1069
2980	0.0
2981	0.0
2982	0.0
2983	0.0046
2984	5.0E-4
2985	5.0E-4
2986	5.0E-4
2987	5.0E-4
2988	5.0E-4
2989	5.0E-4
299	0.1025
2990	0.001
2991	6.0E-4
2992	6.0E-4
2993	6.0E-4
2994	2.0E-4
2995	6.0E-4
2996	6.0E-4
2997	6.0E-4
2998	2.0E-4
2999	1.0E-4
3	0.0072
30	1.8732
300	0.372
3000	1.0E-4
3001	1.0E-4
3002	1.0E-4
3003	1.0E-4
3004	1.0E-4
3005	1.0E-4
3006	1.0E-4
3007	1.0E-4
3008	1.0E-4
3009	1.0E-4
301	0.1025
3010	1.0E-4
3011	1.0E-4
3012	1.0E-4
3013	1.0E-4
3014	1.0E-4
3015	1.0E-4
3016	1.0E-4
3017	1.0E-4
3018	1.0E-4
3019	1.0E-4
302	0.2593
3020	1.0E-4
3021	1.0E-4
3022	1.0E-4
3023	1.0E-4
3024	1.0E-4
3025	1.0E-4
3026	7.0E-4
3027	7.0E-4
3028	4.0E-4
3029	4.0E-4
303	0.3302
3030	0.0014
3031	0.0014
3032	1.0E-4
3033	1.0E-4
3034	1.0E-4
3035	1.0E-4
3036	1.0E-4
3037	1.0E-4
3038	1.0E-4
3039	1.0E-4
304	0.0044
3040	1.0E-4
3041	1.0E-4
3042	1.0E-4
3043	1.0E-4
3044	1.0E-4
3045	1.0E-4
3046	1.0E-4
3047	1.0E-4
3048	1.0E-4
3049	1.0E-4
305	0.0103
3050	1.0E-4
3051	1.0E-4
3052	1.0E-4
3053	1.0E-4
3054	1.0E-4
3055	0.0018
3056	0.0013
3057	0.0018
3058	0.0013
3059	3.0E-4
306	0.0107
3060	3.0E-4
3061	3.0E-4
3062	3.0E-4
3063	3.0E-4
3064	3.0E-4
3065	0.0011
3066	0.0011
3067	3.0E-4
3068	7.0E-4
3069	3.0E-4
307	0.0116
3070	3.0E-4
3071	3.0E-4
3072	3.0E-4
3073	3.0E-4
3074	3.0E-4
3075	3.0E-4
3076	3.0E-4
3077	3.0E-4
3078	2.0E-4
3079	2.0E-4
308	0.0057
3080	2.0E-4
3081	2.0E-4
3082	2.0E-4
3083	2.0E-4
3084	2.0E-4
3085	2.0E-4
3086	2.0E-4
3087	2.0E-4
3088	0.3947
3089	1.5506
309	0.6031
3090	0.1371
3091	0.1371
3092	0.1371
3093	0.1371
3094	0.1398
3095	0.277
3096	0.1371
3097	0.1514
3098	0.2431
3099	0.2267
31	1.068
310	0.5061
3100	0.2267
3101	0.2267
3102	0.1519
3103	0.1519
3104	0.1683
3105	0.2267
3106	0.2267
3107	0.2313
3108	0.2267
3109	0.2851
311	0.5082
3110	0.2267
3111	0.7832
3112	0.2121
3113	0.212
3114	0.0359
3115	0.0406
3116	0.0359
3117	0.0425
3118	0.0359
3119	0.2004
312	0.532
3120	0.2216
3121	0.0
3122	0.0
3123	0.0
3124	0.0
3125	0.0
3126	0.0
3127	0.0
3128	0.0
3129	1.0018
313	0.5061
3130	5.0E-4
3131	5.0E-4
3132	5.0E-4
3133	5.0E-4
3134	5.0E-4
3135	5.0E-4
3136	5.0E-4
3137	5.0E-4
3138	5.0E-4
3139	0.0016
314	0.5061
3140	0.0577
3141	0.0577
3142	0.0577
3143	0.0577
3144	0.0577
3145	0.0577
3146	0.0577
3147	0.0577
3148	0.0577
3149	0.0577
315	0.5061
3150	0.0577
3151	0.0577
3152	5.0E-4
3153	2.0E-4
3154	2.0E-4
3155	2.0E-4
3156	0.003
3157	6.0E-4
3158	3.0E-4
3159	5.0E-4
316	0.5061
3160	3.0E-4
3161	5.0E-4
3162	3.0E-4
3163	0.1159
3164	0.0169
3165	3.0E-4
3166	3.0E-4
3167	0.0014
3168	0.0014
3169	0.0044
317	0.5061
3170	0.0854
3171	0.0867
3172	0.0867
3173	0.0854
3174	2.0E-4
3175	2.0E-4
3176	2.0E-4
3177	0.0194
3178	0.0194
3179	0.0194
318	0.5061
3180	0.0222
3181	0.2434
3182	2.7482
3183	0.0286
3184	1.4409
3185	0.0194
3186	5.391
3187	0.0264
3188	3.7484
3189	0.765
319	0.5061
3190	0.765
3191	0.0225
3192	0.0194
3193	0.0194
3194	0.0194
3195	0.0194
3196	0.2363
3197	0.0
3198	0.0
3199	0.0
32	1.7063
320	0.612
3200	0.0
3201	0.0
3202	0.0
3203	0.0
3204	0.0
3205	0.0
3206	0.0
3207	0.0
3208	0.0
3209	0.0
321	0.0575
3210	0.0
3211	0.0
3212	0.0
3213	0.0
3214	0.0
3215	0.0
3216	0.0
3217	0.0
3218	0.0
3219	0.0
322	0.0578
3220	8.9381
3221	6.8709
3222	2.0554
3223	4.8042
3224	7.5595
3225	3.6571
3226	6.1815
3227	11.9267
3228	5.4928
3229	3.1988
323	0.0578
3230	0.0
3231	0.0
3232	0.0
3233	1.0E-4
3234	1.0E-4
3235	1.0E-4
3236	0.0
3237	0.0
3238	2.0E-4
3239	1.0E-4
324	0.0755
3240	1.0E-4
3241	0.0
3242	0.0
3243	0.0
3244	0.0
3245	0.0
3246	0.0
3247	0.0
3248	0.0
3249	0.0
325	0.0141
3250	0.0
3251	0.0
3252	0.0
3253	0.0
3254	0.0
3255	0.0
3256	0.0
3257	0.0
3258	0.0
3259	0.0
326	0.0141
3260	0.0
3261	0.0
3262	0.0
3263	0.0
3264	0.0
3265	0.0
3266	0.0
3267	0.0
3268	0.0
3269	0.0
327	0.0141
3270	0.0
3271	0.0
3272	0.0
3273	0.0
3274	3.6371
3275	0.0
3276	0.0
3277	0.0
3278	0.0
3279	0.0
328	0.0141
3280	0.0
3281	0.0
3282	0.0
3283	0.0
3284	0.0
3285	0.0
3286	0.0
3287	0.0
3288	0.0
3289	0.0
329	0.0141
3290	0.0
3291	0.0
3292	0.0
3293	0.0
3294	0.0
3295	0.0
3296	0.0
3297	0.0
3298	0.0
3299	0.0
33	2.1096
330	0.0141
3300	0.0016
3301	0.0016
3302	0.0016
3303	5.0E-4
3304	5.0E-4
3305	5.0E-4
3306	5.0E-4
3307	5.0E-4
3308	5.0E-4
3309	5.0E-4
331	0.0505
3310	5.0E-4
3311	5.0E-4
3312	5.0E-4
3313	4.0E-4
3314	4.0E-4
3315	4.0E-4
3316	4.0E-4
3317	4.0E-4
3318	4.0E-4
3319	4.0E-4
332	0.056
3320	4.0E-4
3321	5.0E-4
3322	0.0144
3323	0.0144
3324	0.0144
3325	0.0144
3326	0.0144
3327	0.0144
3328	0.0144
3329	0.0
333	0.0043
3330	0.0
3331	0.0
3332	0.0
3333	0.0
3334	0.0
3335	0.0
3336	0.0
3337	0.0
3338	0.0
3339	0.0
334	0.098
3340	0.0
3341	0.0
3342	0.0
3343	0.0
3344	0.0
3345	0.0
3346	0.0
3347	0.0
3348	0.0
3349	0.0
335	0.098
3350	0.0
3351	1.0E-4
3352	1.0E-4
3353	1.0E-4
3354	1.0E-4
3355	1.0E-4
3356	0.0
3357	0.0
3358	0.0
3359	0.0
336	0.098
3360	0.0
3361	0.0
3362	0.0
3363	0.0
3364	0.0
3365	0.0
3366	0.0
3367	0.0
3368	0.0
3369	0.0
337	0.3814
3370	0.0
3371	0.0
3372	0.0
3373	0.0
3374	0.0
3375	0.0
3376	0.0
3377	0.0
3378	0.0
3379	0.0
338	0.3814
3380	0.0
3381	0.0
3382	0.0
3383	0.0
3384	0.0
3385	0.0
3386	0.0
3387	0.0
3388	0.0
3389	0.0
339	0.3814
3390	0.0
3391	0.0
3392	0.0
3393	0.0
3394	0.0
3395	0.0
3396	0.0
3397	0.0
3398	0.0
3399	0.0
34	1.0467
340	0.0012
3400	0.0
3401	0.0
3402	0.0
3403	0.0
3404	0.0
3405	0.0
3406	0.0
3407	0.0
3408	0.0
3409	0.0
341	0.0062
3410	0.0
3411	0.0
3412	0.0
3413	0.0
3414	0.0
3415	0.0
3416	0.0
3417	0.0
3418	0.0
3419	0.0
342	2.0E-4
3420	0.0
3421	0.0
3422	0.0
3423	0.0
3424	0.0
3425	0.0
3426	0.0
3427	0.0
3428	0.0
3429	0.0
343	2.0E-4
3430	0.0
3431	0.0
3432	0.0
3433	0.0
3434	0.0
3435	0.0
3436	0.0
3437	0.0
3438	0.0
3439	0.0
344	0.0044
3440	0.0
3441	0.0
3442	0.0
3443	0.0
3444	0.0
3445	0.0
3446	0.0
3447	0.0
3448	0.0
3449	0.0
345	2.0E-4
3450	0.0
3451	0.0
3452	0.0
3453	0.0
3454	0.0
3455	0.0
3456	0.0
3457	0.0
3458	0.0
3459	0.0
346	2.0E-4
3460	0.0
3461	0.0
3462	0.0
3463	0.0
3464	0.0
3465	0.0
3466	0.0
3467	0.0
3468	0.0
3469	0.0
347	2.0E-4
3470	0.0
3471	0.0
3472	0.0
3473	0.0
3474	0.0
3475	0.0
3476	0.0
3477	0.0
3478	0.0
3479	1.0698
348	4.0E-4
3480	1.0698
3481	1.0698
3482	1.0698
3483	1.0698
3484	1.0698
3485	1.0698
3486	1.0698
3487	1.0698
3488	1.0698
3489	0.0
349	2.0E-4
3490	0.0
3491	0.0
3492	0.0
3493	0.0
3494	0.0
3495	0.0
3496	0.0
3497	0.0
3498	0.0
3499	0.0
35	1.2029
350	2.0E-4
3500	0.0
3501	0.0
3502	0.0
3503	0.0
3504	0.0
3505	0.0
3506	0.0
3507	0.0
3508	0.0
3509	0.0
351	2.0E-4
3510	0.0
3511	0.0053
3512	0.2223
3513	1.0E-4
3514	2.0157
3515	7.0E-4
3516	7.0E-4
3517	2.0E-4
3518	2.0E-4
3519	2.0E-4
352	2.0E-4
3520	0.0
3521	0.0
3522	0.0
3523	0.0
3524	0.0
3525	0.0
3526	0.0
3527	0.0
3528	0.0
3529	0.0
353	2.0E-4
3530	0.0
3531	0.0
3532	1.0E-4
3533	0.0
3534	1.0E-4
3535	0.0
3536	0.0
3537	0.0
3538	0.0
3539	0.0
354	2.0E-4
3540	0.0
3541	0.0
3542	0.0
3543	0.0
3544	0.0
3545	0.0
3546	0.0
3547	0.0
3548	0.0
3549	0.0
355	2.0E-4
3550	0.0
3551	0.0
3552	0.0
3553	0.0
3554	0.0
3555	0.0
3556	0.0
3557	0.0
3558	0.0
3559	0.0
356	1.2146
3560	0.0
3561	0.0
3562	0.0
3563	0.0
3564	1.0E-4
3565	1.0E-4
3566	1.0E-4
3567	1.0E-4
3568	1.0E-4
3569	1.0E-4
357	1.1054
3570	1.0E-4
3571	1.0E-4
3572	1.0E-4
3573	1.0E-4
3574	0.0
3575	0.0
3576	0.0
3577	0.0
3578	0.0
3579	0.0
358	0.2611
3580	0.0
3581	0.0
3582	0.0
3583	0.001
3584	0.6446
3585	0.7437
3586	0.9777
3587	0.7437
3588	0.0167
3589	0.0167
359	0.4024
3590	0.0223
3591	0.0298
3592	0.0298
3593	0.0298
3594	0.0374
3595	0.0374
3596	0.0374
3597	0.0238
3598	0.0374
3599	0.0374
36	2.7395
360	0.2611
3600	0.5409
3601	0.025
3602	0.1607
3603	0.0348
3604	0.0358
3605	0.1219
3606	0.1219
3607	0.0075
3608	0.0185
3609	0.0075
361	0.2611
3610	0.0185
3611	0.0113
3612	0.0113
3613	0.1011
3614	0.0185
3615	0.0622
3616	0.0813
3617	0.0152
3618	0.0152
3619	0.0152
362	1.0883
3620	0.0152
3621	0.0152
3622	0.0152
3623	0.0152
3624	0.0344
3625	0.0152
3626	0.0306
3627	0.0192
3628	0.0192
3629	0.0192
363	0.0088
3630	0.0192
3631	0.0192
3632	0.0192
3633	0.0192
3634	0.0244
3635	0.0244
3636	0.0244
3637	0.0386
3638	0.0087
3639	0.0087
364	0.0088
3640	0.0087
3641	0.0087
3642	0.0087
3643	2.1601
3644	2.1601
3645	2.0254
3646	2.0254
3647	2.0254
3648	2.0254
3649	0.0041
365	0.0158
3650	0.0041
3651	0.0041
3652	0.0041
3653	0.0041
3654	0.0041
3655	0.0041
3656	0.0041
3657	0.0041
3658	0.0041
3659	0.016
366	0.0088
3660	0.0077
3661	0.0077
3662	0.0077
3663	0.0077
3664	0.0669
3665	0.0
3666	0.0
3667	0.0
3668	0.0
3669	0.0
367	0.0088
3670	0.0
3671	0.0
3672	0.0
3673	0.0
3674	0.0
3675	0.0
3676	0.0
3677	0.0
3678	0.0
3679	0.0
368	0.0088
3680	0.0
3681	0.0
3682	0.0
3683	0.0
3684	0.0
3685	0.0
3686	0.0
3687	0.0
3688	0.0
3689	0.0
369	0.7778
3690	0.0
3691	0.0
3692	0.0
3693	0.0
3694	0.0
3695	0.0
3696	0.0
3697	0.0
3698	0.0
3699	0.0
37	13.0553
370	2.0E-4
3700	0.0
3701	0.0
3702	0.2221
3703	2.0E-4
3704	6.0E-4
3705	0.0024
3706	0.0013
3707	6.0E-4
3708	6.0E-4
3709	3.0E-4
371	5.0E-4
3710	3.0E-4
3711	6.0E-4
3712	3.0E-4
3713	5.0E-4
3714	5.0E-4
3715	5.0E-4
3716	2.0E-4
3717	2.0E-4
3718	2.0E-4
3719	2.0E-4
372	2.0E-4
3720	2.0E-4
3721	1.0E-4
3722	1.0E-4
3723	1.0E-4
3724	1.0E-4
3725	1.0E-4
3726	2.0E-4
3727	2.0E-4
3728	2.0E-4
3729	7.2591
373	2.0E-4
3730	1.0E-4
3731	1.0E-4
3732	1.0E-4
3733	0.0253
3734	0.1053
3735	0.0269
3736	0.0253
3737	0.0018
3738	0.0058
3739	0.0066
374	2.0E-4
3740	0.0144
3741	0.0038
3742	5.7443
3743	0.0018
3744	0.0018
3745	0.0018
3746	0.0018
3747	0.0018
3748	6.0E-4
3749	9.0E-4
375	2.0E-4
3750	6.0E-4
3751	0.0016
3752	0.0016
3753	0.0016
3754	0.0016
3755	0.0016
3756	0.0016
3757	0.0016
3758	0.0016
3759	0.0064
376	2.0E-4
3760	0.0064
3761	0.0064
3762	0.0317
3763	0.0317
3764	0.0317
3765	0.0317
3766	1.194
3767	1.194
3768	0.0027
3769	0.0027
377	2.0E-4
3770	0.0027
3771	0.0027
3772	0.0027
3773	1.4238
3774	1.4238
3775	1.4238
3776	1.4238
3777	0.0037
3778	0.0037
3779	0.0037
378	2.0E-4
3780	0.0037
3781	0.6542
3782	0.8639
3783	0.6542
3784	0.6542
3785	0.6542
3786	0.6542
3787	0.003
3788	0.0042
3789	0.7959
379	2.0E-4
3790	0.7959
3791	0.7959
3792	0.092
3793	0.092
3794	0.092
3795	0.092
3796	0.092
3797	0.092
3798	0.092
3799	0.092
38	12.0389
380	2.0E-4
3800	0.0
3801	0.0
3802	0.0
3803	0.0
3804	0.0
3805	0.0
3806	0.0
3807	0.0
3808	3.6371
3809	0.0
381	2.0E-4
3810	0.0
3811	0.0
3812	0.0
3813	0.0
3814	0.0
3815	0.0
3816	0.0
3817	0.0
3818	0.0
3819	0.0
382	0.0108
3820	0.0
3821	0.0
3822	0.0
3823	0.0
3824	0.0
3825	0.0
3826	0.0
3827	0.0
3828	0.0
3829	0.0
383	0.0108
3830	0.0
3831	0.0
3832	0.0
3833	0.0
3834	10.4242
3835	4.9892
3836	1.9496
3837	0.8354
3838	0.5123
3839	0.4173
384	0.0209
3840	0.3882
3841	0.3797
3842	0.377
3843	0.3762
3844	0.376
3845	0.3759
3846	0.3759
3847	0.3759
3848	0.3759
3849	0.3759
385	0.0209
3850	0.3759
3851	0.3759
3852	0.3759
3853	0.3759
3854	0.3759
3855	0.3759
3856	0.3759
3857	0.3759
3858	0.3759
3859	0.3759
386	0.0209
3860	0.3759
3861	0.3759
3862	0.3759
3863	0.3759
3864	0.3759
3865	0.3762
3866	0.3768
3867	0.3791
3868	0.3871
3869	0.4163
387	0.0458
3870	0.5299
3871	1.0155
3872	2.7585
3873	7.9549
3874	0.2186
3875	8.0589
3876	3.9256
3877	1.589
3878	0.7269
3879	0.4767
388	0.0123
3880	0.403
3881	0.3804
3882	0.3738
3883	0.3717
3884	0.3711
3885	0.3709
3886	0.3708
3887	0.3708
3888	0.3708
3889	0.3708
389	0.0249
3890	0.3708
3891	0.3708
3892	0.3708
3893	0.3708
3894	0.3708
3895	0.3708
3896	0.3709
3897	0.371
3898	0.3715
3899	0.3733
39	3.1019
390	4.0E-4
3900	0.3795
3901	0.4022
3902	0.4902
3903	0.8663
3904	2.2025
3905	6.1578
3906	0.2155
3907	2.5307
3908	1.4133
3909	0.7147
391	0.0053
3910	0.4424
3911	0.3645
3912	0.3481
3913	0.3691
3914	0.487
3915	0.8758
3916	1.9543
3917	0.1889
3918	5.6919
3919	2.8579
392	3.0E-4
3920	1.2241
3921	0.6142
3922	0.437
3923	0.3847
3924	0.3687
3925	0.3639
3926	0.3624
3927	0.362
3928	0.3618
3929	0.3618
393	3.0E-4
3930	0.3618
3931	0.362
3932	0.3623
3933	0.3636
3934	0.368
3935	0.3841
3936	0.4466
3937	0.7131
3938	1.6427
3939	4.359
394	3.0E-4
3940	0.2099
3941	8.847
3942	4.2803
3943	1.7095
3944	0.7633
3945	0.4888
3946	0.408
3947	0.3833
3948	0.376
3949	0.3737
395	3.0E-4
3950	0.373
3951	0.3728
3952	0.3728
3953	0.3727
3954	0.3727
3955	0.3727
3956	0.3727
3957	0.3727
3958	0.3727
3959	0.3727
396	4.0E-4
3960	0.3727
3961	0.3727
3962	0.3727
3963	0.3727
3964	0.3728
3965	0.3728
3966	0.373
3967	0.3736
3968	0.3755
3969	0.3823
397	3.0E-4
3970	0.4072
3971	0.5037
3972	0.9163
3973	2.3881
3974	6.7566
3975	0.2167
3976	4.3759
3977	2.261
3978	1.0174
3979	0.5478
398	3.0E-4
3980	0.4111
3981	0.3706
3982	0.3582
3983	0.3546
3984	0.3535
3985	0.3535
3986	0.3544
3987	0.3577
3988	0.3702
3989	0.4185
399	5.0E-4
3990	0.6241
3991	1.3281
3992	3.3585
3993	0.2045
3994	7.2699
3995	3.5701
3996	1.468
3997	0.6899
3998	0.464
3999	0.3975
4	0.0041
40	4.2158
400	3.0E-4
4000	0.3771
4001	0.3711
4002	0.3692
4003	0.3686
4004	0.3685
4005	0.3684
4006	0.3684
4007	0.3684
4008	0.3684
4009	0.3684
401	3.0E-4
4010	0.3684
4011	0.3684
4012	0.3684
4013	0.3686
4014	0.369
4015	0.3707
4016	0.3762
4017	0.3968
4018	0.4763
4019	0.8159
402	3.0E-4
4020	2.0164
4021	5.5581
4022	0.214
4023	13.8423
4024	6.5241
4025	2.468
4026	0.9894
4027	0.561
4028	0.4351
4029	0.3967
403	3.0E-4
4030	0.3853
4031	0.3818
4032	0.3808
4033	0.3804
4034	0.3803
4035	0.3803
4036	0.3803
4037	0.3803
4038	0.3803
4039	0.3803
404	4.0E-4
4040	0.3803
4041	0.3803
4042	0.3803
4043	0.3803
4044	0.3803
4045	0.3803
4046	0.3803
4047	0.3803
4048	0.3803
4049	0.3803
405	3.0E-4
4050	0.3803
4051	0.3803
4052	0.3803
4053	0.3803
4054	0.3803
4055	0.3803
4056	0.3803
4057	0.3803
4058	0.3803
4059	0.3803
406	4.0E-4
4060	0.3803
4061	0.3803
4062	0.3803
4063	0.3803
4064	0.3803
4065	0.3803
4066	0.3804
4067	0.3807
4068	0.3815
4069	0.3846
407	3.0E-4
4070	0.3951
4071	0.4339
4072	0.5843
4073	1.2281
4074	3.5595
4075	10.5514
4076	0.2213
4077	6.4811
4078	3.2144
4079	1.3464
408	3.0E-4
4080	0.6525
4081	0.4509
4082	0.3915
4083	0.3733
4084	0.3679
4085	0.3662
4086	0.3657
4087	0.3656
4088	0.3655
4089	0.3655
409	0.0134
4090	0.3655
4091	0.3655
4092	0.3655
4093	0.3656
4094	0.366
4095	0.3675
4096	0.3725
4097	0.3908
4098	0.4618
4099	0.7649
41	3.031
410	0.0134
4100	1.8299
4101	4.9587
4102	0.2122
4103	3.8492
4104	2.0209
4105	0.9332
4106	0.5197
4107	0.3992
4108	0.3636
4109	0.3527
411	0.0134
4110	0.3497
4111	0.3495
4112	0.3523
4113	0.3632
4114	0.4057
4115	0.5869
4116	1.2008
4117	2.9579
4118	0.2014
4119	0.0
412	0.0134
4120	0.0
4121	1.0E-4
4122	1.0E-4
4123	1.0E-4
4124	0.0
4125	0.0
4126	0.0
4127	0.0
4128	0.0
4129	0.0
413	0.0134
4130	0.0
4131	0.0
4132	0.0
4133	0.0
4134	0.0
4135	0.0
4136	0.0
4137	0.0
4138	0.0
4139	4.3643
414	0.0134
4140	2.2745
4141	1.0586
4142	0.602
4143	0.4707
4144	0.4323
4145	0.4208
4146	0.4176
4147	0.4175
4148	0.4204
4149	0.4323
415	0.0097
4150	0.4794
4151	0.6823
4152	1.3748
4153	3.3754
4154	0.0
4155	0.0
4156	0.0
4157	0.0
4158	0.0
4159	0.0
416	0.0569
4160	0.0
4161	0.0
4162	0.0
4163	0.0
4164	0.0
4165	0.0
4166	0.0
4167	0.0
4168	0.0
4169	0.0
417	2.0E-4
4170	0.0
4171	0.0
4172	0.0
4173	0.0
4174	0.0
4175	0.0
4176	0.0
4177	0.0
4178	0.0
4179	0.0
418	2.0E-4
4180	0.0
4181	0.0
4182	0.0
4183	0.0
4184	0.0
4185	0.0
4186	0.0
4187	0.0
4188	0.0
4189	0.0
419	2.0E-4
4190	0.0
4191	0.0
4192	0.0
4193	0.0
4194	0.0
4195	0.0
4196	0.0
4197	0.0
4198	0.0
4199	0.0
42	3.9149
420	2.0E-4
4200	0.0
4201	0.0
4202	0.0
4203	0.0
4204	0.0
4205	0.0
4206	0.0
4207	0.0
4208	0.0
4209	0.0
421	2.0E-4
4210	0.0
4211	0.0
4212	0.0
4213	0.0
4214	0.0
4215	0.0
4216	0.0
4217	0.0
4218	0.0
4219	0.0
422	2.0E-4
4220	0.0
4221	0.0
4222	0.0
4223	0.0
4224	0.0
4225	0.0
4226	0.0
4227	0.0
4228	0.0
4229	0.0
423	2.0E-4
4230	0.0
4231	0.0
4232	0.0
4233	0.0
4234	0.0
4235	0.0
4236	0.0
4237	0.0
4238	0.0
4239	0.0
424	2.0E-4
4240	0.0
4241	0.0
4242	0.0
4243	0.0
4244	0.0
4245	0.0
4246	0.0
4247	0.0
4248	0.0
4249	0.0
425	4.3047
4250	0.0
4251	0.0
4252	0.0
4253	0.0
4254	0.0
4255	0.0
4256	0.0
4257	0.0
4258	0.0
4259	0.0
426	0.1743
4260	0.0
4261	0.0
4262	0.0
4263	0.0
4264	0.0
4265	0.0
4266	0.0
4267	0.0
4268	0.0
4269	0.0
427	0.0833
4270	0.0
4271	0.0
4272	0.0
4273	0.0
4274	0.0
4275	0.0
4276	0.0
4277	0.0
4278	0.0
4279	0.0
428	0.0227
4280	0.0
4281	0.0
4282	0.0
4283	0.0
4284	0.0
4285	0.0
4286	0.0
4287	0.0
4288	0.0
4289	0.0
429	0.241
4290	0.0
4291	0.0
4292	0.0
4293	0.0
4294	0.0
4295	0.0
4296	0.0
4297	0.0
4298	0.0
4299	0.0
43	9.9121
430	0.4768
4300	0.0
4301	0.0
4302	0.0
4303	0.0
4304	0.0
4305	0.0
4306	0.0
4307	0.0
4308	0.0
4309	0.0
431	0.0091
4310	0.0
4311	0.0
4312	0.0
4313	0.0
4314	0.0
4315	0.0
4316	0.0
4317	0.0
4318	0.0
4319	0.0
432	4.0E-4
4320	0.0
4321	0.0
4322	0.0
4323	0.0
4324	0.0
4325	0.0
4326	0.0
4327	0.0
4328	0.0
4329	0.0
433	0.0087
4330	0.0
4331	0.0
4332	0.0
4333	0.0
4334	0.0
4335	0.0
4336	0.0
4337	0.0
4338	0.0
4339	0.0
434	0.0087
4340	0.0
4341	0.0
4342	0.0
4343	0.0
4344	0.0
4345	0.0
4346	0.0
4347	0.0
4348	0.0
4349	0.0
435	0.0083
4350	0.0
4351	0.0
4352	0.0
4353	0.0
4354	0.0
4355	0.0
4356	0.0
4357	0.0
4358	0.0
4359	0.0
436	0.0083
4360	0.0
4361	0.0
4362	0.0
4363	0.0
4364	0.0
4365	0.0
4366	0.0
4367	0.0
4368	0.0
4369	0.0
437	0.0083
4370	0.0
4371	0.0
4372	0.0
4373	0.0
4374	0.0
4375	0.0
4376	0.0
4377	0.0
4378	0.0
4379	0.0
438	0.0083
4380	0.0
4381	0.0
4382	0.0
4383	0.0
4384	0.0
4385	0.0
4386	0.0
4387	0.0
4388	0.0
4389	0.0
439	0.0083
4390	0.0
4391	0.0
4392	0.0
4393	0.0
4394	0.0
4395	0.0
4396	0.0
4397	0.0
4398	0.0
4399	0.0
44	2.5474
440	0.0083
4400	0.0
4401	0.0
4402	0.0
4403	0.0
4404	0.0
4405	0.0
4406	0.0
4407	0.0
4408	0.0
4409	0.0
441	0.0012
4410	0.0
4411	0.0
4412	0.0
4413	0.0
4414	0.0
4415	0.0
4416	0.0
4417	0.0
4418	0.0
4419	0.0
442	0.0014
4420	0.0
4421	0.0
4422	0.0
4423	0.0
4424	0.0
4425	0.0
4426	0.0
4427	0.0
4428	0.0
4429	0.0
443	0.0014
4430	0.0
4431	0.0
4432	0.0
4433	0.0
4434	0.0
4435	0.0
4436	1.0E-4
4437	1.0E-4
4438	0.0
4439	1.0E-4
444	0.0014
4440	1.0E-4
4441	1.0E-4
4442	1.0E-4
4443	0.0
4444	0.0
4445	0.0
4446	1.0E-4
4447	1.0E-4
4448	0.0
4449	0.0
445	0.0121
4450	0.0
4451	0.0
4452	0.0
4453	0.0
4454	0.0
4455	0.0
4456	0.0
4457	0.0
4458	3.6371
4459	0.0
446	0.0122
4460	0.0
4461	0.0
4462	0.0
4463	0.0
4464	0.0
4465	0.0
4466	0.0
4467	0.0
4468	0.0
4469	0.0
447	0.0121
4470	0.0
4471	0.0
4472	0.0
4473	0.0
4474	0.0
4475	0.0
4476	0.0
4477	0.0
4478	0.0
4479	0.0
448	0.021
4480	0.0
4481	0.0
4482	0.0
4483	0.0
4484	0.0677
4485	1.0154
4486	0.0
4487	0.0
4488	0.0
4489	0.0
449	0.0116
4490	0.0
4491	0.0
4492	0.0
4493	0.0
4494	0.0
4495	0.0
4496	0.0
4497	0.0
4498	0.0
4499	0.0
45	1.2486
450	0.0084
4500	0.0
4501	0.0
4502	0.0
4503	0.0
4504	0.0
4505	0.0
4506	0.0
4507	0.0
4508	0.0
4509	0.0
451	0.008
4510	0.0
4511	0.0
4512	0.0
4513	0.0
4514	0.0
4515	0.0
4516	0.0
4517	0.0
4518	0.0
4519	0.0
452	0.0066
4520	0.0
4521	0.0
4522	0.0
4523	0.0
4524	0.0
4525	0.0
4526	0.0
4527	0.0
4528	0.0
4529	0.0
453	0.0062
4530	0.0
4531	0.0
4532	0.0
4533	0.0
4534	0.0
4535	0.0
4536	0.0
4537	0.0
4538	0.0
4539	0.0
454	0.0062
4540	0.0
4541	0.0
4542	0.0
4543	0.0
4544	0.0
4545	0.0
4546	0.0
4547	0.0
4548	0.0
4549	0.0
455	0.0062
4550	0.0
4551	0.0
4552	0.0
4553	0.0
4554	0.0
4555	0.0
4556	0.0
4557	0.0
4558	0.0
4559	0.0
456	0.0062
4560	0.0
4561	0.0
4562	0.0
4563	0.0
4564	0.0
4565	0.0
4566	0.0
4567	0.0
4568	0.0
4569	0.0
457	0.0469
4570	0.0
4571	0.0
4572	0.0
4573	0.0
4574	0.0
4575	0.0
4576	0.0
4577	0.0
4578	0.0
4579	0.0
458	0.0469
4580	0.0
4581	0.0
4582	0.0
4583	0.0
4584	0.0
4585	0.0
4586	0.0
4587	0.0
4588	0.0
4589	0.0
459	0.0469
4590	0.0
4591	0.0
4592	0.0
4593	0.0
4594	0.0
4595	0.0
4596	0.0
4597	0.0
4598	0.0
4599	0.0
46	2.6498
460	0.0427
4600	0.0
4601	0.0
4602	0.0
4603	0.0
4604	0.0
4605	0.0
4606	0.0
4607	0.0
4608	0.0
4609	0.0
461	0.0469
4610	0.0
4611	0.0
4612	0.0
4613	0.0
4614	0.0
4615	0.0
4616	0.0
4617	0.0
4618	0.0
4619	0.0
462	0.0472
4620	0.0
4621	0.0
4622	0.0
4623	0.0
4624	0.0
4625	0.0
4626	0.0
4627	0.0
4628	0.0
4629	0.0
463	0.0472
4630	0.0
4631	0.0
4632	0.0
4633	0.0
4634	0.0
4635	0.0
4636	0.0
4637	0.0
4638	0.0
4639	0.0
464	0.0472
4640	0.0
4641	0.0
4642	0.0
4643	0.0
4644	0.0
4645	0.0
4646	0.0
4647	0.0
4648	0.0
4649	0.0
465	0.0469
4650	0.0
4651	0.0
4652	0.0
4653	0.0
4654	0.0
4655	0.0
4656	0.0
4657	0.0
4658	0.0
4659	0.0
466	0.0469
4660	0.0
4661	0.0
4662	0.0
4663	0.0
4664	0.0
4665	0.0
4666	0.0
4667	0.0
4668	0.0
4669	0.0
467	0.0514
4670	0.0
4671	0.0
4672	0.0
4673	0.0
4674	0.0
4675	0.0
4676	0.0
4677	0.0
4678	0.0
4679	0.0
468	0.0514
4680	0.0
4681	0.0
4682	0.0
4683	0.0
4684	0.0
4685	0.0
4686	0.0
4687	0.0
4688	0.0
4689	0.0
469	0.017
4690	0.0
4691	0.0
4692	0.0
4693	0.0
4694	0.0
4695	0.0
4696	0.0
4697	0.0
4698	0.0
4699	0.0
47	0.7004
470	0.017
4700	0.0
4701	0.0
4702	0.0
4703	0.0
4704	0.0
4705	0.0
4706	0.0
4707	0.0
4708	0.0
4709	0.0
471	0.017
4710	0.0
4711	0.0
4712	0.0
4713	0.0
4714	0.0
4715	0.0
4716	0.0
4717	0.0
4718	0.0
4719	0.0
472	0.017
4720	0.0
4721	0.0
4722	0.0
4723	0.0
4724	0.0
4725	0.0
4726	0.0
4727	0.0
4728	0.0
4729	0.0
473	0.0157
4730	0.0
4731	0.0
4732	0.0
4733	0.0
4734	0.0
4735	0.0
4736	0.0
4737	0.0
4738	0.0
4739	0.0
474	0.0047
4740	0.0
4741	0.0
4742	0.0
4743	0.0
4744	0.0
4745	0.0
4746	0.0
4747	0.0
4748	0.0
4749	0.0
475	0.0015
4750	0.0
4751	0.0
4752	0.0
4753	0.0
4754	0.0
4755	0.0
4756	0.0
4757	0.0
4758	0.0
4759	0.0
476	0.0015
4760	0.0
4761	0.0
4762	0.0
4763	0.0
4764	0.0
4765	0.0
4766	0.0
4767	0.0
4768	0.0
4769	0.0
477	0.0015
4770	0.0
4771	0.0
4772	0.0
4773	0.0
4774	0.1104
4775	0.099
4776	0.3998
4777	0.3998
4778	0.0698
4779	0.0698
478	0.0015
4780	0.0698
4781	0.0584
4782	0.0584
4783	0.0584
4784	0.063
4785	0.0748
4786	0.0748
4787	0.0772
4788	0.0772
4789	0.0584
479	0.0831
4790	0.0642
4791	0.0584
4792	0.0642
4793	0.0014
4794	0.0013
4795	0.0013
4796	0.0013
4797	0.0013
4798	0.0013
4799	0.0045
48	1.6249
480	0.1166
4800	0.0013
4801	0.0027
4802	0.0046
4803	0.0046
4804	0.0046
4805	0.0402
4806	1.0109
4807	0.0201
4808	0.0201
4809	0.0402
481	0.0828
4810	2.7693
4811	0.0268
4812	0.1168
4813	0.0037
4814	0.0043
4815	0.1959
4816	0.0109
4817	0.0109
4818	0.0109
4819	1.2363
482	0.0046
4820	0.0109
4821	0.0028
4822	0.0028
4823	0.0028
4824	0.0028
4825	0.0028
4826	0.0028
4827	0.0028
4828	0.014
4829	0.014
483	0.0045
4830	0.006
4831	0.004
4832	0.004
4833	0.0168
4834	0.0168
4835	0.0168
4836	0.0168
4837	0.0168
4838	0.0198
4839	0.0034
484	0.0045
4840	0.0138
4841	0.0138
4842	0.0138
4843	0.0047
4844	0.0118
4845	0.0024
4846	0.0024
4847	0.0024
4848	0.3587
4849	0.3587
485	0.0039
4850	0.3587
4851	0.2693
4852	0.2693
4853	0.2693
4854	0.0051
4855	0.0051
4856	0.0051
4857	0.0442
4858	0.0442
4859	0.0442
486	0.0036
4860	0.1327
4861	0.1327
4862	0.0668
4863	3.0E-4
4864	3.0E-4
4865	7.0E-4
4866	3.0E-4
4867	7.0E-4
4868	5.0E-4
4869	7.0E-4
487	0.0036
4870	7.0E-4
4871	0.0
4872	0.0
4873	0.0
4874	0.0
4875	0.0
4876	0.0
4877	0.0
4878	0.0
4879	0.0
488	0.0036
4880	0.0
4881	0.0
4882	0.0
4883	0.0
4884	0.0
4885	0.0
4886	0.0
4887	0.0
4888	0.0
4889	0.0
489	0.0036
4890	0.0
4891	0.0
4892	0.0
4893	0.0
4894	0.0
4895	0.0
4896	0.0
4897	0.0
4898	0.0
4899	0.0
49	0.7
490	0.0036
4900	0.0
4901	0.0
4902	0.0
4903	0.0
4904	0.0
4905	0.0
4906	0.0
4907	0.0
4908	0.0
4909	0.0
491	0.0036
4910	0.0
4911	0.0
4912	0.0
4913	0.0
4914	0.0
4915	0.0
4916	0.0
4917	0.0
4918	0.0
4919	0.0
492	0.0056
4920	0.0
4921	0.0
4922	0.0
4923	0.0
4924	0.0
4925	0.0
4926	0.0
4927	0.0
4928	0.0
4929	1.0E-4
493	0.0036
4930	0.1691
4931	0.1691
4932	0.1691
4933	0.1691
4934	0.1691
4935	0.1691
4936	0.1691
4937	0.0038
4938	0.0038
4939	0.0038
494	2.0E-4
4940	0.0038
4941	0.0038
4942	0.0038
4943	0.0038
4944	0.0038
4945	0.0038
4946	0.0038
4947	0.0038
4948	0.0038
4949	0.0038
495	2.0E-4
4950	0.0038
4951	0.0038
4952	0.0038
4953	0.0038
4954	0.0038
4955	0.0038
4956	0.0038
4957	0.0038
4958	0.0038
4959	0.0038
496	5.0E-4
4960	0.0038
4961	0.0038
4962	0.0038
4963	0.0054
4964	0.0038
4965	0.0038
4966	0.0038
4967	0.0038
4968	0.0038
4969	0.0038
497	2.0E-4
4970	0.0038
4971	0.0038
4972	3.0E-4
4973	3.0E-4
4974	3.0E-4
4975	3.0E-4
4976	3.0E-4
4977	3.0E-4
4978	3.0E-4
4979	3.0E-4
498	0.0031
4980	3.0E-4
4981	3.0E-4
4982	3.0E-4
4983	3.0E-4
4984	3.0E-4
4985	3.0E-4
4986	3.0E-4
4987	3.0E-4
4988	3.0E-4
4989	3.0E-4
499	0.0012
4990	3.0E-4
4991	3.0E-4
4992	3.0E-4
4993	3.0E-4
4994	3.0E-4
4995	3.0E-4
4996	3.0E-4
4997	3.0E-4
4998	3.0E-4
4999	3.0E-4
5	0.0041
50	0.7
500	0.1906
5000	3.0E-4
5001	0.0024
5002	0.0024
5003	0.0024
5004	0.0024
5005	0.0024
5006	0.0024
5007	0.0024
5008	0.338
5009	0.338
501	0.1854
5010	0.338
5011	0.338
5012	0.338
5013	5.0E-4
5014	5.0E-4
5015	5.0E-4
5016	5.0E-4
5017	5.0E-4
5018	5.0E-4
5019	5.0E-4
502	0.1823
5020	5.0E-4
5021	5.0E-4
5022	5.0E-4
5023	5.0E-4
5024	5.0E-4
5025	5.0E-4
5026	5.0E-4
5027	5.0E-4
5028	5.0E-4
5029	5.0E-4
503	0.0737
5030	5.0E-4
5031	5.0E-4
5032	5.0E-4
5033	3.0E-4
5034	3.0E-4
5035	0.6099
5036	0.0
5037	0.0
5038	0.0
5039	0.0
504	0.0737
5040	0.0
5041	0.0
5042	0.0
5043	0.0
5044	0.0
5045	0.0
5046	0.0
5047	0.0
5048	0.0
5049	0.0
505	0.2111
5050	0.0
5051	4.3643
5052	2.2745
5053	1.0586
5054	0.602
5055	0.4707
5056	0.4323
5057	0.4208
5058	0.4176
5059	0.4175
506	0.0051
5060	0.4204
5061	0.4324
5062	0.4794
5063	0.6823
5064	1.3748
5065	3.3754
5066	0.0
5067	0.0
5068	0.0
5069	0.0
507	0.0051
5070	0.0
5071	0.0
5072	7.7425
5073	5.473
5074	2.3616
5075	0.8155
5076	0.3386
5077	0.1908
5078	0.1461
5079	0.132
508	0.0051
5080	0.1279
5081	0.1266
5082	0.1262
5083	0.1261
5084	0.1261
5085	0.126
5086	0.126
5087	0.126
5088	0.126
5089	0.126
509	0.0051
5090	0.126
5091	0.126
5092	0.126
5093	0.126
5094	0.126
5095	0.126
5096	0.126
5097	0.126
5098	0.126
5099	0.126
510	0.0051
5100	0.1261
5101	0.1261
5102	0.1262
5103	0.1264
5104	0.1275
5105	0.1308
5106	0.142
5107	0.1772
5108	0.288
5109	0.6178
511	0.0051
5110	1.5007
5111	2.3703
5112	5.9695
5113	4.2471
5114	1.8532
5115	0.6583
5116	0.2893
5117	0.1748
5118	0.1401
5119	0.1292
512	0.0051
5120	0.126
5121	0.1249
5122	0.1247
5123	0.1246
5124	0.1246
5125	0.1245
5126	0.1245
5127	0.1245
5128	0.1245
5129	0.1245
513	0.0051
5130	0.1245
5131	0.1245
5132	0.1246
5133	0.1246
5134	0.1249
5135	0.1257
5136	0.1283
5137	0.1369
5138	0.1642
5139	0.2499
514	0.0051
5140	0.5047
5141	1.1852
5142	1.8422
5143	1.8327
5144	1.3774
5145	0.6564
5146	0.2828
5147	0.1686
5148	0.1407
5149	0.1566
515	0.0051
5150	0.2327
5151	0.4397
5152	0.6049
5153	4.1962
5154	3.0197
5155	1.3433
5156	0.4999
5157	0.2387
5158	0.1577
5159	0.1329
516	0.0051
5160	0.1252
5161	0.1229
5162	0.1222
5163	0.122
5164	0.1219
5165	0.122
5166	0.1221
5167	0.1227
5168	0.1245
5169	0.1307
517	0.0051
5170	0.15
5171	0.2107
5172	0.3904
5173	0.8684
5174	1.3133
5175	6.5602
5176	4.6556
5177	2.0227
5178	0.7108
5179	0.3058
518	0.0051
5180	0.1803
5181	0.1422
5182	0.1302
5183	0.1267
5184	0.1256
5185	0.1253
5186	0.1251
5187	0.1251
5188	0.1251
5189	0.1251
519	0.086
5190	0.1251
5191	0.1251
5192	0.1251
5193	0.1251
5194	0.1251
5195	0.1251
5196	0.1251
5197	0.1251
5198	0.1251
5199	0.1253
52	11.2963
520	0.086
5200	0.1255
5201	0.1264
5202	0.1292
5203	0.1387
5204	0.1686
5205	0.2627
5206	0.5425
5207	1.2904
5208	2.0182
5209	3.211
521	0.0627
5210	2.3367
5211	1.0587
5212	0.4106
5213	0.2095
5214	0.1469
5215	0.1278
5216	0.1219
5217	0.1202
5218	0.1201
5219	0.1214
522	0.0659
5220	0.1261
5221	0.141
5222	0.1877
5223	0.3257
5224	0.6913
5225	1.0189
5226	5.3783
5227	3.838
5228	1.6833
5229	0.6057
523	0.2021
5230	0.2726
5231	0.1692
5232	0.1379
5233	0.128
5234	0.1251
5235	0.1242
5236	0.1239
5237	0.1239
5238	0.1239
5239	0.1239
524	0.0659
5240	0.1239
5241	0.1238
5242	0.1238
5243	0.1238
5244	0.1239
5245	0.1241
5246	0.1249
5247	0.1272
5248	0.135
5249	0.1596
525	0.0659
5250	0.237
5251	0.4668
5252	1.0798
5253	1.666
5254	10.3062
5255	7.2446
5256	3.0956
5257	1.0418
5258	0.409
5259	0.2131
526	2.0791
5260	0.1538
5261	0.1353
5262	0.1298
5263	0.128
5264	0.1276
5265	0.1274
5266	0.1274
5267	0.1274
5268	0.1274
5269	0.1274
527	0.0514
5270	0.1274
5271	0.1274
5272	0.1274
5273	0.1274
5274	0.1274
5275	0.1274
5276	0.1274
5277	0.1274
5278	0.1274
5279	0.1274
528	0.0498
5280	0.1274
5281	0.1274
5282	0.1274
5283	0.1274
5284	0.1274
5285	0.1274
5286	0.1274
5287	0.1274
5288	0.1274
5289	0.1274
529	0.0465
5290	0.1274
5291	0.1274
5292	0.1274
5293	0.1274
5294	0.1274
5295	0.1274
5296	0.1274
5297	0.1275
5298	0.1279
5299	0.1293
53	0.2176
530	0.0465
5300	0.1337
5301	0.1484
5302	0.1951
5303	0.3421
5304	0.7803
5305	1.9558
5306	3.1331
5307	4.7873
5308	3.429
5309	1.5134
531	3.0E-4
5310	0.5529
5311	0.2558
5312	0.1636
5313	0.1355
5314	0.1268
5315	0.1241
5316	0.1233
5317	0.1231
5318	0.123
5319	0.123
532	0.0018
5320	0.123
5321	0.123
5322	0.1231
5323	0.1232
5324	0.1239
5325	0.126
5326	0.1329
5327	0.155
5328	0.224
5329	0.4287
533	3.0E-4
5330	0.9742
5331	1.4897
5332	2.8171
5333	2.0633
5334	0.9444
5335	0.3744
5336	0.1974
5337	0.1422
5338	0.1255
5339	0.1206
534	3.0E-4
5340	0.1203
5341	0.124
5342	0.137
5343	0.178
5344	0.2994
5345	0.62
5346	0.9009
5347	3.1524
5348	2.2918
5349	1.0453
535	3.0E-4
5350	0.4174
5351	0.2242
5352	0.1647
5353	0.1468
5354	0.1416
5355	0.1413
5356	0.1453
5357	0.1595
5358	0.2047
5359	0.3397
536	1.303
5360	0.6995
5361	1.0186
5362	0.0
5363	0.0
5364	0.0
5365	0.0
5366	0.0
5367	0.0
5368	0.0
5369	0.0
537	1.303
5370	0.0
5371	0.0
5372	0.0
5373	0.0
5374	0.0
5375	0.0
5376	0.0
5377	0.0
5378	0.0
5379	0.0
538	1.303
5380	0.0
5381	0.0
5382	0.0
5383	0.0
5384	0.0
5385	0.0
5386	0.0
5387	0.0
5388	0.0
5389	0.0
539	1.3314
5390	0.0
5391	0.0
5392	0.0
5393	0.0
5394	0.0
5395	0.0
5396	0.0
5397	4.3643
5398	2.2745
5399	1.0586
54	0.2087
540	1.303
5400	0.602
5401	0.4707
5402	0.4323
5403	0.4208
5404	0.4176
5405	0.4175
5406	0.4204
5407	0.4323
5408	0.4794
5409	0.6823
541	1.3314
5410	1.3748
5411	3.3754
5412	0.0
5413	0.0
5414	0.0
5415	0.0
5416	0.0
5417	0.0
5418	0.0443
5419	0.0443
542	1.303
5420	0.0443
5421	0.0
5422	0.0537
5423	0.0537
5424	0.025
5425	0.025
5426	0.007
5427	0.007
5428	0.007
5429	3.0E-4
543	1.3027
5430	3.0E-4
5431	3.0E-4
5432	3.0E-4
5433	3.0E-4
5434	3.0E-4
5435	0.0083
5436	7.0E-4
5437	7.0E-4
5438	0.0014
5439	3.0E-4
544	1.303
5440	3.0E-4
5441	3.0E-4
5442	0.0018
5443	0.0018
5444	5.0E-4
5445	5.0E-4
5446	5.0E-4
5447	0.0216
5448	0.0216
5449	0.9892
545	1.3444
5450	0.9892
5451	0.9892
5452	0.9892
5453	1.1604
5454	1.0404
5455	1.0199
5456	4.6715
5457	0.6676
5458	0.6676
5459	0.0289
546	1.303
5460	0.0114
5461	0.0114
5462	0.0114
5463	0.0114
5464	0.002
5465	0.002
5466	0.0015
5467	0.0015
5468	1.1302
5469	0.0117
547	0.1036
5470	1.1877
5471	0.0117
5472	4.0E-4
5473	4.0E-4
5474	4.0E-4
5475	4.0E-4
5476	4.0E-4
5477	4.0E-4
5478	4.0E-4
5479	4.0E-4
548	0.0626
5480	0.001
5481	0.001
5482	0.001
5483	0.039
5484	0.015
5485	0.0033
5486	0.0011
5487	0.0011
5488	0.0011
5489	0.0011
549	0.0089
5490	0.0027
5491	0.0027
5492	0.0027
5493	0.0027
5494	0.003
5495	0.0027
5496	0.0027
5497	0.0065
5498	0.0037
5499	0.0037
55	0.2072
550	0.1362
5500	0.0037
5501	0.0037
5502	0.0055
5503	0.0086
5504	0.0086
5505	0.0086
5506	0.0443
5507	0.0443
5508	0.0443
5509	4.0E-4
551	0.1443
5510	2.0E-4
5511	2.0E-4
5512	3.0E-4
5513	0.0
5514	0.0
5515	0.0
5516	0.0
5517	0.0
5518	0.0
5519	0.0
552	0.1362
5520	0.0
5521	0.0
5522	0.0
5523	3.1524
5524	2.2917
5525	1.0453
5526	0.4174
5527	0.2242
5528	0.1647
5529	0.1468
553	0.1431
5530	0.1416
5531	0.1413
5532	0.1453
5533	0.1595
5534	0.2047
5535	0.3397
5536	0.6995
5537	1.0186
5538	0.0
5539	0.0
554	0.1526
5540	0.0
5541	0.0
5542	0.0
5543	0.0
5544	0.0
5545	0.0
5546	0.0
5547	0.0
5548	0.0
5549	0.0
555	0.1532
5550	0.0
5551	0.0
5552	0.0
5553	0.0
5554	0.0
5555	0.0
5556	0.0
5557	0.0
5558	0.0
5559	0.0
556	0.1532
5560	0.0
5561	0.0
5562	0.0
5563	0.0
5564	0.0
5565	0.0
5566	0.0
5567	0.0
5568	0.0
5569	0.0
557	0.3095
5570	0.0
5571	0.0
5572	0.0
5573	0.0
5574	0.0
5575	0.0
5576	0.0
5577	0.0
5578	0.0
5579	0.0
558	0.0988
5580	0.0
5581	0.0
5582	0.0
5583	0.0
5584	0.0
5585	0.0
5586	0.0
5587	0.0
5588	0.0
5589	0.0
559	0.0988
5590	0.0
5591	0.0
5592	0.0
5593	0.0
5594	0.0
5595	0.0
5596	0.0
5597	0.0
5598	0.0
5599	0.0
56	0.1916
560	0.0988
5600	0.0
5601	0.0
5602	0.0
5603	0.0
5604	0.0
5605	0.0
5606	0.0
5607	0.0
5608	0.0
5609	0.0
561	0.0939
5610	0.0
5611	0.0
5612	0.0
5613	0.0
5614	0.0
5615	0.0
5616	0.0
5617	0.0
5618	0.0
5619	0.0
562	0.0939
5620	0.0
5621	0.0
5622	0.0
5623	0.0
5624	0.0
5625	0.0
5626	0.0
5627	0.0
5628	0.0
5629	0.0
563	0.0939
5630	0.0
5631	0.0
5632	0.0
5633	0.0
5634	0.0
5635	0.0
5636	0.0
5637	0.0
5638	0.0
5639	0.0
564	0.0939
5640	0.0
5641	0.0
5642	0.0
5643	0.0
5644	0.0
5645	0.0
5646	0.0
5647	0.0
5648	0.0
5649	0.0
565	0.099
5650	0.0
5651	0.0
5652	0.0
5653	0.0
5654	0.0
5655	0.0
5656	0.0
5657	0.0
5658	0.0
5659	0.0
566	9.0E-4
5660	0.0
5661	0.0
5662	0.0
5663	0.0
5664	0.0
5665	0.0
5666	0.0
5667	0.0
5668	0.0
5669	0.0
567	9.0E-4
5670	0.0
5671	0.0
5672	0.0
5673	0.0
5674	0.0
5675	0.0
5676	0.0
5677	0.0
5678	0.0
5679	0.0
568	9.0E-4
5680	0.0
5681	0.0
5682	0.0
5683	0.0
5684	0.0
5685	0.0
5686	0.0
5687	0.0
5688	0.0
5689	0.0
569	0.0019
5690	0.0
5691	0.0
5692	0.0
5693	0.0
5694	0.0
5695	0.0
5696	0.0
5697	0.0
5698	0.0
5699	0.0
57	0.186
570	9.0E-4
5700	0.0
5701	0.0
5702	0.0
5703	0.0
5704	0.0
5705	0.0
5706	0.0
5707	0.0
5708	0.0
5709	0.0
571	9.0E-4
5710	0.0
5711	0.0
5712	0.0
5713	0.0
5714	0.0
5715	0.0
5716	0.0
5717	0.0
5718	0.0
5719	0.0
572	9.0E-4
5720	0.0
5721	0.0
5722	0.0
5723	0.0
5724	0.0
5725	0.0
5726	0.0
5727	0.0
5728	0.0
5729	0.0
573	9.0E-4
5730	0.0
5731	0.0
5732	0.0
5733	0.0
5734	0.0
5735	0.0
5736	0.0
5737	0.0
5738	0.0
5739	0.0
574	9.0E-4
5740	0.0
5741	0.0
5742	0.0
5743	0.0
5744	0.0
5745	0.0
5746	0.0
5747	0.0
5748	0.0
5749	0.0
575	9.0E-4
5750	0.0
5751	0.0
5752	0.0
5753	0.0
5754	0.0
5755	0.0
5756	0.0
5757	0.0
5758	0.0
5759	0.0
576	9.0E-4
5760	0.0
5761	0.0
5762	0.0
5763	0.0
5764	0.0
5765	0.0
5766	0.0
5767	0.0
5768	0.0
5769	0.0
577	9.0E-4
5770	0.0
5771	0.0
5772	0.0
5773	0.0
5774	0.0
5775	0.0
5776	0.0
5777	0.0
5778	0.0
5779	0.0
578	0.9691
5780	0.0
5781	0.0
5782	0.0
5783	0.0
5784	0.0
5785	3.1524
5786	2.2918
5787	1.0453
5788	0.4174
5789	0.2242
579	0.1356
5790	0.1647
5791	0.1468
5792	0.1416
5793	0.1413
5794	0.1453
5795	0.1595
5796	0.2047
5797	0.3397
5798	0.6995
5799	1.0186
58	0.2077
580	0.1356
5800	0.0
5801	0.0
5802	0.0
5803	0.0
5804	0.0
5805	0.0
5806	0.0
5807	0.0
5808	0.0
5809	0.0
581	0.1429
5810	0.0
5811	0.0
5812	0.0
5813	0.0
5814	0.0
5815	0.009
5816	0.009
5817	0.0
5818	0.0015
5819	8.0E-4
582	0.001
5820	0.6024
5821	0.6024
5822	0.12
5823	1.5365
5824	0.1237
5825	0.6845
5826	0.6302
5827	0.6302
5828	0.9663
5829	0.6302
583	0.001
5830	0.6302
5831	0.6302
5832	0.6948
5833	0.6948
5834	0.031
5835	0.1704
5836	0.1704
5837	0.1704
5838	0.1704
5839	0.1704
584	8.0E-4
5840	0.1704
5841	0.1704
5842	0.0217
5843	0.0217
5844	0.0018
5845	3.0E-4
5846	3.0E-4
5847	3.0E-4
5848	3.0E-4
5849	3.0E-4
585	0.001
5850	3.0E-4
5851	3.0E-4
5852	3.0E-4
5853	3.0E-4
5854	3.0E-4
5855	3.0E-4
5856	3.0E-4
5857	3.0E-4
5858	3.0E-4
5859	3.0E-4
586	0.001
5860	3.0E-4
5861	3.0E-4
5862	3.0E-4
5863	3.0E-4
5864	3.0E-4
5865	3.0E-4
5866	3.0E-4
5867	0.0058
5868	0.0018
5869	0.0018
587	0.001
5870	0.0018
5871	0.0018
5872	0.0018
5873	0.0018
5874	0.0018
5875	0.0039
5876	0.0018
5877	1.0635
5878	0.0018
5879	0.0018
588	8.0E-4
5880	0.0018
5881	0.0018
5882	0.0018
5883	0.0018
5884	0.0018
5885	0.0018
5886	0.0018
5887	0.0018
5888	0.0018
5889	0.0018
589	0.0012
5890	0.0018
5891	0.0018
5892	0.0
5893	0.0
5894	0.0
5895	0.0
5896	0.0
5897	0.0
5898	0.0
5899	0.0
59	0.206
590	0.0012
5900	0.0
5901	0.0
5902	0.0
5903	0.0
5904	0.0
5905	0.0
5906	0.0
5907	0.0
5908	0.0
5909	0.0
591	0.0012
5910	0.0
5911	0.0
5912	0.0
5913	0.0
5914	0.0
5915	0.0
5916	0.0
5917	0.0
5918	0.0
5919	0.0
592	0.0012
5920	0.0016
5921	5.0E-4
5922	0.0782
5923	0.0782
5924	0.0782
5925	0.0782
5926	0.0782
5927	0.0782
5928	0.0782
5929	0.0782
593	4.5113
5930	1.4342
5931	1.4342
5932	1.4342
5933	1.4342
5934	1.4342
5935	1.4342
5936	0.0679
5937	0.0642
5938	0.3523
5939	0.0334
594	0.0013
5940	0.0
5941	0.0
5942	0.0
5943	0.0
5944	0.0
5945	0.0
5946	0.0
5947	0.0
5948	0.0
5949	0.0
595	9.0E-4
5950	0.0
5951	0.0061
5952	2.0E-4
5953	4.0E-4
5954	4.0E-4
5955	0.2173
5956	1.0443
5957	4.0E-4
5958	0.0
5959	0.0
596	9.0E-4
5960	0.0
5961	0.0
5962	0.0
5963	0.0
5964	0.0
5965	0.0
5966	0.0
5967	0.0
5968	0.0
5969	0.0
597	9.0E-4
5970	0.0
5971	0.0
5972	0.0
5973	0.0
5974	0.0017
5975	0.0101
5976	0.039
5977	0.039
5978	0.0037
5979	0.0037
598	0.02
5980	0.0037
5981	0.0037
5982	0.0037
5983	0.0037
5984	0.0037
5985	0.0037
5986	0.0037
5987	0.0037
5988	0.0037
5989	0.0037
599	0.01
5990	0.0037
5991	0.0037
5992	0.0358
5993	0.0
5994	0.0
5995	0.0
5996	2.0E-4
5997	2.0E-4
5998	2.0E-4
5999	2.0E-4
6	0.0041
60	0.1919
600	7.0E-4
6000	2.0E-4
6001	7.0E-4
6002	7.0E-4
6003	7.0E-4
6004	0.219
6005	0.2486
6006	0.0
6007	0.0
6008	0.0
6009	0.0
601	7.0E-4
6010	0.0
6011	0.0
6012	0.0934
602	7.0E-4
603	7.0E-4
604	7.0E-4
605	7.0E-4
606	7.0E-4
607	7.0E-4
608	7.0E-4
609	7.0E-4
61	11.8721
610	7.0E-4
611	0.0112
612	0.0155
613	0.0124
614	0.1099
615	0.0098
616	0.01
617	0.0136
618	0.0136
619	0.0136
62	0.0355
620	0.0176
621	0.0352
622	0.0096
623	0.0095
624	0.0093
625	0.0385
626	0.0385
627	0.0084
628	0.0011
629	0.0011
63	0.1777
630	0.0328
631	0.0049
632	0.0
633	0.0
634	0.0
635	0.0
636	0.0
637	0.0
638	0.0
639	0.0
64	0.1289
640	0.0
641	0.0
642	0.0
643	0.0
644	0.0
645	0.0
646	0.0
647	0.0
648	0.0047
649	0.0047
65	0.1447
650	0.0047
651	0.0047
652	0.0047
653	0.0047
654	0.0047
655	0.0047
656	0.0047
657	0.0047
658	0.0
659	0.0
66	0.1293
660	0.0
661	0.0
662	0.0
663	0.0
664	0.0
665	0.0
666	0.0
667	0.0062
668	0.0038
669	0.0178
67	0.1257
670	0.0176
671	0.0155
672	0.0155
673	0.0157
674	0.0174
675	0.0142
676	0.0142
677	0.0143
678	0.016
679	0.0
68	0.1788
680	0.0
681	0.0
682	0.0
683	0.0
684	0.0
685	0.0
686	0.0143
687	0.0158
688	0.0158
689	0.0158
69	0.1873
690	0.0
691	0.0
692	0.0
693	0.0
694	0.0
695	0.0
696	0.0
697	0.0
698	0.0
699	0.0
7	0.0267
70	0.1372
700	0.0
701	0.0
702	0.0
703	0.0
704	0.0
705	0.0
706	0.0
707	0.0
708	0.0
709	0.0125
71	0.2013
710	3.0E-4
711	2.0E-4
712	3.0E-4
713	2.0E-4
714	2.0E-4
715	2.0E-4
716	2.0E-4
717	2.0E-4
718	2.0E-4
719	2.0E-4
72	0.2844
720	2.0E-4
721	2.0E-4
722	7.0E-4
723	2.0E-4
724	7.0E-4
725	2.0E-4
726	2.0E-4
727	2.0E-4
728	2.0E-4
729	2.0E-4
73	4.6514
730	2.0E-4
731	2.0E-4
732	2.0E-4
733	2.0E-4
734	2.0E-4
735	2.0E-4
736	2.0E-4
737	2.0E-4
738	2.0E-4
739	2.0E-4
74	1.628
740	2.0E-4
741	2.0E-4
742	2.0E-4
743	2.0E-4
744	2.0E-4
745	3.0E-4
746	2.0E-4
747	2.0E-4
748	2.0E-4
749	2.0E-4
75	0.8656
750	2.0E-4
751	0.021
752	2.0E-4
753	2.0E-4
754	2.0E-4
755	0.0111
756	0.0111
757	0.0111
758	0.0111
759	0.0111
76	0.9955
760	0.0111
761	0.0111
762	0.0111
763	0.0057
764	0.0056
765	0.0057
766	0.0062
767	0.006
768	0.0044
769	0.0057
77	0.2869
770	0.0057
771	0.0
772	0.0054
773	0.0054
774	0.0051
775	0.0054
776	0.0054
777	0.0051
778	0.0036
779	0.0036
78	1.0002
780	0.0054
781	0.0054
782	2.0E-4
783	0.0043
784	0.0054
785	0.0054
786	0.0054
787	0.0054
788	0.005
789	0.005
79	0.6747
790	0.005
791	0.0054
792	0.0054
793	0.0054
794	0.0054
795	0.0054
796	0.0051
797	0.005
798	0.005
799	0.005
8	0.0051
80	4.0043
800	0.0043
801	0.0269
802	0.0406
803	0.0389
804	0.0362
805	0.0362
806	0.0362
807	0.0362
808	0.0429
809	0.0429
81	5.741
810	0.0364
811	0.0365
812	0.0364
813	0.0364
814	0.0364
815	0.0364
816	0.038
817	0.0367
818	0.0465
819	0.0463
82	2.3229
820	0.0463
821	0.0463
822	3.5344
823	0.6833
824	0.0682
825	0.0523
826	0.1382
827	0.1228
828	3.7943
829	0.0237
83	1.6942
830	0.0344
831	0.0121
832	0.0121
833	0.0121
834	0.0121
835	0.0121
836	8.0E-4
837	0.0415
838	0.0246
839	0.0336
84	2.1114
840	0.0435
841	0.0261
842	0.0327
843	0.0203
844	0.0203
845	0.0203
846	0.0203
847	0.0203
848	0.0203
849	0.0203
85	0.0185
850	0.0203
851	0.0203
852	0.0203
853	0.0203
854	0.0203
855	0.0203
856	0.0203
857	0.0203
858	0.0203
859	0.0203
86	0.0132
860	0.0203
861	0.0203
862	0.0203
863	0.0203
864	0.0203
865	0.0203
866	0.0203
867	0.0203
868	0.0203
869	0.0345
87	0.0173
870	0.0067
871	0.0067
872	0.0093
873	0.0155
874	0.0142
875	0.0024
876	0.0069
877	0.0068
878	0.0068
879	0.0058
88	0.0185
880	0.0563
881	0.0054
882	0.0054
883	0.0054
884	0.0054
885	0.0054
886	0.0054
887	0.0086
888	0.0054
889	3.0E-4
89	0.0137
890	3.0E-4
891	3.0E-4
892	0.2894
893	0.4468
894	0.2894
895	0.2894
896	3.0E-4
897	3.0E-4
898	3.0E-4
899	3.0E-4
9	0.0041
90	0.0193
900	0.0
901	0.0
902	0.0
903	0.0
904	0.0
905	0.0
906	0.0
907	0.0
908	0.0
909	0.0
91	0.0193
910	0.0
911	0.0
912	0.0
913	0.0
914	0.0
915	0.0
916	0.0
917	0.0
918	0.0032
919	0.0
92	0.0288
920	0.0032
921	0.0
922	0.0
923	2.0E-4
924	0.0
925	0.0
926	0.0
927	0.0
928	0.0
929	0.0
93	0.0144
930	0.0
931	1.0E-4
932	0.0
933	0.0
934	0.0
935	1.0E-4
936	1.0E-4
937	1.0E-4
938	2.0E-4
939	1.0E-4
94	2.0E-4
940	1.0E-4
941	1.0E-4
942	1.0E-4
943	0.0644
944	0.0644
945	0.0156
946	0.0157
947	0.0056
948	0.0056
949	0.0053
95	2.0E-4
950	0.0056
951	0.0056
952	0.0056
953	0.0063
954	0.0063
955	0.0063
956	0.0064
957	0.0115
958	0.0076
959	0.0076
96	2.0E-4
960	0.0075
961	0.0076
962	0.0076
963	0.0081
964	0.0075
965	0.0075
966	0.0075
967	0.0075
968	0.0101
969	0.0101
97	2.0E-4
970	0.1283
971	0.0075
972	0.0084
973	0.0085
974	0.0084
975	0.0084
976	0.0084
977	0.0084
978	0.0084
979	0.0149
98	2.0E-4
980	0.0068
981	0.0861
982	0.0072
983	0.0072
984	0.0072
985	0.0075
986	0.0072
987	0.006
988	0.006
989	0.0053
99	2.0E-4
990	0.008
991	0.0215
992	0.0119
993	0.055
994	0.008
995	0.5539
996	0.0062
997	0.0062
998	0.0079
999	0.0078
